Date	Price Open	Price Low	Price High	Price Close	Volume
1999-12-30	0.88245458	0.75355672	0.88245458	0.75355672	
					0
2000-01-05	0.75355672	0.7436415	0.75355672	0.7436415	70598
2000-01-06	0.7436415	0.6940654	0.7436415	0.6940654	312650
2000-01-07	0.6940654	0.6940654	0.6940654	0.6940654	40342
2000-01-07	0.6940654	0.6940654	0.6940654	0.6940654	
					0
					0
					0
2000-01-13	0.6940654	0.65440452	0.6940654	0.65440452	433676
2000-01-14	0.67423496	0.63457408	0.67423496	0.6444893	327778
2000-01-14	0.67423496	0.63457408	0.67423496	0.6444893	
					0
					0
2000-01-19	0.6940654	0.6940654	0.6940654	0.6940654	30256
2000-01-19	0.6940654	0.6940654	0.6940654	0.6940654	
					0
2000-01-21	0.6444893	0.6444893	0.6444893	0.6444893	
2000-01-21	0.6444893	0.6444893	0.6444893	0.6444893	19162
					0
2000-01-25	0.6444893	0.6444893	0.65440452	0.65440452	
2000-01-25	0.6444893	0.6444893	0.65440452	0.65440452	555711
					0
					0
					0
2000-01-31	0.6444893	0.63457408	0.6444893	0.63457408	
2000-01-31	0.6444893	0.63457408	0.6444893	0.63457408	242052
					0
2000-02-02	0.6444893	0.6444893	0.6444893	0.6444893	
2000-02-02	0.6444893	0.6444893	0.6444893	0.6444893	50427
					0
2000-02-04	0.6444893	0.63457408	0.6444893	0.63457408	
2000-02-04	0.6444893	0.63457408	0.6444893	0.63457408	65555
					0
					0
					0
					0
					0
2000-02-14	0.63457408	0.63457408	0.63457408	0.63457408	90769
2000-02-15	0.63457408	0.63457408	0.63457408	0.63457408	
2000-02-15	0.63457408	0.63457408	0.63457408	0.63457408	100855
					0
					0
2000-02-18	0.5949132	0.5949132	0.6940654	0.6940654	
2000-02-18	0.5949132	0.5949132	0.6940654	0.6940654	1044858
					0
					0
					0
					0
					0
					0
					0
					0
					0
					0
					0
					0
					0
					0
2000-03-13	0.98160678	0.98160678	0.98160678	0.98160678	50427
2000-03-14	0.42635446	0.41643924	0.4461849	0.4461849	52444
2000-03-14	0.42635446	0.41643924	0.4461849	0.4461849	
					0
					0
					0
					0
					0
					0
					0
					0
					0
					0
					0
					0
					0
					0
					0
					0
					0
					0
					0
					0
					0
2000-04-18	0.47593056	0.47593056	0.47593056	0.47593056	68581
2000-04-18	0.47593056	0.47593056	0.47593056	0.47593056	
					0
					0
					0
2000-04-24	0.495761	0.48584578	0.495761	0.48584578	4034
2000-04-24	0.495761	0.48584578	0.495761	0.48584578	
					0
					0
					0
					0
					0
					0
					0
					0
					0
					0
					0
					0
					0
					0
					0
					0
					0
					0
					0
					0
					0
					0
					0
					0
					0
					0
					0
					0
					0
2000-06-08	0.32720226	0.32720226	0.7932176	0.7932176	
2000-06-08	0.32720226	0.32720226	0.7932176	0.7932176	3025
					0
					0
					0
					0
					0
					0
					0
					0
					0
					0
					0
					0
					0
					0
					0
					0
					0
					0
					0
					0
					0
					0
					0
					0
					0
					0
					0
					0
					0
					0
2000-07-24	0.3966088	0.3966088	0.3966088	0.3966088	
2000-07-24	0.3966088	0.3966088	0.3966088	0.3966088	40342
					0
					0
					0
					0
					0
					0
					0
					0
					0
					0
					0
					0
					0
					0
					0
					0
					0
					0
2000-08-21	0.32720226	0.30737182	0.32720226	0.30737182	1104362
2000-08-21	0.32720226	0.30737182	0.32720226	0.30737182	
					0
2000-08-23	0.27762616	0.26771094	0.27762616	0.26771094	856259
2000-08-23	0.27762616	0.26771094	0.27762616	0.26771094	
					0
2000-08-25	0.26771094	0.26771094	0.26771094	0.26771094	
2000-08-25	0.26771094	0.26771094	0.26771094	0.26771094	100855
					0
2000-08-29	0.2974566	0.2974566	0.30737182	0.30737182	100855
2000-08-30	0.30737182	0.28754138	0.30737182	0.28754138	1003507
2000-08-31	0.26771094	0.25779572	0.26771094	0.25779572	1490637
2000-09-01	0.26771094	0.26771094	0.27762616	0.26771094	1210260
2000-09-04	0.27762616	0.27762616	0.27762616	0.27762616	302565
2000-09-04	0.27762616	0.27762616	0.27762616	0.27762616	
					0
2000-09-06	0.26771094	0.26771094	0.26771094	0.26771094	292479
2000-09-06	0.26771094	0.26771094	0.26771094	0.26771094	
					0
					0
2000-09-11	0.26771094	0.26771094	0.26771094	0.26771094	100855
2000-09-12	0.23796528	0.23796528	0.23796528	0.23796528	
2000-09-12	0.23796528	0.23796528	0.23796528	0.23796528	504275
					0
2000-09-14	0.23796528	0.23796528	0.23796528	0.23796528	485112
2000-09-15	0.23796528	0.23796528	0.23796528	0.23796528	
2000-09-15	0.23796528	0.23796528	0.23796528	0.23796528	60513
					0
					0
					0
					0
					0
					0
					0
					0
					0
					0
					0
2000-10-03	0.23796528	0.23796528	0.23796528	0.23796528	201710
2000-10-03	0.23796528	0.23796528	0.23796528	0.23796528	
					0
					0
					0
					0
					0
					0
					0
					0
					0
					0
2000-10-18	0.23796528	0.23796528	0.23796528	0.23796528	
2000-10-18	0.23796528	0.23796528	0.23796528	0.23796528	100855
					0
					0
					0
					0
					0
2000-10-27	0.25779572	0.25779572	0.25779572	0.25779572	
2000-10-27	0.25779572	0.25779572	0.25779572	0.25779572	100855
					0
					0
					0
					0
					0
					0
					0
2000-11-08	0.25779572	0.25779572	0.27762616	0.26771094	19011176
2000-11-09	0.26771094	0.26771094	0.26771094	0.26771094	1956587
2000-11-10	0.25779572	0.25779572	0.25779572	0.25779572	
2000-11-10	0.25779572	0.25779572	0.25779572	0.25779572	199692
					0
					0
					0
					0
					0
					0
2000-11-21	0.25779572	0.25779572	0.25779572	0.25779572	5042
2000-11-22	0.26771094	0.26771094	0.26771094	0.26771094	483095
2000-11-22	0.26771094	0.26771094	0.26771094	0.26771094	
					0
					0
					0
					0
					0
2000-11-30	0.25779572	0.25779572	0.25779572	0.25779572	121026
2000-11-30	0.25779572	0.25779572	0.25779572	0.25779572	
					0
					0
					0
					0
					0
					0
					0
					0
2000-12-15	0.25779572	0.25779572	0.25779572	0.25779572	65555
2000-12-15	0.25779572	0.25779572	0.25779572	0.25779572	
					0
2000-12-19	0.26771094	0.26771094	0.26771094	0.26771094	282394
2000-12-19	0.26771094	0.26771094	0.26771094	0.26771094	
					0
					0
2000-12-22	0.26771094	0.26771094	0.26771094	0.26771094	100855
2000-12-22	0.26771094	0.26771094	0.26771094	0.26771094	
					0
					0
					0
					0
					0
					0
					0
					0
2001-01-04	0.26771094	0.26771094	0.26771094	0.26771094	
2001-01-04	0.26771094	0.26771094	0.26771094	0.26771094	945011
					0
					0
2001-01-09	0.26771094	0.25779572	0.27762616	0.26771094	5706378
2001-01-10	0.2478805	0.2478805	0.2478805	0.2478805	1512825
2001-01-11	0.2478805	0.2478805	0.2478805	0.2478805	50427
2001-01-12	0.25779572	0.25779572	0.26771094	0.26771094	363078
2001-01-15	0.27762616	0.27762616	0.27762616	0.27762616	100855
2001-01-15	0.27762616	0.27762616	0.27762616	0.27762616	
					0
					0
2001-01-18	0.2974566	0.2974566	0.30737182	0.30737182	1119491
2001-01-19	0.30737182	0.30737182	0.30737182	0.30737182	100855
2001-01-22	0.33711748	0.33711748	0.3470327	0.3470327	274325
2001-01-23	0.35694792	0.35694792	0.35694792	0.35694792	101863
2001-01-24	0.36686314	0.36686314	0.37677836	0.36686314	585967
2001-01-25	0.3966088	0.3966088	0.3966088	0.3966088	403420
2001-01-26	0.3966088	0.3966088	0.40652402	0.3966088	
2001-01-26	0.3966088	0.3966088	0.40652402	0.3966088	1916245
					0
					0
					0
					0
					0
2001-02-05	0.38669358	0.38669358	0.38669358	0.38669358	100855
2001-02-05	0.38669358	0.38669358	0.38669358	0.38669358	
					0
					0
					0
					0
					0
					0
					0
					0
					0
					0
					0
2001-02-21	0.30737182	0.30737182	0.30737182	0.30737182	
2001-02-21	0.30737182	0.30737182	0.30737182	0.30737182	403420
					0
					0
					0
					0
					0
					0
					0
					0
					0
					0
					0
					0
					0
					0
					0
					0
					0
					0
					0
					0
					0
					0
					0
					0
					0
					0
					0
					0
					0
					0
					0
					0
					0
					0
					0
					0
					0
					0
					0
					0
2001-04-19	0.2974566	0.2974566	0.2974566	0.2974566	
2001-04-19	0.2974566	0.2974566	0.2974566	0.2974566	50427
					0
					0
					0
					0
					0
					0
					0
					0
					0
					0
					0
					0
					0
					0
					0
					0
					0
					0
					0
					0
					0
					0
					0
					0
					0
					0
					0
					0
					0
					0
					0
					0
					0
					0
					0
					0
2001-06-11	0.2478805	0.2478805	0.2478805	0.2478805	20171
2001-06-11	0.2478805	0.2478805	0.2478805	0.2478805	
					0
					0
					0
					0
					0
					0
					0
					0
					0
					0
					0
					0
					0
					0
					0
					0
					0
					0
					0
					0
					0
					0
					0
					0
					0
					0
					0
					0
					0
					0
					0
					0
					0
					0
					0
					0
					0
					0
					0
					0
					0
					0
					0
					0
					0
					0
					0
					0
					0
					0
					0
					0
					0
2001-08-24	0.27762616	0.27762616	0.27762616	0.27762616	201710
2001-08-24	0.27762616	0.27762616	0.27762616	0.27762616	
					0
					0
					0
					0
					0
					0
					0
					0
					0
					0
					0
					0
					0
					0
2001-09-14	0.21813484	0.21813484	0.21813484	0.21813484	
2001-09-14	0.21813484	0.21813484	0.21813484	0.21813484	504275
					0
					0
					0
					0
					0
					0
					0
					0
					0
					0
					0
					0
					0
					0
					0
					0
					0
					0
					0
					0
					0
					0
					0
2001-10-18	0.1983044	0.1983044	0.1983044	0.1983044	
2001-10-18	0.1983044	0.1983044	0.1983044	0.1983044	100855
					0
					0
					0
					0
					0
					0
					0
					0
					0
					0
					0
					0
					0
					0
					0
					0
					0
					0
					0
					0
					0
					0
					0
					0
					0
					0
2001-11-26	0.26771094	0.26771094	0.26771094	0.26771094	50427
2001-11-27	0.28754138	0.28754138	0.2974566	0.2974566	100855
2001-11-27	0.28754138	0.28754138	0.2974566	0.2974566	
					0
					0
					0
					0
					0
					0
					0
					0
					0
					0
					0
					0
					0
					0
					0
					0
					0
					0
					0
					0
					0
					0
					0
					0
					0
					0
					0
					0
					0
					0
					0
					0
					0
					0
					0
					0
					0
					0
					0
					0
					0
					0
					0
					0
					0
					0
					0
					0
					0
					0
					0
					0
					0
					0
					0
					0
					0
					0
					0
					0
					0
					0
					0
					0
					0
					0
					0
					0
					0
					0
					0
					0
					0
					0
					0
					0
					0
					0
					0
					0
					0
					0
					0
					0
					0
					0
					0
					0
					0
					0
					0
					0
					0
					0
					0
					0
					0
					0
					0
					0
					0
					0
					0
					0
					0
					0
2002-04-25	0.3966088	0.3966088	0.3966088	0.3966088	
2002-04-25	0.3966088	0.3966088	0.3966088	0.3966088	100855
					0
					0
					0
					0
					0
					0
					0
					0
					0
					0
					0
					0
					0
					0
					0
					0
					0
					0
					0
					0
					0
					0
					0
					0
					0
					0
					0
					0
					0
					0
					0
					0
					0
					0
					0
					0
					0
					0
					0
					0
					0
					0
					0
					0
					0
					0
					0
					0
					0
					0
					0
					0
					0
					0
					0
					0
					0
					0
					0
					0
					0
					0
					0
					0
					0
2002-07-26	0.349015744	0.349015744	0.349015744	0.349015744	
2002-07-26	0.349015744	0.349015744	0.349015744	0.349015744	10085
					0
					0
					0
					0
					0
					0
					0
					0
					0
					0
					0
					0
					0
					0
					0
					0
2002-08-20	0.341083568	0.341083568	0.341083568	0.341083568	19162
2002-08-20	0.341083568	0.341083568	0.341083568	0.341083568	
					0
					0
					0
					0
					0
					0
					0
					0
					0
					0
					0
					0
					0
					0
					0
					0
					0
					0
					0
					0
					0
					0
					0
					0
					0
					0
					0
					0
2002-09-30	0.222100928	0.222100928	0.222100928	0.222100928	1008
2002-09-30	0.222100928	0.222100928	0.222100928	0.222100928	
					0
					0
					0
					0
					0
					0
					0
					0
					0
					0
					0
					0
					0
					0
					0
					0
					0
					0
					0
					0
					0
					0
					0
					0
					0
					0
					0
					0
					0
					0
					0
					0
					0
					0
					0
					0
					0
					0
					0
					0
					0
					0
					0
					0
					0
					0
					0
					0
					0
					0
					0
					0
					0
					0
					0
					0
					0
					0
					0
					0
					0
					0
					0
					0
					0
					0
					0
					0
					0
					0
					0
					0
					0
					0
					0
					0
					0
					0
					0
					0
					0
					0
					0
					0
					0
					0
					0
					0
					0
					0
					0
					0
					0
					0
					0
					0
					0
					0
					0
					0
					0
					0
					0
					0
					0
					0
					0
					0
					0
					0
					0
					0
					0
					0
					0
					0
					0
					0
					0
					0
					0
					0
					0
					0
					0
					0
					0
					0
					0
					0
					0
					0
					0
					0
					0
					0
					0
					0
					0
					0
					0
					0
					0
					0
					0
					0
					0
					0
					0
					0
					0
					0
					0
					0
					0
					0
					0
					0
					0
					0
					0
					0
					0
					0
					0
					0
					0
					0
					0
					0
					0
					0
					0
					0
					0
					0
					0
					0
					0
					0
					0
					0
					0
					0
					0
					0
					0
					0
					0
					0
					0
					0
					0
					0
					0
					0
					0
					0
					0
					0
2003-07-08	0.41643924	0.41643924	0.41643924	0.41643924	
2003-07-08	0.41643924	0.41643924	0.41643924	0.41643924	2017
					0
					0
					0
					0
					0
					0
					0
					0
					0
					0
2003-07-23	0.42635446	0.42635446	0.42635446	0.42635446	
2003-07-23	0.42635446	0.42635446	0.42635446	0.42635446	201710
					0
					0
2003-07-28	0.4461849	0.4461849	0.495761	0.495761	
2003-07-28	0.4461849	0.4461849	0.495761	0.495761	302565
					0
					0
					0
					0
					0
					0
					0
					0
					0
					0
					0
					0
					0
					0
					0
					0
					0
					0
					0
					0
					0
					0
					0
					0
					0
					0
					0
					0
					0
					0
					0
					0
					0
					0
					0
					0
					0
					0
					0
					0
					0
					0
					0
					0
					0
					0
					0
					0
					0
					0
					0
					0
					0
					0
					0
					0
					0
					0
					0
					0
					0
					0
					0
					0
					0
					0
					0
					0
					0
					0
					0
					0
					0
					0
					0
					0
					0
					0
					0
					0
					0
					0
					0
					0
					0
					0
					0
					0
					0
					0
					0
					0
					0
					0
					0
					0
					0
					0
					0
					0
					0
					0
					0
					0
					0
					0
					0
					0
					0
					0
					0
					0
					0
					0
					0
					0
					0
					0
					0
					0
					0
					0
					0
					0
					0
					0
					0
					0
					0
					0
					0
					0
					0
					0
					0
					0
					0
					0
					0
					0
					0
					0
					0
					0
					0
					0
					0
					0
					0
					0
					0
					0
					0
					0
					0
					0
					0
					0
					0
					0
					0
					0
					0
					0
					0
					0
					0
					0
					0
					0
					0
					0
					0
					0
					0
					0
					0
					0
					0
					0
					0
					0
					0
					0
					0
					0
					0
					0
					0
					0
					0
					0
					0
					0
					0
					0
					0
					0
					0
					0
					0
					0
					0
					0
					0
					0
					0
					0
					0
					0
					0
					0
					0
					0
					0
					0
					0
					0
					0
					0
					0
					0
					0
					0
					0
					0
					0
					0
					0
					0
					0
					0
					0
					0
					0
					0
					0
					0
					0
					0
					0
					0
					0
					0
					0
					0
					0
					0
					0
					0
					0
					0
					0
					0
					0
					0
					0
					0
					0
					0
					0
					0
					0
					0
					0
					0
					0
					0
					0
					0
					0
					0
					0
					0
					0
					0
					0
					0
					0
					0
					0
					0
					0
					0
					0
					0
					0
					0
					0
					0
					0
					0
					0
					0
					0
					0
					0
					0
					0
					0
					0
					0
					0
					0
					0
					0
					0
					0
					0
					0
					0
					0
					0
					0
					0
					0
					0
					0
					0
					0
					0
					0
					0
					0
					0
					0
					0
					0
					0
					0
					0
					0
					0
					0
					0
					0
					0
					0
					0
					0
					0
					0
					0
					0
					0
					0
					0
					0
					0
					0
					0
					0
					0
					0
					0
					0
					0
					0
					0
					0
					0
					0
					0
					0
					0
					0
					0
					0
					0
					0
					0
					0
					0
					0
					0
					0
					0
2005-01-07	0.81304804	0.81304804	0.81304804	0.81304804	
					0
					0
					0
2005-01-13	0.65440452	0.65440452	0.65440452	0.65440452	
					0
					0
					0
					0
					0
					0
					0
					0
					0
					0
					0
					0
					0
					0
					0
					0
					0
					0
					0
					0
					0
					0
					0
					0
2005-02-17	0.991522	0.991522	1.983044	1.983044	
2005-02-18	1.983044	1.983044	1.983044	1.983044	
					0
					0
					0
					0
2005-02-28	0.7932176	0.6940654	0.7932176	0.6940654	
					0
2005-03-02	0.68415018	0.68415018	0.68415018	0.68415018	
2005-03-03	0.6940654	0.6940654	0.6940654	0.6940654	
					0
					0
					0
					0
					0
					0
					0
					0
					0
					0
					0
					0
					0
					0
					0
					0
					0
					0
					0
					0
					0
					0
					0
					0
					0
					0
					0
					0
					0
					0
					0
					0
					0
2005-04-26	2.0	0.7	2.0	2.0	
2005-04-27	0.7	0.7	0.7	0.7	
2005-04-28	0.4	0.4	0.4	0.4	
2005-04-29	0.69	0.69	0.7	0.7	
					0
					0
					0
					0
					0
					0
					0
					0
					0
					0
					0
					0
					0
					0
2005-05-25	0.55	0.55	0.55	0.55	
					0
					0
					0
					0
					0
					0
					0
					0
					0
					0
					0
					0
					0
					0
					0
					0
					0
					0
					0
					0
					0
					0
					0
					0
					0
					0
					0
					0
					0
					0
2005-07-08	0.3	0.3	0.3	0.3	
					0
					0
					0
					0
					0
					0
					0
					0
					0
					0
					0
					0
					0
					0
					0
					0
					0
					0
					0
					0
					0
					0
					0
					0
					0
2005-08-17	0.4	0.4	0.4	0.4	
					0
					0
					0
					0
					0
					0
					0
					0
2005-08-30	0.51	0.51	0.51	0.51	
					0
2005-09-01	0.58	0.58	0.58	0.58	
					0
					0
					0
					0
					0
					0
					0
					0
					0
					0
					0
					0
					0
					0
					0
2005-09-23	0.58	0.58	0.58	0.58	
					0
					0
					0
					0
					0
2005-10-03	0.69	0.69	0.69	0.69	
2005-10-04	0.7	0.7	0.7	0.7	
					0
					0
					0
					0
					0
					0
					0
					0
					0
					0
					0
					0
					0
					0
					0
					0
					0
					0
					0
					0
					0
					0
					0
2005-11-08	0.69	0.69	0.7	0.7	
					0
					0
					0
					0
					0
					0
					0
					0
					0
					0
					0
					0
					0
					0
					0
					0
					0
					0
					0
2005-12-07	0.58	0.58	0.58	0.58	
					0
2005-12-09	0.61	0.61	0.61	0.61	
					0
2005-12-14	0.6	0.6	0.66	0.66	
2005-12-15	0.61	0.61	0.61	0.61	
2005-12-16	0.6	0.6	0.61	0.61	
2005-12-19	0.61	0.61	0.62	0.62	
					0
					0
					0
					0
					0
					0
2005-12-28	0.62	0.6	0.62	0.6	
2005-12-29	0.6	0.6	0.6	0.6	
2005-12-30	0.59	0.59	0.59	0.59	
					0
					0
					0
					0
					0
					0
2006-01-10	0.69	0.69	0.69	0.69	
					0
2006-01-12	0.7	0.7	0.7	0.7	
					0
					0
					0
					0
					0
					0
					0
2006-01-24	0.74	0.74	0.74	0.74	
					0
2006-01-26	0.7	0.7	0.7	0.7	
					0
					0
					0
					0
					0
					0
					0
2006-02-07	0.72	0.72	0.72	0.72	
					0
					0
					0
					0
					0
2006-02-16	0.72	0.72	0.72	0.72	
					0
2006-02-20	0.72	0.72	0.72	0.72	
					0
					0
2006-02-23	0.75	0.75	0.76	0.76	
					0
					0
					0
					0
					0
2006-03-03	0.8	0.8	0.8	0.8	
					0
					0
2006-03-08	0.78	0.74	0.78	0.74	
					0
					0
					0
					0
					0
					0
2006-03-17	0.81	0.81	0.81	0.81	
					0
2006-03-21	0.82	0.82	0.82	0.82	
2006-03-22	0.82	0.82	0.82	0.82	
					0
					0
					0
					0
					0
					0
2006-03-31	0.82	0.79	0.84	0.79	
					0
2006-04-04	0.82	0.82	0.82	0.82	
2006-04-05	0.77	0.77	0.77	0.77	
					0
					0
					0
					0
					0
					0
					0
					0
					0
					0
					0
					0
					0
					0
					0
					0
					0
					0
2006-05-10	0.89	0.89	0.89	0.89	
2006-05-11	0.9	0.9	0.9	0.9	
					0
					0
					0
					0
					0
					0
					0
					0
					0
					0
					0
					0
					0
					0
					0
					0
					0
					0
					0
					0
					0
					0
					0
					0
					0
					0
					0
					0
					0
					0
					0
					0
					0
					0
					0
					0
					0
					0
					0
					0
					0
					0
					0
					0
					0
					0
					0
					0
					0
					0
					0
					0
					0
					0
					0
					0
					0
					0
					0
					0
					0
					0
					0
					0
					0
					0
					0
					0
					0
					0
					0
					0
					0
					0
					0
					0
					0
					0
					0
					0
					0
					0
					0
					0
					0
					0
					0
					0
					0
					0
					0
					0
					0
					0
					0
					0
					0
					0
2006-10-06	0.76	0.76	0.76	0.76	
					0
					0
					0
					0
					0
					0
					0
					0
					0
					0
					0
					0
					0
					0
					0
					0
					0
					0
					0
					0
					0
					0
2006-11-09	0.8	0.8	0.8	0.8	
					0
					0
					0
					0
					0
					0
					0
					0
2006-11-22	0.9	0.9	0.9	0.9	
					0
					0
2006-11-27	0.91	0.91	0.93	0.93	
2006-11-28	0.96	0.96	0.96	0.96	
					0
2006-11-30	0.99	0.99	1.02	1.02	
					0
					0
2006-12-06	1.05	1.05	1.06	1.06	
					0
					0
					0
					0
					0
					0
					0
					0
					0
2006-12-21	1.0	1.0	1.0	1.0	
2006-12-22	0.91	0.91	0.91	0.91	
					0
2006-12-26	0.97	0.97	0.97	0.97	
2006-12-26	0.97	0.97	0.97	0.97	50000
					0
2006-12-28	0.95	0.95	0.95	0.95	
2006-12-28	0.95	0.95	0.95	0.95	300000
					0
2007-01-03	0.82	0.82	0.82	0.82	100000
2007-01-04	0.94	0.85	0.94	0.85	
2007-01-04	0.94	0.85	0.94	0.85	70000
					0
					0
					0
					0
					0
					0
					0
					0
					0
					0
					0
2007-01-22	0.77	0.77	0.77	0.77	100
2007-01-23	0.9	0.9	0.9	0.9	
2007-01-23	0.9	0.9	0.9	0.9	100
					0
					0
					0
					0
					0
					0
					0
					0
					0
					0
					0
					0
					0
					0
					0
					0
					0
					0
					0
					0
					0
					0
					0
					0
					0
2007-02-28	0.86	0.86	0.86	0.86	300
2007-02-28	0.86	0.86	0.86	0.86	
					0
					0
2007-03-06	0.86	0.86	0.86	0.86	500
2007-03-07	0.84	0.84	0.84	0.84	200
2007-03-08	0.82	0.8	0.82	0.8	
2007-03-08	0.82	0.8	0.82	0.8	400
					0
					0
					0
					0
					0
					0
					0
					0
					0
					0
					0
					0
					0
					0
					0
					0
					0
					0
					0
					0
					0
					0
					0
					0
					0
					0
					0
					0
					0
2007-04-24	0.85	0.85	0.85	0.85	300000
2007-04-25	0.91	0.91	0.91	0.91	
2007-04-25	0.91	0.91	0.91	0.91	100
					0
					0
					0
					0
					0
					0
					0
					0
					0
					0
					0
					0
					0
					0
					0
					0
					0
					0
					0
					0
					0
					0
					0
					0
2007-06-04	1.05	1.05	1.05	1.05	
2007-06-04	1.05	1.05	1.05	1.05	50100
					0
					0
					0
					0
					0
					0
					0
					0
					0
					0
					0
					0
					0
					0
					0
					0
					0
					0
					0
2007-07-02	0.97	0.96	0.97	0.96	190100
2007-07-03	0.95	0.95	0.95	0.95	50100
2007-07-03	0.95	0.95	0.95	0.95	
					0
					0
					0
					0
					0
					0
					0
					0
					0
					0
					0
					0
2007-07-20	0.96	0.96	0.96	0.96	
2007-07-20	0.96	0.96	0.96	0.96	50000
					0
					0
					0
					0
					0
					0
					0
2007-08-02	0.9	0.9	0.9	0.9	50000
2007-08-02	0.9	0.9	0.9	0.9	
					0
					0
					0
					0
					0
					0
					0
					0
					0
					0
					0
					0
					0
					0
					0
					0
					0
					0
					0
					0
					0
					0
					0
					0
					0
					0
					0
					0
					0
					0
					0
					0
					0
					0
					0
					0
					0
					0
					0
					0
					0
					0
					0
					0
					0
					0
					0
					0
					0
					0
					0
					0
					0
					0
					0
					0
					0
2007-10-25	0.8	0.8	0.8	0.8	30000
2007-10-25	0.8	0.8	0.8	0.8	
					0
					0
2007-10-30	0.83	0.76	0.83	0.76	130000
2007-10-30	0.83	0.76	0.83	0.76	
					0
2007-11-01	0.9	0.9	0.9	0.9	
2007-11-01	0.9	0.9	0.9	0.9	30000
					0
					0
					0
					0
					0
					0
					0
					0
					0
					0
					0
					0
					0
					0
					0
					0
					0
					0
					0
					0
					0
					0
					0
					0
					0
					0
					0
					0
					0
					0
					0
					0
					0
					0
					0
					0
					0
					0
					0
					0
					0
					0
					0
					0
					0
					0
					0
					0
					0
					0
					0
					0
					0
					0
					0
					0
					0
					0
					0
					0
					0
					0
					0
					0
					0
					0
					0
					0
					0
					0
					0
					0
					0
					0
					0
					0
					0
					0
					0
					0
					0
					0
					0
					0
					0
					0
					0
					0
					0
					0
					0
					0
					0
					0
					0
					0
					0
					0
					0
					0
					0
					0
					0
					0
2008-04-04	0.76	0.76	0.76	0.76	350000
2008-04-04	0.76	0.76	0.76	0.76	
					0
					0
					0
					0
					0
					0
					0
					0
					0
					0
					0
					0
					0
					0
					0
					0
					0
					0
					0
					0
					0
					0
					0
					0
					0
					0
					0
					0
					0
					0
					0
2008-05-28	0.76	0.76	0.76	0.76	100
2008-05-28	0.76	0.76	0.76	0.76	
					0
					0
					0
					0
					0
					0
					0
					0
					0
					0
2008-06-12	0.56	0.56	0.56	0.56	
2008-06-12	0.56	0.56	0.56	0.56	10000
					0
					0
					0
					0
2008-06-19	0.53	0.52	0.53	0.52	150000
2008-06-19	0.53	0.52	0.53	0.52	
					0
2008-06-23	0.5	0.5	0.5	0.5	100000
2008-06-23	0.5	0.5	0.5	0.5	
					0
					0
					0
					0
					0
					0
					0
					0
					0
					0
					0
					0
					0
					0
					0
					0
					0
					0
					0
					0
					0
					0
					0
					0
					0
2008-07-31	0.06	0.06	0.06	0.06	1500000
2008-08-01	0.49	0.49	0.5	0.49	500000
2008-08-04	0.48	0.48	0.48	0.48	
2008-08-04	0.48	0.48	0.48	0.48	150000
					0
					0
					0
					0
					0
					0
					0
					0
					0
					0
					0
					0
					0
					0
					0
					0
					0
					0
					0
					0
					0
					0
					0
					0
					0
2008-09-10	0.44	0.44	0.44	0.44	
2008-09-10	0.44	0.44	0.44	0.44	100000
					0
					0
2008-09-15	0.44	0.44	0.44	0.44	50000
2008-09-16	0.42	0.42	0.42	0.42	5100
2008-09-17	0.4	0.4	0.4	0.4	20000
2008-09-18	0.39	0.37	0.39	0.37	85300
2008-09-18	0.39	0.37	0.39	0.37	
					0
					0
					0
					0
					0
					0
					0
					0
					0
2008-10-02	0.4	0.4	0.4	0.4	100000
2008-10-02	0.4	0.4	0.4	0.4	
					0
					0
2008-10-07	0.32	0.32	0.32	0.32	10200
2008-10-07	0.32	0.32	0.32	0.32	
					0
					0
					0
2008-10-13	0.28	0.28	0.28	0.28	
2008-10-13	0.28	0.28	0.28	0.28	30000
					0
					0
					0
					0
					0
					0
					0
					0
					0
					0
					0
					0
					0
					0
					0
					0
					0
					0
					0
					0
					0
2008-11-13	0.65	0.65	600.0	600.0	
2008-11-14	0.48	0.2	0.48	0.2	
2008-11-14	0.48	0.2	0.48	0.2	200
					0
					0
					0
					0
					0
					0
					0
					0
					0
					0
					0
					0
					0
					0
					0
					0
					0
					0
					0
					0
					0
					0
					0
					0
					0
					0
					0
					0
					0
					0
					0
					0
					0
					0
					0
					0
					0
					0
					0
					0
					0
					0
					0
					0
					0
					0
2009-01-27	0.4	0.4	0.4	0.4	
2009-01-27	0.4	0.4	0.4	0.4	100
					0
					0
					0
					0
					0
					0
					0
					0
					0
					0
					0
					0
					0
					0
					0
					0
					0
					0
					0
					0
					0
					0
					0
					0
					0
					0
					0
					0
2009-03-10	0.25	0.25	0.25	0.25	
2009-03-10	0.25	0.25	0.25	0.25	1000
					0
					0
					0
					0
					0
					0
					0
					0
					0
					0
					0
					0
					0
					0
					0
					0
					0
					0
					0
					0
					0
					0
					0
					0
					0
					0
					0
					0
					0
					0
					0
					0
					0
					0
					0
					0
					0
					0
2009-05-13	0.36	0.36	0.36	0.36	50000
2009-05-14	0.43	0.43	0.43	0.43	300
2009-05-14	0.43	0.43	0.43	0.43	
					0
					0
					0
					0
					0
					0
					0
					0
					0
					0
					0
2009-06-01	0.44	0.44	0.45	0.45	
2009-06-01	0.44	0.44	0.45	0.45	160100
					0
					0
					0
2009-06-05	0.46	0.46	0.46	0.46	
2009-06-05	0.46	0.46	0.46	0.46	200
					0
					0
					0
					0
					0
					0
					0
					0
					0
					0
					0
					0
					0
					0
					0
					0
					0
2009-07-02	0.3	0.3	0.3	0.3	1200
2009-07-02	0.3	0.3	0.3	0.3	
					0
					0
					0
					0
					0
					0
					0
					0
					0
					0
					0
					0
					0
					0
					0
					0
					0
					0
					0
					0
					0
					0
					0
					0
					0
					0
					0
					0
					0
					0
2009-08-19	0.39	0.39	0.39	0.39	50000
2009-08-20	0.4	0.4	0.4	0.4	50500
2009-08-20	0.4	0.4	0.4	0.4	
					0
					0
					0
					0
					0
					0
					0
					0
					0
					0
					0
					0
2009-09-08	0.55	0.55	0.55	0.55	
2009-09-08	0.55	0.55	0.55	0.55	100
					0
					0
					0
					0
					0
					0
					0
2009-09-18	0.74	0.7	0.74	0.7	4584000
2009-09-21	0.71	0.71	0.71	0.71	3000
2009-09-21	0.71	0.71	0.71	0.71	
					0
					0
					0
					0
					0
					0
					0
					0
					0
					0
					0
					0
					0
					0
					0
					0
					0
					0
					0
					0
					0
					0
					0
					0
					0
					0
					0
					0
					0
					0
					0
					0
					0
					0
					0
					0
					0
					0
					0
					0
					0
					0
					0
					0
					0
					0
					0
					0
2009-11-30	0.55	0.55	0.55	0.55	100000
2009-11-30	0.55	0.55	0.55	0.55	
					0
					0
					0
					0
					0
					0
					0
					0
					0
					0
					0
					0
					0
					0
					0
					0
					0
					0
					0
					0
					0
					0
					0
					0
					0
					0
					0
					0
					0
					0
					0
					0
					0
					0
					0
2010-01-25	0.55	0.55	0.55	0.55	
2010-01-25	0.55	0.55	0.55	0.55	30000
					0
					0
					0
					0
					0
					0
					0
					0
					0
					0
					0
					0
					0
					0
					0
					0
					0
					0
					0
2010-02-22	0.57	0.57	0.57	0.57	100
2010-02-22	0.57	0.57	0.57	0.57	
					0
					0
					0
					0
					0
					0
					0
					0
					0
					0
					0
					0
					0
					0
					0
					0
					0
					0
					0
					0
					0
					0
					0
					0
					0
					0
					0
2010-04-02	0.62	0.62	0.62	0.62	100
2010-04-05	0.5	0.5	0.5	0.5	200
2010-04-05	0.5	0.5	0.5	0.5	
					0
					0
					0
					0
					0
					0
					0
					0
					0
					0
					0
					0
					0
					0
					0
					0
					0
					0
					0
					0
					0
					0
					0
					0
					0
					0
					0
					0
					0
					0
					0
					0
					0
					0
					0
					0
					0
					0
					0
					0
					0
					0
					0
					0
					0
					0
					0
					0
					0
					0
2010-06-28	0.62	0.62	0.62	0.62	
2010-06-28	0.62	0.62	0.62	0.62	100
					0
					0
					0
					0
2010-07-06	0.57	0.57	0.57	0.57	100
2010-07-06	0.57	0.57	0.57	0.57	
					0
2010-07-08	0.61	0.61	0.61	0.61	
2010-07-08	0.61	0.61	0.61	0.61	100
					0
					0
					0
					0
					0
					0
					0
					0
					0
					0
					0
					0
					0
					0
					0
					0
					0
					0
					0
					0
					0
2010-08-10	0.68	0.68	0.73	0.7	
2010-08-10	0.68	0.68	0.73	0.7	180000
					0
					0
					0
					0
2010-08-19	0.8	0.8	0.8	0.8	
2010-08-19	0.8	0.8	0.8	0.8	5000
					0
					0
					0
					0
2010-08-26	0.87	0.87	0.87	0.87	5000
2010-08-26	0.87	0.87	0.87	0.87	
					0
					0
					0
					0
					0
					0
					0
					0
					0
					0
					0
					0
					0
					0
					0
					0
					0
					0
					0
					0
					0
					0
					0
					0
					0
					0
					0
					0
					0
					0
					0
					0
					0
					0
					0
					0
					0
					0
					0
					0
					0
					0
					0
					0
					0
					0
					0
					0
					0
					0
					0
					0
					0
					0
					0
					0
					0
					0
					0
					0
					0
					0
					0
					0
					0
					0
					0
					0
					0
					0
					0
					0
					0
					0
					0
					0
					0
					0
					0
					0
					0
					0
					0
					0
					0
					0
2010-12-30	0.76	0.76	0.76	0.76	
2010-12-30	0.76	0.76	0.76	0.76	100
					0
					0
					0
					0
					0
					0
					0
					0
					0
					0
					0
					0
					0
					0
					0
					0
					0
					0
					0
					0
					0
					0
					0
					0
					0
					0
					0
					0
					0
					0
					0
					0
					0
					0
					0
					0
					0
					0
					0
					0
					0
					0
					0
					0
					0
					0
					0
					0
					0
					0
					0
					0
					0
					0
					0
					0
					0
					0
					0
					0
					0
					0
					0
					0
					0
					0
					0
					0
					0
2011-04-18	0.76	0.76	0.77	0.77	500000
2011-04-18	0.76	0.76	0.77	0.77	
					0
					0
					0
					0
					0
					0
					0
					0
					0
					0
					0
					0
					0
					0
					0
					0
					0
					0
					0
					0
					0
					0
					0
					0
					0
					0
					0
					0
					0
					0
					0
					0
					0
					0
					0
					0
					0
					0
					0
					0
					0
					0
					0
					0
					0
					0
					0
					0
					0
					0
					0
					0
					0
					0
					0
					0
					0
					0
					0
					0
					0
					0
					0
					0
					0
					0
					0
					0
					0
					0
					0
					0
					0
					0
					0
					0
					0
					0
					0
					0
					0
					0
					0
					0
					0
					0
					0
					0
					0
					0
					0
					0
					0
					0
					0
					0
					0
					0
					0
					0
					0
					0
					0
					0
					0
					0
					0
					0
					0
					0
					0
					0
					0
					0
					0
					0
					0
					0
					0
					0
					0
					0
					0
					0
					0
					0
					0
					0
					0
					0
					0
					0
					0
					0
					0
					0
					0
					0
					0
					0
					0
					0
					0
					0
					0
					0
					0
					0
					0
					0
					0
					0
					0
					0
					0
					0
					0
					0
					0
					0
					0
					0
					0
					0
					0
					0
					0
					0
					0
					0
					0
					0
					0
					0
					0
					0
					0
					0
					0
					0
					0
					0
					0
					0
					0
					0
					0
					0
					0
					0
					0
					0
					0
					0
					0
					0
					0
					0
					0
					0
					0
					0
					0
					0
					0
					0
					0
					0
					0
					0
					0
					0
					0
					0
					0
					0
					0
					0
					0
					0
					0
					0
					0
					0
					0
					0
					0
					0
					0
2012-03-22	0.5	0.5	0.5	0.5	500
2012-03-22	0.5	0.5	0.5	0.5	
					0
					0
					0
					0
					0
					0
					0
					0
					0
					0
					0
					0
					0
					0
					0
					0
					0
					0
					0
					0
					0
					0
					0
					0
					0
					0
					0
					0
					0
					0
					0
					0
					0
					0
					0
					0
2012-05-22	0.65	0.65	0.65	0.65	400
2012-05-22	0.65	0.65	0.65	0.65	
					0
					0
					0
					0
					0
					0
					0
					0
					0
					0
					0
					0
					0
					0
					0
					0
					0
					0
					0
					0
					0
					0
					0
					0
					0
2012-06-28	0.71	0.71	0.71	0.71	
2012-06-28	0.71	0.71	0.71	0.71	100
					0
					0
					0
					0
					0
					0
					0
					0
					0
					0
					0
					0
					0
					0
					0
					0
					0
					0
					0
2012-07-26	0.82	0.82	0.82	0.82	50000
2012-07-26	0.82	0.82	0.82	0.82	
					0
					0
					0
					0
					0
					0
					0
					0
					0
					0
					0
					0
					0
					0
					0
					0
					0
					0
					0
					0
					0
					0
					0
					0
					0
					0
					0
					0
2012-09-07	1.2	1.2	1.2	1.2	
2012-09-07	1.2	1.2	1.2	1.2	20000
					0
					0
					0
					0
					0
					0
					0
					0
					0
					0
					0
					0
					0
					0
					0
					0
					0
					0
					0
					0
					0
					0
					0
					0
					0
					0
					0
					0
					0
					0
					0
					0
					0
					0
					0
					0
					0
					0
					0
					0
					0
					0
					0
					0
					0
					0
					0
					0
					0
					0
					0
					0
					0
					0
					0
					0
					0
					0
					0
					0
					0
					0
					0
					0
					0
					0
					0
					0
					0
					0
					0
					0
					0
					0
					0
					0
					0
					0
					0
					0
					0
					0
					0
					0
					0
					0
					0
					0
					0
					0
					0
					0
					0
					0
					0
					0
					0
					0
					0
					0
					0
					0
					0
					0
					0
					0
					0
					0
					0
					0
					0
					0
					0
					0
					0
					0
					0
					0
					0
					0
					0
					0
					0
2013-03-08	2.22	2.22	2.24	2.24	300000
2013-03-08	2.22	2.22	2.24	2.24	
					0
					0
					0
					0
					0
					0
					0
					0
					0
					0
					0
					0
2013-03-27	2.0	2.0	2.0	2.0	200000
2013-03-27	2.0	2.0	2.0	2.0	
					0
					0
					0
					0
					0
					0
					0
					0
					0
					0
					0
					0
					0
					0
					0
					0
					0
					0
					0
					0
					0
					0
					0
					0
					0
					0
					0
					0
					0
					0
					0
					0
					0
					0
					0
					0
					0
					0
					0
					0
					0
					0
					0
					0
					0
					0
					0
					0
					0
					0
					0
					0
					0
					0
					0
2013-06-21	2.16	2.16	2.16	2.16	5000
2013-06-21	2.16	2.16	2.16	2.16	
					0
					0
					0
					0
					0
					0
					0
					0
					0
					0
					0
					0
					0
					0
					0
2013-07-16	1.4	1.4	1.4	1.4	5000
2013-07-16	1.4	1.4	1.4	1.4	
					0
					0
					0
					0
					0
					0
					0
					0
					0
					0
					0
					0
					0
					0
					0
					0
					0
					0
					0
					0
					0
					0
					0
					0
					0
					0
					0
					0
					0
					0
					0
					0
					0
					0
					0
					0
					0
					0
					0
					0
					0
					0
					0
					0
					0
					0
					0
					0
					0
					0
					0
					0
					0
					0
					0
					0
					0
					0
					0
					0
					0
					0
					0
					0
					0
					0
					0
					0
					0
					0
					0
					0
					0
					0
					0
					0
					0
					0
					0
2013-11-08	1.4	1.4	1.4	1.4	312500
2013-11-08	1.4	1.4	1.4	1.4	
					0
					0
					0
					0
					0
					0
					0
					0
					0
					0
					0
					0
					0
					0
					0
					0
					0
					0
					0
					0
					0
					0
					0
					0
					0
					0
					0
					0
					0
					0
					0
					0
					0
					0
					0
					0
					0
					0
					0
					0
					0
					0
					0
					0
					0
					0
					0
					0
					0
					0
					0
					0
					0
					0
					0
					0
					0
					0
					0
					0
					0
					0
					0
					0
					0
					0
					0
					0
					0
					0
					0
					0
					0
					0
					0
					0
					0
					0
					0
					0
					0
					0
					0
					0
					0
					0
					0
					0
					0
					0
					0
					0
					0
					0
					0
					0
					0
					0
					0
					0
					0
					0
					0
					0
					0
					0
					0
					0
					0
					0
					0
					0
					0
					0
					0
					0
					0
					0
					0
					0
					0
					0
					0
					0
					0
					0
					0
					0
					0
					0
					0
					0
					0
					0
					0
					0
					0
					0
					0
					0
					0
					0
					0
					0
					0
					0
					0
					0
					0
					0
					0
					0
					0
					0
					0
					0
2014-07-04	1.96	1.96	1.96	1.96	20000
2014-07-04	1.96	1.96	1.96	1.96	
					0
					0
					0
					0
					0
					0
					0
					0
2014-07-18	2.12	2.12	2.12	2.12	100000
2014-07-18	2.12	2.12	2.12	2.12	
					0
					0
					0
					0
					0
2014-07-28	2.22	2.22	2.22	2.22	100000
2014-07-28	2.22	2.22	2.22	2.22	
					0
					0
					0
					0
					0
					0
					0
					0
2014-08-08	2.12	2.12	2.16	2.16	105000
2014-08-13	2.16	2.16	2.16	2.16	
2014-08-13	2.16	2.16	2.16	2.16	100000
					0
					0
					0
					0
					0
2014-08-21	2.18	2.18	2.18	2.18	100000
2014-08-21	2.18	2.18	2.18	2.18	
					0
					0
					0
					0
					0
					0
					0
					0
					0
					0
					0
					0
					0
					0
					0
					0
					0
					0
					0
					0
					0
					0
					0
					0
					0
					0
					0
					0
					0
					0
					0
					0
					0
					0
					0
					0
					0
					0
					0
					0
					0
					0
					0
					0
					0
					0
					0
					0
					0
					0
					0
					0
					0
					0
					0
					0
					0
					0
					0
					0
					0
					0
					0
					0
					0
					0
					0
					0
					0
					0
					0
					0
					0
					0
					0
					0
					0
					0
					0
					0
					0
					0
					0
					0
					0
					0
					0
					0
					0
					0
					0
					0
					0
					0
					0
					0
					0
					0
					0
					0
					0
					0
					0
					0
					0
					0
					0
					0
					0
					0
					0
					0
					0
					0
					0
					0
					0
					0
					0
					0
					0
2015-02-18	1.75	1.75	1.75	1.75	10000
2015-02-18	1.75	1.75	1.75	1.75	
					0
					0
					0
					0
					0
					0
					0
					0
					0
					0
					0
					0
					0
					0
2015-03-12	1.6	1.6	1.6	1.6	30000
2015-03-12	1.6	1.6	1.6	1.6	
					0
					0
					0
					0
					0
					0
					0
					0
					0
					0
					0
					0
					0
					0
					0
					0
					0
					0
					0
					0
					0
					0
					0
					0
					0
					0
					0
					0
					0
					0
					0
					0
					0
					0
					0
					0
					0
					0
					0
					0
					0
					0
					0
					0
					0
					0
					0
					0
					0
					0
					0
					0
					0
					0
					0
					0
					0
					0
					0
					0
					0
					0
					0
					0
					0
					0
					0
					0
					0
					0
					0
					0
					0
					0
					0
					0
					0
					0
					0
					0
					0
					0
					0
					0
					0
					0
					0
					0
					0
					0
					0
					0
					0
					0
					0
					0
					0
					0
					0
					0
					0
					0
					0
					0
					0
					0
					0
					0
					0
					0
					0
					0
					0
					0
					0
					0
					0
					0
					0
					0
					0
					0
					0
					0
					0
					0
					0
					0
					0
					0
					0
					0
					0
					0
					0
					0
					0
					0
					0
					0
					0
					0
					0
					0
					0
					0
					0
					0
					0
					0
					0
					0
					0
					0
					0
					0
					0
					0
					0
					0
					0
					0
					0
					0
					0
					0
					0
					0
					0
					0
					0
					0
					0
					0
					0
					0
					0
					0
					0
					0
					0
					0
					0
					0
					0
					0
					0
					0
					0
					0
					0
					0
					0
					0
					0
					0
					0
					0
					0
					0
					0
					0
					0
					0
					0
					0
					0
					0
					0
					0
					0
					0
					0
					0
					0
					0
					0
					0
					0
					0
					0
					0
					0
					0
					0
					0
					0
					0
					0
					0
					0
					0
					0
					0
					0
					0
					0
					0
					0
					0
					0
					0
					0
					0
					0
					0
					0
					0
					0
					0
					0
					0
					0
					0
					0
					0
					0
					0
					0
					0
					0
					0
					0
					0
					0
					0
					0
					0
					0
					0
					0
					0
					0
					0
					0
					0
					0
					0
					0
					0
					0
					0
					0
					0
					0
					0
					0
					0
					0
					0
					0
					0
					0
					0
					0
					0
					0
					0
					0
					0
					0
					0
					0
					0
					0
					0
					0
					0
					0
					0
					0
					0
					0
					0
					0
					0
					0
					0
					0
					0
					0
					0
					0
					0
					0
					0
					0
					0
					0
					0
					0
					0
					0
					0
					0
					0
					0
					0
					0
					0
					0
					0
					0
					0
					0
					0
					0
					0
					0
					0
					0
					0
					0
					0
					0
					0
					0
					0
					0
					0
					0
					0
					0
					0
					0
					0
					0
					0
					0
					0
					0
					0
					0
					0
					0
					0
					0
					0
					0
					0
					0
					0
					0
					0
					0
					0
					0
					0
					0
					0
					0
					0
					0
					0
					0
					0
					0
					0
					0
					0
					0
					0
					0
					0
					0
					0
					0
					0
					0
					0
					0
					0
					0
					0
					0
					0
					0
					0
					0
					0
					0
					0
					0
					0
					0
					0
					0
					0
					0
					0
					0
					0
					0
					0
					0
					0
					0
					0
					0
					0
					0
					0
					0
					0
					0
					0
					0
					0
					0
					0
					0
					0
					0
					0
					0
					0
					0
					0
					0
					0
					0
					0
					0
					0
					0
					0
					0
2017-02-10	1.95	1.95	1.95	1.95	
2017-02-10	1.95	1.95	1.95	1.95	200000
					0
					0
					0
					0
					0
					0
					0
					0
					0
					0
					0
					0
					0
					0
					0
					0
					0
					0
					0
					0
					0
					0
					0
					0
					0
					0
					0
					0
					0
					0
					0
					0
					0
					0
					0
					0
					0
					0
					0
					0
					0
					0
					0
					0
					0
					0
					0
					0
					0
					0
					0
					0
					0
					0
					0
					0
					0
					0
					0
					0
					0
					0
					0
					0
					0
					0
					0
					0
					0
					0
					0
					0
					0
					0
					0
					0
					0
					0
					0
					0
					0
					0
					0
					0
					0
					0
					0
					0
					0
					0
					0
					0
					0
					0
					0
					0
					0
					0
					0
					0
					0
					0
					0
					0
					0
					0
					0
					0
					0
					0
					0
					0
					0
					0
					0
					0
					0
					0
					0
					0
					0
					0
					0
					0
					0
					0
					0
					0
					0
					0
					0
					0
					0
					0
					0
					0
					0
					0
					0
					0
					0
					0
					0
					0
					0
					0
					0
					0
					0
					0
					0
					0
					0
					0
					0
					0
					0
					0
					0
					0
					0
					0
					0
					0
					0
					0
					0
					0
					0
					0
					0
					0
					0
					0
					0
					0
					0
					0
					0
					0
					0
					0
					0
					0
					0
					0
					0
					0
					0
					0
					0
					0
					0
					0
					0
					0
					0
					0
					0
					0
					0
					0
					0
					0
					0
					0
					0
					0
					0
					0
					0
					0
					0
					0
					0
					0
					0
					0
					0
					0
					0
					0
					0
					0
					0
					0
					0
					0
					0
					0
					0
					0
					0
					0
					0
					0
					0
					0
					0
					0
					0
					0
					0
					0
					0
					0
					0
					0
					0
					0
					0
					0
					0
					0
					0
					0
					0
					0
					0
					0
					0
					0
					0
					0
					0
					0
					0
					0
					0
					0
					0
					0
2018-03-23	1.83	1.83	1.83	1.83	50000
2018-03-23	1.83	1.83	1.83	1.83	
					0
					0
					0
					0
					0
					0
					0
					0
					0
					0
					0
					0
					0
					0
					0
					0
					0
					0
					0
					0
					0
					0
					0
					0
					0
					0
					0
					0
					0
					0
					0
					0
					0
					0
					0
					0
					0
					0
					0
					0
					0
					0
					0
					0
					0
					0
					0
					0
					0
					0
					0
					0
					0
					0
					0
					0
					0
					0
					0
					0
					0
					0
					0
					0
					0
					0
					0
					0
					0
					0
					0
					0
					0
					0
					0
					0
					0
					0
					0
					0
2018-07-23	2.0	2.0	2.0	2.0	100
2018-07-23	2.0	2.0	2.0	2.0	
					0
					0
					0
					0
					0
					0
					0
					0
					0
					0
					0
					0
					0
					0
					0
					0
					0
					0
					0
					0
					0
					0
					0
					0
					0
					0
					0
					0
					0
					0
					0
					0
					0
					0
					0
					0
					0
					0
					0
					0
					0
					0
					0
					0
					0
					0
					0
					0
					0
					0
					0
					0
					0
					0
					0
					0
					0
					0
					0
					0
					0
					0
					0
					0
					0
					0
					0
					0
					0
					0
					0
					0
					0
					0
					0
					0
					0
					0
					0
					0
					0
					0
					0
					0
					0
					0
					0
					0
					0
					0
					0
					0
					0
					0
					0
					0
					0
					0
					0
					0
					0
					0
					0
					0
					0
					0
					0
					0
					0
					0
					0
					0
					0
					0
					0
					0
					0
					0
					0
					0
					0
					0
					0
					0
					0
					0
					0
					0
					0
					0
					0
					0
					0
					0
					0
					0
					0
					0
					0
					0
					0
					0
					0
					0
					0
					0
					0
					0
					0
					0
					0
					0
					0
					0
					0
					0
					0
					0
					0
					0
					0
					0
					0
					0
					0
					0
					0
					0
					0
					0
					0
					0
					0
					0
					0
					0
					0
					0
					0
					0
					0
					0
					0
					0
					0
					0
					0
					0
					0
					0
					0
					0
					0
					0
					0
					0
					0
					0
					0
					0
					0
					0
					0
					0
					0
					0
					0
					0
					0
					0
					0
					0
					0
					0
					0
					0
					0
					0
					0
					0
					0
					0
					0
					0
					0
					0
					0
					0
					0
					0
					0
					0
					0
					0
					0
					0
					0
					0
					0
					0
					0
					0
					0
					0
					0
					0
					0
					0
					0
					0
					0
					0
					0
					0
					0
					0
					0
					0
					0
					0
					0
					0
					0
					0
					0
					0
					0
					0
					0
					0
					0
					0
					0
					0
					0
					0
					0
					0
					0
					0
					0
					0
					0
					0
					0
					0
					0
					0
					0
					0
					0
					0
					0
					0
					0
					0
					0
					0
					0
					0
					0
					0
					0
					0
					0
					0
					0
					0
					0
					0
					0
					0
					0
					0
					0
					0
					0
					0
					0
					0
					0
					0
					0
					0
					0
					0
					0
					0
					0
					0
					0
					0
					0
					0
					0
					0
					0
					0
					0
					0
					0
					0
					0
					0
					0
					0
					0
					0
					0
					0
					0
					0
					0
					0
					0
					0
					0
					0
					0
					0
					0
					0
					0
					0
					0
					0
					0
					0
					0
					0
					0
					0
					0
					0
					0
					0
					0
					0
					0
					0
					0
					0
					0
					0
					0
					0
					0
					0
					0
					0
					0
					0
					0
					0
					0
					0
					0
					0
					0
					0
					0
					0
					0
					0
					0
					0
					0
					0
					0
					0
					0
					0
					0
					0
					0
					0
					0
					0
					0
					0
					0
					0
					0
					0
					0
					0
					0
					0
					0
					0
					0
					0
					0
					0
					0
					0
					0
					0
					0
					0
					0
					0
					0
					0
					0
					0
					0
					0
					0
					0
					0
					0
					0
					0
					0
					0
					0
					0
					0
					0
					0
					0
					0
					0
					0
					0
					0
					0
					0
					0
					0
					0
					0
					0
					0
					0
					0
					0
					0
					0
					0
					0
					0
					0
					0
					0
					0
					0
					0
					0
					0
					0
					0
					0
					0
					0
					0
					0
					0
					0
					0
					0
					0
					0
					0
					0
					0
					0
					0
					0
					0
					0
					0
					0
					0
					0
					0
					0
					0
					0
					0
					0
					0
					0
					0
					0
					0
					0
					0
					0
					0
					0
					0
					0
					0
					0
					0
					0
					0
					0
					0
					0
					0
					0
					0
					0
					0
					0
					0
					0
					0
					0
					0
					0
					0
					0
					0
					0
					0
					0
					0
					0
					0
					0
					0
					0
					0
					0
					0
					0
					0
					0
					0
					0
					0
					0
					0
					0
					0
					0
					0
					0
					0
					0
					0
					0
					0
					0
					0
					0
					0
					0
					0
					0
					0
					0
					0
					0
					0
					0
					0
					0
					0
					0
					0
					0
					0
					0
					0
					0
					0
					0
					0
					0
					0
					0
					0
					0
					0
					0
2021-02-09	1.15	1.15	1.18	1.18	80000
2021-02-09	1.15	1.15	1.18	1.18	
					0
					0
					0
					0
					0
					0
					0
					0
					0
					0
					0
					0
					0
					0
					0
					0
					0
					0
					0
					0
					0
					0
					0
					0
					0
					0
					0
					0
					0
					0
					0
					0
					0
					0
					0
					0
					0
					0
					0
					0
					0
					0
					0
					0
					0
					0
					0
					0
					0
					0
					0
					0
					0
					0
					0
					0
					0
					0
					0
					0
					0
					0
					0
					0
					0
					0
					0
					0
					0
					0
					0
					0
					0
					0
					0
					0
					0
					0
					0
					0
					0
					0
					0
					0
					0
					0
					0
					0
					0
					0
					0
					0
					0
					0
					0
					0
					0
					0
					0
					0
					0
					0
					0
					0
					0
					0
					0
					0
					0
					0
					0
					0
					0
					0
					0
					0
					0
					0
					0
					0
					0
					0
					0
					0
					0
					0
					0
					0
					0
					0
					0
					0
					0
					0
					0
					0
					0
					0
					0
					0
					0
					0
					0
					0
					0
					0
					0
					0
					0
					0
					0
					0
					0
					0
					0
					0
					0
					0
					0
					0
					0
					0
					0
					0
					0
					0
					0
					0
					0
					0
					0
					0
					0
					0
2021-11-03	0.44	0.44	0.44	0.44	
2021-11-03	0.44	0.44	0.44	0.44	50000
					0
					0
					0
					0
					0
					0
					0
					0
					0
					0
					0
					0
					0
					0
					0
					0
					0
					0
					0
					0
					0
					0
					0
					0
					0
					0
					0
2021-12-15	1.04	1.04	1.09	1.09	
2021-12-15	1.04	1.04	1.09	1.09	80000
					0
					0
					0
					0
					0
					0
					0
					0
					0
					0
					0
					0
					0
					0
					0
					0
					0
					0
					0
					0
					0
					0
					0
					0
					0
					0
					0
					0
					0
					0
					0
					0
2022-02-02	1.05	1.05	1.06	1.06	200000
2022-02-02	1.05	1.05	1.06	1.06	
					0
					0
					0
					0
					0
					0
					0
					0
					0
					0
					0
					0
					0
					0
					0
					0
					0
					0
					0
					0
					0
					0
					0
					0
					0
					0
					0
					0
					0
					0
					0
					0
					0
					0
					0
					0
					0
					0
					0
					0
					0
					0
					0
					0
					0
					0
					0
					0
					0
					0
					0
					0
					0
					0
					0
					0
					0
					0
					0
					0
					0
					0
					0
					0
					0
					0
					0
					0
					0
					0
					0
					0
					0
					0
					0
					0
					0
					0
					0
					0
					0
					0
					0
					0
					0
					0
					0
					0
					0
					0
					0
					0
					0
					0
					0
					0
					0
					0
					0
					0
					0
					0
					0
					0
					0
					0
					0
					0
					0
					0
					0
					0
					0
					0
					0
					0
					0
					0
					0
					0
					0
					0
					0
					0
					0
					0
					0
					0
					0
					0
					0
					0
					0
					0
					0
					0
					0
					0
					0
					0
					0
					0
					0
					0
					0
					0
					0
					0
					0
					0
					0
					0
					0
					0
					0
					0
					0
					0
					0
					0
					0
					0
					0
					0
					0
					0
					0
					0
					0
					0
					0
					0
					0
					0
					0
					0
					0
					0
					0
					0
					0
					0
					0
					0
					0
					0
					0
					0
					0
					0
					0
					0
					0
					0
					0
					0
					0
					0
					0
					0
					0
					0
					0
					0
					0
					0
					0
					0
					0
					0
					0
					0
					0
					0
					0
					0
					0
					0
					0
