Date	Price Open	Price Low	Price High	Price Close	Volume
2000-01-04	5.854566999	5.588450317	6.014237008	5.801343663	659485
2000-01-05	5.748120326	5.748120326	5.748120326	5.748120326	3757
2000-01-05	5.748120326	5.748120326	5.748120326	5.748120326	
					0
					0
2000-01-10	5.748120326	5.69489699	5.748120326	5.69489699	56366
2000-01-11	5.854566999	5.535226981	5.854566999	5.535226981	189766
2000-01-11	5.854566999	5.535226981	5.854566999	5.535226981	
					0
					0
2000-01-14	5.748120326	5.748120326	5.854566999	5.854566999	150310
2000-01-17	5.801343663	5.801343663	5.854566999	5.854566999	97701
2000-01-18	5.961013672	5.961013672	6.386800363	6.386800363	18788
2000-01-19	5.961013672	5.961013672	6.333577026	6.333577026	54487
2000-01-20	6.386800363	6.227130354	6.386800363	6.227130354	48850
2000-01-21	6.440023699	6.440023699	6.599693708	6.599693708	3757
2000-01-24	6.652917044	6.652917044	6.812587053	6.812587053	24425
2000-01-25	6.972257063	6.972257063	7.078703735	7.078703735	7515
2000-01-26	7.238373744	6.86581039	7.398043753	6.86581039	73276
2000-01-27	6.812587053	6.706140381	7.078703735	7.078703735	82670
2000-01-28	6.812587053	6.759363717	6.812587053	6.812587053	26304
2000-01-31	6.919033726	6.919033726	6.919033726	6.919033726	3757
2000-02-01	6.759363717	6.759363717	6.759363717	6.759363717	3757
2000-02-02	6.759363717	6.759363717	6.759363717	6.759363717	1354668
2000-02-03	6.86581039	6.86581039	7.025480399	7.025480399	20667
2000-02-04	6.652917044	6.652917044	6.652917044	6.652917044	3757
2000-02-04	6.652917044	6.652917044	6.652917044	6.652917044	
					0
					0
2000-02-09	6.759363717	6.759363717	6.919033726	6.919033726	11273
2000-02-09	6.759363717	6.759363717	6.919033726	6.919033726	
					0
2000-02-11	7.078703735	6.919033726	7.664160435	7.664160435	135279
2000-02-14	7.717383771	7.717383771	8.03672379	8.03672379	26304
2000-02-15	7.717383771	7.717383771	7.717383771	7.717383771	
2000-02-15	7.717383771	7.717383771	7.717383771	7.717383771	18788
					0
2000-02-17	7.291597081	7.078703735	7.291597081	7.238373744	189766
2000-02-17	7.291597081	7.078703735	7.291597081	7.238373744	
					0
					0
2000-02-23	7.238373744	7.238373744	7.344820417	7.344820417	13152
2000-02-23	7.238373744	7.238373744	7.344820417	7.344820417	
					0
2000-02-25	7.344820417	7.344820417	7.557713762	7.45126709	
2000-02-25	7.344820417	7.344820417	7.557713762	7.45126709	20667
					0
2000-02-29	7.291597081	7.291597081	7.291597081	7.291597081	1878
2000-03-01	7.398043753	7.398043753	7.45126709	7.45126709	785369
2000-03-02	7.398043753	7.398043753	7.45126709	7.45126709	15031
2000-03-03	7.557713762	7.557713762	7.557713762	7.557713762	
2000-03-03	7.557713762	7.557713762	7.557713762	7.557713762	7515
					0
					0
					0
2000-03-09	7.717383771	7.717383771	7.717383771	7.717383771	75155
2000-03-09	7.717383771	7.717383771	7.717383771	7.717383771	
					0
					0
2000-03-14	8.249617135	8.249617135	8.249617135	8.249617135	
2000-03-14	8.249617135	8.249617135	8.249617135	8.249617135	146552
					0
					0
					0
					0
					0
2000-03-22	7.504490426	7.398043753	7.504490426	7.45126709	1099141
2000-03-23	7.45126709	7.185150408	7.610937099	7.291597081	892465
2000-03-23	7.45126709	7.185150408	7.610937099	7.291597081	
					0
2000-03-27	7.983500453	7.983500453	7.983500453	7.983500453	18788
2000-03-27	7.983500453	7.983500453	7.983500453	7.983500453	
					0
					0
2000-03-30	8.089947126	7.983500453	8.089947126	8.089947126	253648
2000-03-30	8.089947126	7.983500453	8.089947126	8.089947126	
					0
					0
					0
					0
2000-04-07	8.196393799	8.196393799	8.196393799	8.196393799	30062
2000-04-07	8.196393799	8.196393799	8.196393799	8.196393799	
					0
					0
					0
2000-04-17	7.983500453	7.983500453	8.03672379	8.03672379	37577
2000-04-18	9.367307198	7.664160435	9.846317226	7.717383771	853009
2000-04-19	7.664160435	7.664160435	7.664160435	7.664160435	1878
2000-04-20	7.717383771	7.717383771	7.717383771	7.717383771	18788
2000-04-21	7.877053781	7.877053781	8.03672379	7.983500453	
2000-04-21	7.877053781	7.877053781	8.03672379	7.983500453	294983
					0
					0
2000-04-26	8.03672379	8.03672379	8.196393799	8.196393799	112732
2000-04-27	8.249617135	8.03672379	8.249617135	8.03672379	1655288
2000-04-27	8.249617135	8.03672379	8.249617135	8.03672379	
					0
					0
					0
					0
					0
					0
					0
					0
					0
					0
					0
					0
					0
					0
					0
					0
					0
					0
					0
					0
					0
					0
					0
					0
					0
					0
2000-06-08	5.9901	5.9401825	6.089935	6.089935	871437
2000-06-09	5.9901	5.890265	5.9901	5.890265	95157
2000-06-09	5.9901	5.890265	5.9901	5.890265	
					0
2000-06-13	5.79043	5.6406775	5.79043	5.6406775	126208
2000-06-13	5.79043	5.6406775	5.79043	5.6406775	
					0
2000-06-15	5.8403475	5.8403475	6.089935	6.0400175	22036
2000-06-16	5.9901	5.9901	5.9901	5.9901	100165
2000-06-16	5.9901	5.9901	5.9901	5.9901	
					0
2000-06-20	5.9901	5.9401825	5.9901	5.9901	525867
2000-06-21	5.9401825	5.9401825	5.9401825	5.9401825	871437
2000-06-22	5.9401825	5.9401825	5.9401825	5.9401825	8013
2000-06-23	5.9401825	5.9401825	5.9401825	5.9401825	67110
2000-06-23	5.9401825	5.9401825	5.9401825	5.9401825	
					0
					0
					0
					0
					0
2000-07-03	5.79043	5.7405125	5.79043	5.7405125	
2000-07-03	5.79043	5.7405125	5.79043	5.7405125	10016
					0
					0
2000-07-06	5.3411725	5.291255	5.3411725	5.291255	15024
2000-07-07	5.2413375	5.1415025	5.2413375	5.1415025	157259
2000-07-07	5.2413375	5.1415025	5.2413375	5.1415025	
					0
2000-07-11				5.6406775	
					0
					0
					0
					0
					0
					0
					0
2000-07-24	4.492575	4.492575	4.492575	4.492575	
2000-07-24	4.492575	4.492575	4.492575	4.492575	22036
					0
					0
					0
2000-07-28	4.292905	4.292905	4.292905	4.292905	3004
2000-07-31	3.893565	3.893565	3.893565	3.893565	5008
2000-08-01	4.1431525	4.1431525	4.1431525	4.1431525	3004
2000-08-01	4.1431525	4.1431525	4.1431525	4.1431525	
					0
2000-08-03	4.5424925	4.5424925	4.5424925	4.5424925	7011
2000-08-04	4.6423275	4.6423275	4.9418325	4.9418325	28046
2000-08-04	4.6423275	4.6423275	4.9418325	4.9418325	
					0
					0
					0
					0
					0
					0
					0
2000-08-17	5.5408425	5.5408425	5.5408425	5.5408425	12019
2000-08-17	5.5408425	5.5408425	5.5408425	5.5408425	
					0
					0
					0
					0
					0
					0
2000-08-28	4.99175	4.99175	4.99175	4.99175	20033
2000-08-28	4.99175	4.99175	4.99175	4.99175	
					0
					0
					0
					0
					0
					0
					0
					0
					0
					0
					0
					0
					0
2000-09-15	4.76712125	4.76712125	4.76712125	4.76712125	100165
2000-09-15	4.76712125	4.76712125	4.76712125	4.76712125	
					0
					0
					0
					0
					0
					0
					0
					0
					0
					0
					0
					0
					0
					0
					0
					0
					0
					0
					0
					0
					0
					0
					0
					0
					0
					0
					0
					0
					0
					0
					0
					0
					0
					0
					0
					0
					0
					0
					0
					0
2000-11-14	4.61736875	4.61736875	4.6423275	4.6423275	150247
2000-11-14	4.61736875	4.61736875	4.6423275	4.6423275	
					0
					0
					0
					0
					0
					0
					0
					0
					0
					0
					0
					0
					0
					0
					0
					0
					0
2000-12-12	4.0433175	4.01835875	4.0433175	4.01835875	
2000-12-12	4.0433175	4.01835875	4.0433175	4.01835875	60099
					0
					0
					0
					0
					0
					0
					0
					0
					0
					0
					0
					0
					0
					0
					0
					0
					0
					0
					0
					0
					0
					0
2001-01-12	4.093235	4.093235	4.093235	4.093235	10016
2001-01-12	4.093235	4.093235	4.093235	4.093235	
					0
					0
					0
					0
					0
					0
					0
					0
					0
					0
					0
					0
					0
2001-02-01	4.21802875	4.21802875	4.21802875	4.21802875	4006
2001-02-01	4.21802875	4.21802875	4.21802875	4.21802875	
					0
					0
					0
					0
					0
					0
					0
					0
					0
					0
					0
					0
					0
					0
					0
					0
2001-02-26	4.2429875	4.2429875	4.26794625	4.26794625	
2001-02-26	4.2429875	4.2429875	4.26794625	4.26794625	60099
					0
					0
2001-03-01	4.41769875	4.2429875	4.41769875	4.2429875	
2001-03-01	4.41769875	4.2429875	4.41769875	4.2429875	6009
					0
					0
					0
					0
					0
					0
					0
					0
					0
					0
					0
2001-03-19	4.11819375	4.11819375	4.11819375	4.11819375	3112135
2001-03-19	4.11819375	4.11819375	4.11819375	4.11819375	
					0
					0
					0
					0
					0
					0
					0
					0
					0
					0
					0
					0
					0
					0
					0
					0
					0
					0
					0
					0
					0
					0
					0
					0
					0
					0
					0
					0
					0
					0
					0
					0
					0
					0
					0
					0
					0
					0
					0
					0
					0
					0
					0
					0
					0
					0
2001-05-23	3.9934	3.9934	3.9934	3.9934	10016
2001-05-23	3.9934	3.9934	3.9934	3.9934	
					0
					0
					0
					0
					0
					0
					0
					0
					0
					0
					0
					0
2001-06-11	4.01835875	4.01835875	4.01835875	4.01835875	2003
2001-06-11	4.01835875	4.01835875	4.01835875	4.01835875	
					0
					0
					0
2001-06-15	4.21802875	4.21802875	4.21802875	4.21802875	10116692
2001-06-18	4.21802875	4.21802875	4.26794625	4.26794625	15205088
2001-06-19	4.16811125	4.1431525	4.16811125	4.16811125	21445384
2001-06-20	4.19307	4.19307	4.19307	4.19307	30049
2001-06-21	4.19307	4.19307	4.21802875	4.21802875	5318775
2001-06-22	4.19307	4.19307	4.19307	4.19307	14023138
2001-06-25	4.292905	4.292905	4.492575	4.492575	146241
2001-06-26	4.492575	4.492575	4.59241	4.59241	162267
2001-06-27	4.9418325	4.9418325	4.99175	4.99175	20033
2001-06-27	4.9418325	4.9418325	4.99175	4.99175	
					0
					0
2001-07-02	5.091585	5.091585	5.091585	5.091585	
2001-07-02	5.091585	5.091585	5.091585	5.091585	30049
					0
2001-07-04	4.99175	4.99175	4.99175	4.99175	40066
2001-07-05	4.9418325	4.9418325	4.9418325	4.9418325	
2001-07-05	4.9418325	4.9418325	4.9418325	4.9418325	30049
					0
					0
					0
					0
					0
					0
					0
					0
					0
					0
					0
					0
					0
					0
					0
					0
					0
					0
					0
					0
					0
					0
					0
2001-08-08	5.19142	5.19142	5.19142	5.19142	5008
2001-08-08	5.19142	5.19142	5.19142	5.19142	
					0
					0
					0
					0
					0
					0
					0
					0
					0
					0
					0
					0
					0
					0
					0
					0
					0
2001-09-03	5.5408425	5.5408425	5.5408425	5.5408425	20033
2001-09-04	5.6406775	5.6406775	5.6406775	5.6406775	
2001-09-04	5.6406775	5.6406775	5.6406775	5.6406775	1001
					0
					0
					0
					0
					0
					0
					0
					0
					0
					0
					0
					0
					0
					0
					0
					0
					0
					0
					0
					0
					0
					0
					0
					0
					0
					0
					0
					0
					0
					0
					0
					0
					0
					0
					0
					0
					0
					0
					0
					0
					0
					0
					0
					0
					0
					0
					0
					0
					0
					0
					0
					0
					0
					0
					0
					0
					0
					0
					0
					0
					0
					0
					0
					0
					0
					0
					0
					0
					0
					0
					0
					0
					0
					0
					0
					0
					0
					0
					0
					0
					0
					0
					0
					0
					0
					0
					0
					0
2002-01-07	5.5408425	5.5408425	5.6406775	5.6406775	65508
2002-01-07	5.5408425	5.5408425	5.6406775	5.6406775	
					0
2002-01-09	5.79043	5.79043	5.79043	5.79043	
2002-01-09	5.79043	5.79043	5.79043	5.79043	242399
					0
					0
					0
					0
					0
					0
					0
					0
2002-01-22	5.8403475	5.8403475	5.8403475	5.8403475	52085
2002-01-23	5.890265	5.890265	5.890265	5.890265	
2002-01-23	5.890265	5.890265	5.890265	5.890265	18029
					0
					0
2002-01-28	6.089935	6.0400175	6.1398525	6.0400175	115190
2002-01-28	6.089935	6.0400175	6.1398525	6.0400175	
					0
					0
2002-01-31	6.0400175	6.0400175	6.0400175	6.0400175	95157
2002-01-31	6.0400175	6.0400175	6.0400175	6.0400175	
					0
2002-02-04	6.1398525	6.1398525	6.1398525	6.1398525	8013
2002-02-04	6.1398525	6.1398525	6.1398525	6.1398525	
					0
					0
					0
					0
					0
					0
					0
					0
2002-02-15	7.287955	7.287955	7.287955	7.287955	5008
2002-02-18	7.38779	7.38779	7.38779	7.38779	10016
2002-02-19	7.18812	7.18812	7.18812	7.18812	1001
2002-02-19	7.18812	7.18812	7.18812	7.18812	
					0
					0
					0
					0
					0
					0
					0
					0
					0
					0
					0
					0
					0
					0
					0
					0
					0
					0
					0
					0
					0
					0
					0
2002-03-25	6.58911	6.58911	6.58911	6.58911	2303
2002-03-25	6.58911	6.58911	6.58911	6.58911	
					0
					0
					0
					0
					0
					0
					0
					0
					0
					0
					0
					0
					0
					0
					0
					0
					0
					0
					0
					0
					0
2002-04-24	5.9901	5.9901	5.9901	5.9901	20033
2002-04-25	5.9901	5.9901	5.9901	5.9901	13021
2002-04-25	5.9901	5.9901	5.9901	5.9901	
					0
					0
					0
					0
					0
2002-05-03	5.6406775	5.6406775	5.6406775	5.6406775	
2002-05-03	5.6406775	5.6406775	5.6406775	5.6406775	20033
					0
					0
					0
					0
					0
					0
					0
					0
					0
					0
					0
					0
					0
					0
					0
					0
					0
					0
					0
					0
					0
					0
					0
					0
					0
					0
					0
					0
					0
					0
					0
					0
					0
					0
					0
					0
					0
2002-06-26	15.075085	5.19142	15.075085	5.19142	20033
2002-06-26	15.075085	5.19142	15.075085	5.19142	
					0
					0
					0
					0
					0
					0
					0
					0
					0
					0
					0
					0
					0
					0
					0
					0
					0
					0
					0
					0
					0
					0
					0
					0
					0
					0
					0
					0
					0
					0
					0
					0
					0
					0
					0
					0
					0
					0
					0
					0
					0
					0
					0
					0
					0
					0
					0
					0
					0
					0
					0
					0
					0
					0
					0
					0
					0
					0
					0
					0
					0
					0
					0
					0
					0
					0
					0
					0
					0
					0
					0
					0
					0
					0
					0
					0
					0
					0
					0
					0
					0
					0
					0
					0
					0
					0
					0
					0
					0
					0
					0
					0
					0
					0
					0
					0
					0
					0
					0
					0
					0
					0
					0
					0
					0
					0
					0
					0
					0
					0
					0
					0
					0
					0
					0
					0
					0
					0
					0
					0
					0
					0
					0
					0
					0
					0
					0
					0
					0
					0
					0
					0
					0
					0
					0
					0
					0
2003-01-06	4.492575	4.492575	4.492575	4.492575	
2003-01-06	4.492575	4.492575	4.492575	4.492575	1702
					0
					0
					0
					0
					0
					0
					0
					0
					0
					0
					0
					0
					0
					0
					0
					0
					0
					0
					0
					0
					0
					0
					0
					0
					0
2003-02-11	4.272938	4.272938	4.272938	4.272938	
2003-02-11	4.272938	4.272938	4.272938	4.272938	200330
					0
					0
					0
					0
					0
					0
					0
					0
					0
					0
					0
					0
					0
					0
					0
					0
					0
					0
					0
					0
					0
					0
					0
					0
					0
					0
					0
					0
					0
					0
					0
					0
					0
					0
					0
					0
					0
					0
					0
					0
					0
					0
					0
					0
					0
					0
					0
					0
					0
					0
					0
					0
					0
					0
					0
					0
					0
					0
					0
					0
					0
					0
					0
					0
					0
					0
					0
					0
					0
					0
					0
					0
					0
					0
					0
					0
					0
					0
					0
					0
					0
					0
					0
					0
					0
					0
					0
					0
					0
					0
					0
					0
					0
					0
					0
					0
					0
					0
					0
					0
					0
					0
					0
					0
					0
					0
					0
					0
					0
					0
					0
					0
					0
					0
					0
					0
					0
					0
					0
					0
					0
					0
					0
					0
					0
					0
					0
					0
					0
					0
2003-08-13	5.0416675	5.0416675	5.0416675	5.0416675	
2003-08-13	5.0416675	5.0416675	5.0416675	5.0416675	6009
					0
					0
					0
					0
					0
					0
					0
					0
					0
					0
					0
					0
2003-09-01	5.5408425	5.5408425	5.5408425	5.5408425	
2003-09-01	5.5408425	5.5408425	5.5408425	5.5408425	300
					0
					0
					0
					0
					0
					0
					0
					0
2003-09-12	5.6406775	5.6406775	5.6406775	5.6406775	
2003-09-12	5.6406775	5.6406775	5.6406775	5.6406775	3004
					0
					0
					0
					0
					0
					0
					0
					0
					0
					0
					0
					0
					0
2003-10-02	4.891915	4.891915	4.891915	4.891915	
					0
					0
					0
					0
					0
					0
					0
2003-10-14	4.891915	4.891915	4.931849	4.931849	
					0
					0
					0
					0
					0
					0
					0
					0
					0
					0
					0
					0
					0
					0
					0
					0
					0
					0
					0
					0
					0
					0
					0
					0
					0
					0
					0
					0
					0
					0
					0
					0
					0
					0
					0
					0
					0
					0
					0
					0
					0
					0
					0
					0
					0
					0
					0
					0
					0
					0
					0
					0
					0
					0
					0
					0
					0
					0
					0
2004-01-06	4.452641	4.452641	6.38944	6.38944	
					0
					0
					0
					0
					0
					0
					0
					0
					0
					0
					0
					0
					0
					0
					0
					0
					0
					0
					0
2004-02-03	6.38944	6.38944	6.38944	6.38944	
					0
					0
					0
					0
					0
					0
					0
					0
					0
					0
					0
					0
					0
					0
					0
					0
2004-02-26	6.38944	6.38944	6.38944	6.38944	
					0
					0
					0
					0
					0
					0
					0
					0
					0
					0
					0
2004-03-15	6.289605	6.289605	6.289605	6.289605	
					0
					0
					0
					0
					0
					0
					0
					0
					0
					0
					0
					0
					0
					0
					0
					0
					0
					0
					0
					0
					0
					0
					0
					0
					0
					0
					0
					0
					0
					0
					0
					0
					0
					0
					0
					0
					0
					0
					0
					0
					0
					0
					0
					0
2004-05-17	5.9901	5.9901	5.9901	5.9901	
					0
					0
					0
					0
					0
					0
					0
					0
					0
					0
					0
					0
					0
					0
					0
					0
					0
					0
					0
					0
					0
					0
					0
					0
					0
					0
					0
					0
					0
					0
					0
					0
					0
					0
					0
					0
					0
					0
					0
					0
					0
					0
					0
					0
					0
					0
					0
					0
					0
					0
					0
					0
					0
					0
					0
					0
					0
					0
					0
					0
					0
					0
					0
					0
					0
					0
					0
					0
					0
					0
					0
					0
					0
					0
					0
					0
					0
					0
					0
					0
					0
					0
					0
					0
					0
					0
					0
					0
					0
					0
					0
					0
					0
					0
					0
					0
					0
					0
					0
					0
					0
					0
					0
					0
					0
					0
					0
					0
					0
					0
					0
					0
					0
					0
					0
					0
					0
					0
					0
					0
					0
					0
					0
					0
					0
2004-11-09	3.494225	3.494225	3.494225	3.494225	
					0
					0
					0
					0
					0
					0
2004-11-18	3.9934	3.9934	3.9934	3.9934	
					0
					0
					0
					0
					0
					0
					0
					0
					0
					0
					0
					0
					0
					0
					0
					0
					0
					0
					0
					0
					0
					0
					0
					0
2004-12-23	3.893565	3.893565	3.893565	3.893565	
					0
2004-12-27	3.893565	3.893565	3.893565	3.893565	
					0
					0
					0
					0
					0
					0
					0
2005-01-07	4.093235	4.093235	4.093235	4.093235	
					0
					0
					0
					0
					0
					0
					0
2005-01-19	3.893565	3.893565	3.893565	3.893565	
					0
					0
					0
					0
					0
					0
2005-01-28	3.893565	3.893565	3.893565	3.893565	
					0
					0
					0
					0
					0
					0
					0
2005-02-09	3.893565	3.893565	3.893565	3.893565	
					0
					0
					0
					0
					0
					0
					0
					0
					0
					0
					0
					0
					0
					0
					0
					0
					0
					0
					0
					0
					0
					0
					0
					0
					0
2005-03-18	4.153136	4.153136	4.153136	4.153136	
					0
					0
					0
					0
					0
					0
					0
					0
					0
					0
					0
					0
					0
					0
					0
					0
					0
					0
					0
					0
					0
					0
					0
					0
					0
					0
					0
					0
					0
					0
2005-05-10	4.532509	4.532509	4.552476	4.552476	
					0
					0
					0
					0
					0
					0
					0
					0
					0
					0
					0
					0
					0
					0
					0
					0
					0
					0
					0
					0
					0
					0
					0
					0
					0
					0
					0
					0
					0
					0
					0
					0
					0
					0
					0
					0
					0
					0
					0
2005-07-07	3.9934	3.9934	3.9934	3.9934	
					0
					0
					0
					0
					0
					0
					0
					0
					0
					0
					0
					0
					0
					0
					0
					0
					0
					0
					0
					0
					0
					0
					0
2005-08-11	4.552476	4.552476	4.692245	4.692245	
					0
					0
					0
					0
					0
					0
					0
					0
					0
					0
					0
					0
					0
					0
					0
2005-09-05	5.490925	5.490925	5.490925	5.490925	
					0
					0
					0
					0
					0
					0
					0
					0
					0
					0
					0
					0
					0
2005-09-23	5.9401825	5.9401825	5.9401825	5.9401825	
					0
					0
					0
					0
					0
					0
					0
					0
					0
					0
					0
					0
					0
					0
					0
					0
					0
					0
					0
					0
					0
					0
					0
					0
					0
					0
					0
					0
					0
					0
					0
					0
					0
					0
					0
					0
					0
					0
					0
					0
					0
					0
					0
					0
					0
					0
					0
					0
					0
					0
					0
					0
2005-12-09	5.291255	5.291255	5.291255	5.291255	
					0
					0
					0
					0
					0
					0
					0
					0
					0
					0
					0
					0
					0
					0
					0
					0
					0
					0
					0
					0
					0
					0
					0
					0
					0
					0
					0
					0
					0
					0
					0
					0
					0
					0
					0
					0
					0
					0
					0
					0
					0
					0
					0
					0
					0
					0
					0
					0
					0
					0
					0
					0
					0
					0
					0
					0
					0
					0
					0
					0
					0
					0
					0
					0
					0
2006-03-15	5.291255	5.291255	5.291255	5.291255	
					0
					0
					0
					0
					0
					0
					0
					0
					0
					0
					0
					0
					0
					0
					0
					0
					0
					0
					0
					0
					0
					0
					0
					0
					0
					0
					0
					0
					0
					0
					0
2006-05-08	5.8403475	5.8403475	5.8403475	5.8403475	
2006-05-09	5.9401825	5.9401825	5.9401825	5.9401825	
2006-05-10	5.79043	5.79043	5.79043	5.79043	
					0
					0
					0
					0
					0
2006-05-19	5.7405125	5.7405125	5.7405125	5.7405125	
2006-05-22	5.59076	5.59076	5.59076	5.59076	
					0
					0
					0
					0
					0
					0
					0
					0
					0
					0
					0
					0
					0
					0
					0
					0
					0
					0
					0
					0
					0
					0
					0
					0
					0
					0
					0
					0
					0
2006-07-06	0.99835	0.99835	5.291255	5.291255	
2006-07-07	5.490925	5.490925	5.490925	5.490925	
					0
2006-07-12	5.490925	5.490925	5.490925	5.490925	
					0
					0
					0
					0
					0
					0
					0
					0
					0
					0
					0
					0
					0
					0
					0
					0
2006-08-04	4.99175	4.99175	4.99175	4.99175	
					0
					0
					0
					0
					0
					0
					0
					0
					0
					0
					0
					0
					0
					0
					0
					0
					0
					0
					0
					0
					0
					0
					0
					0
					0
					0
					0
					0
					0
					0
					0
					0
					0
					0
					0
					0
					0
					0
					0
					0
					0
					0
					0
					0
					0
					0
					0
					0
					0
					0
					0
					0
					0
					0
					0
					0
					0
					0
					0
					0
					0
					0
					0
					0
					0
					0
					0
					0
					0
					0
					0
					0
					0
					0
					0
					0
					0
					0
					0
					0
					0
					0
					0
					0
					0
					0
					0
					0
					0
					0
					0
					0
					0
					0
					0
					0
					0
					0
					0
					0
					0
					0
2007-01-05	4.891915	4.891915	4.891915	4.891915	28847
2007-01-05	4.891915	4.891915	4.891915	4.891915	
					0
					0
					0
					0
					0
					0
					0
					0
2007-01-18					
2007-01-18					450743
					0
					0
2007-01-23	4.59241	4.59241	4.59241	4.59241	1001
2007-01-24	4.59241	4.59241	4.612377	4.612377	
2007-01-24	4.59241	4.59241	4.612377	4.612377	116191
					0
					0
					0
					0
					0
					0
					0
					0
					0
					0
					0
					0
					0
					0
					0
					0
					0
					0
					0
					0
					0
					0
					0
					0
					0
					0
					0
					0
					0
2007-03-08	4.99175	4.99175	4.99175	4.99175	2003
2007-03-08	4.99175	4.99175	4.99175	4.99175	
					0
					0
					0
					0
					0
					0
					0
					0
					0
					0
					0
					0
					0
					0
					0
					0
					0
					0
					0
					0
					0
					0
					0
					0
					0
					0
					0
					0
					0
					0
					0
					0
					0
					0
					0
					0
					0
					0
					0
					0
					0
					0
					0
					0
					0
					0
					0
					0
					0
					0
					0
					0
					0
					0
					0
					0
					0
					0
					0
					0
					0
					0
					0
					0
					0
					0
					0
					0
					0
					0
					0
					0
					0
2007-06-28					200330
2007-06-28					
					0
					0
					0
					0
					0
					0
2007-07-09	5.4410075	5.4410075	5.4410075	5.4410075	21535
2007-07-09	5.4410075	5.4410075	5.4410075	5.4410075	
					0
					0
					0
					0
					0
2007-07-17	4.99175	4.99175	4.99175	4.99175	22136
2007-07-17	4.99175	4.99175	4.99175	4.99175	
					0
					0
					0
					0
					0
					0
					0
					0
2007-07-31	4.99175	3.9934	4.99175	3.9934	2003
2007-07-31	4.99175	3.9934	4.99175	3.9934	
					0
					0
					0
					0
					0
					0
					0
					0
					0
					0
					0
					0
					0
					0
					0
					0
2007-08-24	4.59241	4.59241	4.59241	4.59241	10016
2007-08-24	4.59241	4.59241	4.59241	4.59241	
					0
					0
					0
					0
					0
					0
					0
					0
					0
					0
					0
					0
					0
					0
					0
					0
					0
					0
					0
					0
					0
					0
					0
					0
					0
					0
					0
					0
					0
					0
					0
					0
					0
					0
					0
					0
					0
					0
					0
					0
					0
					0
					0
					0
					0
					0
					0
					0
					0
					0
					0
					0
					0
					0
					0
					0
					0
					0
					0
					0
					0
					0
					0
					0
					0
					0
					0
					0
					0
					0
					0
					0
					0
					0
					0
					0
					0
					0
					0
					0
					0
					0
					0
					0
					0
					0
					0
					0
					0
					0
					0
					0
					0
					0
					0
					0
					0
					0
					0
					0
					0
					0
					0
					0
					0
					0
					0
					0
					0
					0
					0
					0
					0
					0
					0
					0
					0
					0
					0
					0
					0
					0
					0
					0
					0
					0
					0
					0
					0
					0
					0
					0
					0
					0
					0
					0
					0
					0
					0
					0
					0
					0
					0
					0
					0
					0
					0
					0
					0
					0
					0
					0
					0
					0
					0
					0
					0
					0
2008-04-17	4.79208	4.79208	4.79208	4.79208	
2008-04-17	4.79208	4.79208	4.79208	4.79208	9014
					0
					0
					0
					0
					0
					0
					0
					0
					0
					0
					0
					0
					0
					0
					0
					0
					0
					0
					0
					0
					0
					0
					0
					0
					0
					0
					0
					0
					0
					0
					0
					0
					0
					0
					0
					0
					0
					0
					0
					0
					0
					0
					0
					0
					0
					0
					0
					0
					0
					0
					0
					0
					0
					0
					0
					0
					0
					0
					0
					0
					0
					0
					0
					0
					0
					0
					0
					0
					0
					0
					0
					0
					0
					0
					0
					0
					0
					0
					0
					0
					0
					0
					0
					0
					0
					0
					0
					0
					0
					0
					0
					0
					0
					0
					0
					0
					0
					0
					0
					0
					0
					0
					0
					0
					0
					0
					0
					0
					0
					0
					0
					0
					0
					0
					0
					0
					0
					0
					0
					0
					0
					0
					0
					0
					0
					0
					0
					0
					0
					0
					0
					0
					0
					0
					0
					0
					0
2008-11-06	2.935149	2.935149	2.955116	2.955116	
2008-11-06	2.935149	2.935149	2.955116	2.955116	801322
					0
					0
					0
					0
					0
					0
					0
					0
					0
					0
					0
					0
					0
					0
					0
					0
					0
					0
					0
					0
					0
					0
					0
					0
					0
					0
					0
					0
					0
					0
					0
					0
					0
					0
					0
					0
					0
					0
					0
					0
					0
					0
					0
					0
					0
					0
					0
					0
					0
					0
					0
					0
					0
2009-01-28	3.59406	3.59406	3.59406	3.59406	
2009-01-28	3.59406	3.59406	3.59406	3.59406	100
					0
					0
					0
					0
					0
					0
					0
					0
					0
					0
					0
					0
					0
					0
					0
					0
					0
					0
					0
					0
					0
					0
					0
					0
					0
					0
					0
					0
					0
					0
					0
					0
					0
					0
					0
					0
					0
					0
					0
					0
					0
					0
					0
					0
					0
					0
					0
					0
					0
					0
					0
					0
					0
					0
					0
					0
					0
					0
					0
					0
					0
					0
					0
					0
					0
					0
					0
					0
					0
					0
2009-05-19	4.113202	4.113202	4.113202	4.113202	
2009-05-19	4.113202	4.113202	4.113202	4.113202	1001
					0
2009-05-21	4.093235	4.093235	4.093235	4.093235	
2009-05-21	4.093235	4.093235	4.093235	4.093235	1001
					0
					0
					0
					0
					0
					0
					0
					0
					0
2009-06-04	4.252971	4.252971	4.252971	4.252971	1001
2009-06-05	4.292905	4.292905	4.292905	4.292905	1001
2009-06-05	4.292905	4.292905	4.292905	4.292905	
					0
					0
					0
					0
					0
					0
					0
					0
					0
					0
					0
					0
					0
					0
					0
					0
					0
					0
					0
					0
					0
					0
					0
					0
					0
					0
					0
					0
					0
					0
					0
					0
					0
					0
					0
					0
					0
					0
					0
					0
					0
					0
					0
					0
					0
					0
					0
					0
					0
					0
					0
					0
					0
					0
					0
					0
					0
					0
					0
					0
					0
					0
					0
					0
					0
					0
					0
					0
					0
					0
					0
					0
					0
					0
					0
					0
					0
2009-09-29	7.9868	7.9868	7.9868	7.9868	
2009-09-29	7.9868	7.9868	7.9868	7.9868	100165
					0
					0
2009-10-02	7.9868	7.9868	7.9868	7.9868	1001
2009-10-02	7.9868	7.9868	7.9868	7.9868	
					0
					0
					0
					0
					0
					0
					0
					0
					0
					0
					0
					0
					0
					0
					0
					0
					0
					0
					0
					0
					0
					0
					0
					0
					0
					0
					0
					0
					0
2009-11-16	11.481025	11.481025	11.481025	11.481025	
2009-11-16	11.481025	11.481025	11.481025	11.481025	5008
					0
2009-11-18	11.281355	11.281355	11.281355	11.281355	
2009-11-18	11.281355	11.281355	11.281355	11.281355	22637
					0
					0
					0
					0
					0
					0
					0
					0
					0
					0
					0
					0
					0
					0
					0
					0
					0
					0
					0
					0
					0
					0
					0
					0
					0
					0
					0
					0
2010-01-04	11.281355	11.18152	11.281355	11.281355	
2010-01-04	11.281355	11.18152	11.281355	11.281355	333350
					0
					0
					0
					0
					0
					0
					0
					0
					0
					0
					0
					0
					0
					0
					0
					0
					0
					0
					0
					0
					0
					0
					0
					0
					0
					0
					0
					0
					0
					0
					0
					0
					0
					0
					0
					0
					0
					0
					0
					0
					0
					0
					0
					0
					0
					0
					0
					0
					0
					0
					0
					0
					0
					0
					0
2010-03-24	14.476075	14.476075	14.476075	14.476075	173185
2010-03-24	14.476075	14.476075	14.476075	14.476075	
					0
					0
					0
					0
					0
					0
					0
					0
					0
					0
					0
					0
					0
2010-04-19	13.57756	13.57756	13.57756	13.57756	
2010-04-19	13.57756	13.57756	13.57756	13.57756	901487
					0
					0
					0
					0
					0
					0
					0
					0
					0
					0
					0
					0
2010-05-10	17.670795	17.670795	17.670795	17.670795	200330
2010-05-11	18.469475	18.269805	18.469475	18.269805	
2010-05-11	18.469475	18.269805	18.469475	18.269805	475184
					0
					0
					0
					0
					0
					0
2010-05-24	17.37129	17.37129	17.37129	17.37129	56092
2010-05-24	17.37129	17.37129	17.37129	17.37129	
					0
2010-05-26	16.97195	16.97195	16.97195	16.97195	
2010-05-26	16.97195	16.97195	16.97195	16.97195	1001
					0
					0
					0
					0
2010-06-03	17.57096	17.57096	17.57096	17.57096	801
2010-06-04	17.57096	17.57096	17.57096	17.57096	200
2010-06-04	17.57096	17.57096	17.57096	17.57096	
					0
					0
					0
2010-06-10	17.670795	17.670795	17.77063	17.77063	420694
2010-06-11	17.9703	17.870465	17.9703	17.870465	
2010-06-11	17.9703	17.870465	17.9703	17.870465	252817
					0
					0
					0
					0
					0
					0
					0
					0
					0
					0
					0
					0
					0
					0
					0
					0
					0
					0
					0
					0
					0
					0
					0
					0
					0
					0
2010-07-21	23.9604	23.9604	23.9604	23.9604	2604
2010-07-21	23.9604	23.9604	23.9604	23.9604	
					0
					0
2010-07-27	23.061885	23.061885	23.061885	23.061885	1101
2010-07-27	23.061885	23.061885	23.061885	23.061885	
					0
					0
2010-07-30	24.060235	23.9604	24.060235	23.9604	60099
2010-07-30	24.060235	23.9604	24.060235	23.9604	
					0
					0
					0
2010-08-05	24.16007	24.16007	24.16007	24.16007	42069
2010-08-05	24.16007	24.16007	24.16007	24.16007	
					0
					0
2010-08-10	24.95875	24.75908	24.95875	24.858915	146842
2010-08-11	24.95875	24.95875	24.95875	24.95875	151950
2010-08-16	24.35974	24.35974	24.858915	24.858915	381629
2010-08-17	24.95875	24.95875	24.95875	24.95875	4006
2010-08-18	25.457925	25.457925	25.457925	25.457925	
2010-08-18	25.457925	25.457925	25.457925	25.457925	192317
					0
					0
					0
2010-08-24	25.9571	25.9571	25.9571	25.9571	15024
2010-08-25	25.457925	25.457925	25.457925	25.457925	60099
2010-08-25	25.457925	25.457925	25.457925	25.457925	
					0
2010-08-27	25.9571	25.9571	25.9571	25.9571	22036
2010-08-27	25.9571	25.9571	25.9571	25.9571	
					0
					0
2010-09-01	24.259905	24.259905	25.7075125	25.7075125	134521
2010-09-01	24.259905	24.259905	25.7075125	25.7075125	
					0
					0
					0
2010-09-07	24.35974	24.35974	24.35974	24.35974	55090
2010-09-07	24.35974	24.35974	24.35974	24.35974	
					0
					0
2010-09-10	24.95875	24.95875	24.95875	24.95875	
2010-09-10	24.95875	24.95875	24.95875	24.95875	13021
					0
					0
2010-09-15	24.55941	24.55941	24.55941	24.55941	8714
2010-09-15	24.55941	24.55941	24.55941	24.55941	
					0
					0
					0
					0
2010-09-22	25.2083375	25.2083375	25.2083375	25.2083375	4307
2010-09-22	25.2083375	25.2083375	25.2083375	25.2083375	
					0
					0
					0
					0
					0
					0
					0
					0
					0
					0
					0
					0
2010-10-11	23.36139	23.36139	24.259905	24.259905	183703
2010-10-11	23.36139	23.36139	24.259905	24.259905	
					0
					0
2010-10-14	23.76073	23.76073	23.860565	23.860565	112585
2010-10-15	23.860565	23.660895	23.860565	23.660895	33655
2010-10-18	23.9604	23.061885	23.9604	23.061885	3105
2010-10-19	23.061885	23.061885	23.16172	23.16172	310111
2010-10-20	23.16172	23.16172	23.16172	23.16172	15926
2010-10-21	23.36139	23.36139	23.76073	23.76073	218861
2010-10-21	23.36139	23.36139	23.76073	23.76073	
					0
					0
					0
					0
					0
					0
					0
					0
					0
					0
					0
					0
					0
					0
					0
					0
					0
2010-11-17	22.462875	22.462875	22.462875	22.462875	500826
2010-11-17	22.462875	22.462875	22.462875	22.462875	
					0
					0
2010-11-22	23.660895	23.660895	23.76073	23.76073	100365
2010-11-23	24.060235	24.060235	24.060235	24.060235	1001
2010-11-23	24.060235	24.060235	24.060235	24.060235	
					0
					0
					0
					0
					0
					0
					0
					0
					0
					0
					0
					0
					0
2010-12-15	23.461225	23.461225	23.461225	23.461225	801
2010-12-15	23.461225	23.461225	23.461225	23.461225	
					0
					0
					0
					0
					0
					0
					0
					0
					0
					0
					0
					0
2011-01-05					
2011-01-05					70115
					0
					0
					0
					0
					0
2011-01-13					30049
2011-01-13					
					0
					0
					0
					0
					0
					0
2011-01-24	23.261555	23.261555	23.261555	23.261555	3004
2011-01-24	23.261555	23.261555	23.261555	23.261555	
					0
					0
					0
					0
					0
					0
					0
					0
					0
					0
					0
					0
					0
					0
					0
					0
					0
					0
					0
					0
					0
					0
2011-02-25	24.060235	24.060235	24.060235	24.060235	100
2011-02-25	24.060235	24.060235	24.060235	24.060235	
					0
					0
					0
					0
					0
					0
2011-03-08	24.060235	24.060235	24.060235	24.060235	5609
2011-03-08	24.060235	24.060235	24.060235	24.060235	
					0
					0
					0
					0
					0
2011-03-16	24.95875	24.858915	24.95875	24.858915	318425
2011-03-16	24.95875	24.858915	24.95875	24.858915	
					0
					0
					0
2011-03-22					6009
2011-03-22					
					0
2011-03-24	23.9604	23.9604	23.9604	23.9604	
					0
					0
2011-03-29	25.457925	25.457925	25.457925	25.457925	93654
2011-03-29	25.457925	25.457925	25.457925	25.457925	
					0
					0
					0
					0
					0
					0
					0
					0
					0
2011-04-18	27.454625	27.454625	27.454625	27.454625	5008
2011-04-18	27.454625	27.454625	27.454625	27.454625	
					0
					0
					0
					0
					0
					0
					0
					0
					0
					0
					0
2011-05-06	27.9538	27.9538	28.2033875	28.2033875	3405
2011-05-09	29.451325	29.451325	29.451325	29.451325	
2011-05-09	29.451325	29.451325	29.451325	29.451325	100
					0
2011-05-11	31.1984375	31.1984375	31.448025	31.448025	17528
2011-05-12	31.6976125	31.6976125	31.6976125	31.6976125	
2011-05-12	31.6976125	31.6976125	31.6976125	31.6976125	2003
					0
2011-05-18	31.448025	31.448025	31.448025	31.448025	
2011-05-18	31.448025	31.448025	31.448025	31.448025	3004
					0
					0
					0
					0
					0
					0
2011-05-27	31.448025	31.448025	31.448025	31.448025	
2011-05-27	31.448025	31.448025	31.448025	31.448025	100
					0
					0
					0
					0
					0
					0
					0
					0
					0
					0
					0
					0
2011-06-15					10016
2011-06-15					
					0
					0
					0
					0
					0
					0
					0
					0
					0
					0
					0
2011-07-04					8213
2011-07-05					
2011-07-05					90148
					0
2011-07-07	29.7009125	29.7009125	29.7009125	29.7009125	
2011-07-07	29.7009125	29.7009125	29.7009125	29.7009125	1001
					0
					0
					0
					0
					0
					0
					0
					0
					0
					0
2011-07-25	30.2000875	30.2000875	30.2000875	30.2000875	
2011-07-25	30.2000875	30.2000875	30.2000875	30.2000875	400
					0
2011-07-27	30.94885	30.94885	30.94885	30.94885	1502
2011-07-27	30.94885	30.94885	30.94885	30.94885	
					0
					0
					0
					0
					0
					0
					0
					0
2011-08-09	28.95215	28.95215	28.95215	28.95215	
2011-08-09	28.95215	28.95215	28.95215	28.95215	1001
					0
					0
					0
					0
					0
					0
					0
					0
					0
					0
					0
					0
					0
					0
					0
					0
					0
					0
					0
					0
					0
					0
					0
					0
					0
					0
					0
					0
					0
					0
					0
					0
					0
					0
					0
					0
					0
					0
					0
					0
					0
					0
					0
					0
					0
					0
					0
					0
					0
					0
					0
					0
					0
					0
					0
					0
					0
					0
					0
					0
					0
					0
					0
					0
					0
					0
					0
					0
					0
					0
					0
					0
					0
					0
					0
					0
					0
					0
					0
					0
					0
					0
					0
					0
					0
					0
					0
					0
					0
					0
					0
					0
					0
					0
					0
					0
2011-12-28	32.1967875	32.1967875	32.1967875	32.1967875	6009
2011-12-28	32.1967875	32.1967875	32.1967875	32.1967875	
					0
					0
					0
					0
					0
2012-01-09	34.443075	34.443075	34.443075	34.443075	
2012-01-09	34.443075	34.443075	34.443075	34.443075	50082
					0
2012-01-11					130214
2012-01-11					
					0
					0
					0
					0
					0
					0
					0
					0
					0
					0
					0
					0
					0
					0
					0
2012-02-02					
2012-02-02					40066
					0
2012-02-06	37.1885375	37.1885375	37.1885375	37.1885375	
2012-02-06	37.1885375	37.1885375	37.1885375	37.1885375	3505
					0
2012-02-08	36.93895	36.93895	36.93895	36.93895	2003
2012-02-08	36.93895	36.93895	36.93895	36.93895	
					0
					0
					0
					0
					0
					0
					0
					0
					0
					0
					0
					0
					0
					0
					0
					0
					0
					0
					0
					0
					0
					0
					0
					0
					0
					0
					0
					0
					0
					0
					0
					0
					0
					0
					0
					0
					0
					0
					0
					0
					0
					0
					0
2012-04-17					331847
2012-04-17					
					0
					0
					0
					0
					0
					0
					0
					0
					0
					0
					0
					0
					0
					0
					0
					0
					0
2012-05-15					48479
2012-05-15					
					0
					0
					0
2012-05-21	36.93895	36.93895	36.93895	36.93895	
2012-05-21	36.93895	36.93895	36.93895	36.93895	2003
					0
					0
					0
					0
					0
					0
					0
					0
					0
					0
					0
					0
					0
					0
					0
					0
					0
					0
					0
					0
					0
					0
					0
					0
					0
					0
					0
					0
					0
					0
					0
					0
					0
					0
					0
					0
					0
					0
					0
					0
					0
					0
					0
					0
					0
					0
					0
					0
					0
					0
2012-08-01					4106
2012-08-01					
					0
					0
					0
					0
					0
					0
					0
					0
					0
					0
					0
					0
					0
					0
					0
					0
					0
					0
					0
					0
					0
					0
					0
					0
					0
					0
					0
					0
					0
					0
					0
					0
					0
					0
					0
					0
					0
					0
					0
					0
					0
					0
					0
					0
					0
					0
					0
					0
					0
					0
					0
					0
					0
					0
					0
					0
					0
					0
					0
					0
					0
					0
					0
					0
					0
					0
2012-11-07	36.1901875	36.1901875	36.1901875	36.1901875	3505
2012-11-07	36.1901875	36.1901875	36.1901875	36.1901875	
					0
					0
					0
					0
					0
					0
					0
					0
					0
					0
					0
					0
					0
					0
					0
					0
					0
					0
					0
					0
					0
					0
2012-12-12	32.446375	32.1967875	32.446375	32.1967875	1903
2012-12-12	32.446375	32.1967875	32.446375	32.1967875	
					0
					0
					0
					0
					0
					0
					0
					0
					0
					0
					0
					0
					0
					0
					0
					0
					0
					0
					0
					0
					0
					0
					0
					0
					0
					0
					0
					0
					0
					0
2013-01-28	34.94225	34.94225	34.94225	34.94225	
2013-01-28	34.94225	34.94225	34.94225	34.94225	1001
					0
					0
					0
					0
					0
					0
					0
					0
					0
					0
					0
					0
					0
					0
					0
					0
					0
					0
					0
					0
					0
					0
					0
					0
					0
					0
					0
					0
					0
					0
					0
					0
					0
					0
2013-03-19	34.94225	34.94225	34.94225	34.94225	
2013-03-19	34.94225	34.94225	34.94225	34.94225	10016
					0
					0
					0
					0
					0
					0
					0
					0
					0
					0
					0
					0
					0
					0
					0
					0
					0
					0
					0
					0
					0
					0
					0
					0
					0
					0
					0
					0
2013-05-03	28.452975	28.452975	28.452975	28.452975	
2013-05-03	28.452975	28.452975	28.452975	28.452975	400
					0
					0
					0
					0
					0
					0
					0
					0
					0
					0
2013-05-21	28.452975	28.452975	30.94885	30.94885	2103
2013-05-21	28.452975	28.452975	30.94885	30.94885	
					0
2013-05-23	29.9505	29.9505	29.9505	29.9505	1001
2013-05-23	29.9505	29.9505	29.9505	29.9505	
					0
2013-05-28	29.9505	29.9505	29.9505	29.9505	
2013-05-28	29.9505	29.9505	29.9505	29.9505	4006
					0
					0
					0
					0
					0
					0
					0
					0
					0
					0
					0
					0
					0
					0
					0
					0
					0
					0
					0
					0
					0
					0
					0
					0
					0
					0
					0
					0
2013-07-09	27.2050375	27.2050375	27.2050375	27.2050375	2804
2013-07-09	27.2050375	27.2050375	27.2050375	27.2050375	
					0
					0
					0
					0
					0
					0
					0
					0
2013-07-23	27.9538	27.9538	28.2033875	28.2033875	
2013-07-23	27.9538	27.9538	28.2033875	28.2033875	1402
					0
					0
					0
					0
					0
					0
					0
					0
					0
					0
					0
					0
					0
					0
					0
					0
					0
					0
					0
2013-08-21	22.96205	22.96205	23.76073	23.76073	6009
2013-08-21	22.96205	22.96205	23.76073	23.76073	
					0
2013-08-23	23.76073	23.76073	23.76073	23.76073	
2013-08-23	23.76073	23.76073	23.76073	23.76073	3105
					0
					0
					0
					0
					0
					0
					0
					0
					0
					0
					0
					0
					0
					0
					0
					0
					0
					0
					0
					0
					0
					0
					0
					0
					0
					0
					0
					0
					0
					0
					0
					0
					0
					0
					0
					0
					0
					0
					0
					0
					0
					0
					0
					0
					0
					0
					0
					0
					0
					0
					0
					0
					0
					0
					0
					0
					0
					0
					0
2013-11-18	26.7058625	26.7058625	26.7058625	26.7058625	10016
2013-11-18	26.7058625	26.7058625	26.7058625	26.7058625	
					0
					0
					0
					0
					0
2013-11-26	26.456275	26.456275	26.456275	26.456275	36660
2013-11-26	26.456275	26.456275	26.456275	26.456275	
					0
					0
					0
					0
					0
					0
					0
					0
					0
					0
					0
					0
					0
					0
					0
					0
					0
					0
					0
					0
					0
					0
					0
					0
					0
					0
					0
					0
					0
					0
					0
					0
					0
					0
					0
					0
					0
					0
					0
					0
					0
					0
					0
					0
					0
					0
					0
					0
					0
					0
					0
					0
					0
					0
					0
					0
					0
					0
					0
					0
					0
					0
					0
					0
					0
					0
					0
					0
					0
					0
					0
					0
					0
					0
					0
					0
					0
					0
					0
					0
					0
					0
					0
					0
					0
					0
					0
					0
					0
					0
					0
					0
					0
					0
					0
					0
					0
					0
					0
					0
					0
					0
					0
					0
					0
					0
					0
					0
					0
					0
					0
					0
					0
					0
					0
					0
					0
					0
					0
					0
					0
					0
					0
					0
					0
					0
					0
					0
					0
					0
					0
					0
					0
					0
					0
					0
					0
					0
					0
					0
					0
					0
					0
					0
					0
					0
					0
					0
					0
					0
					0
					0
					0
					0
					0
					0
					0
					0
					0
					0
					0
					0
					0
					0
					0
					0
					0
					0
					0
					0
					0
					0
					0
					0
					0
					0
					0
					0
					0
					0
2014-08-28	26.95545	26.95545	26.95545	26.95545	2403
2014-08-28	26.95545	26.95545	26.95545	26.95545	
					0
					0
					0
					0
2014-09-04	31.448025	31.448025	31.448025	31.448025	
2014-09-04	31.448025	31.448025	31.448025	31.448025	400
					0
					0
					0
					0
					0
					0
					0
					0
					0
					0
					0
					0
					0
					0
					0
					0
					0
					0
					0
2014-10-03	29.9505	29.9505	30.449675	30.449675	
2014-10-03	29.9505	29.9505	30.449675	30.449675	109280
					0
					0
					0
					0
					0
					0
					0
					0
					0
					0
					0
					0
					0
					0
					0
					0
					0
					0
					0
					0
					0
					0
					0
					0
					0
					0
					0
					0
					0
					0
					0
					0
					0
					0
					0
					0
					0
					0
					0
					0
					0
					0
					0
					0
					0
					0
					0
					0
					0
					0
					0
					0
					0
					0
					0
					0
					0
					0
					0
					0
					0
					0
					0
					0
					0
					0
					0
					0
					0
					0
					0
					0
					0
					0
					0
2015-01-27	24.95875	24.95875	24.95875	24.95875	
2015-01-27	24.95875	24.95875	24.95875	24.95875	100
					0
					0
2015-01-30	25.2083375	25.2083375	25.2083375	25.2083375	100
2015-01-30	25.2083375	25.2083375	25.2083375	25.2083375	
					0
					0
					0
					0
					0
					0
					0
					0
					0
					0
					0
					0
					0
					0
					0
					0
					0
					0
					0
					0
					0
					0
					0
					0
					0
					0
					0
					0
					0
					0
					0
					0
					0
					0
					0
					0
					0
					0
					0
					0
					0
					0
					0
					0
					0
					0
					0
					0
					0
					0
					0
					0
					0
					0
					0
					0
					0
					0
					0
					0
					0
					0
					0
					0
					0
					0
					0
					0
					0
					0
					0
					0
					0
					0
					0
					0
					0
					0
					0
					0
					0
					0
					0
					0
					0
					0
					0
					0
					0
					0
					0
					0
					0
					0
					0
					0
					0
					0
					0
					0
					0
					0
					0
					0
					0
					0
					0
					0
					0
					0
					0
2015-07-21	25.457925	25.457925	25.457925	25.457925	
2015-07-21	25.457925	25.457925	25.457925	25.457925	7211
					0
					0
					0
					0
					0
					0
					0
					0
					0
					0
					0
					0
					0
					0
					0
					0
					0
					0
					0
					0
					0
					0
					0
					0
					0
					0
					0
					0
					0
					0
					0
					0
					0
					0
					0
					0
					0
					0
2015-09-16	11.481025	11.481025	11.481025	11.481025	100
2015-09-16	11.481025	11.481025	11.481025	11.481025	
					0
					0
2015-09-21	21.56436	21.56436	21.56436	21.56436	
2015-09-21	21.56436	21.56436	21.56436	21.56436	49581
					0
					0
					0
					0
					0
					0
					0
					0
					0
					0
					0
					0
					0
					0
					0
					0
					0
					0
					0
					0
					0
					0
					0
					0
					0
					0
					0
					0
					0
					0
					0
					0
					0
					0
					0
					0
					0
					0
					0
2015-11-17	21.9637	21.065185	21.9637	21.065185	
2015-11-17	21.9637	21.065185	21.9637	21.065185	40066
					0
					0
					0
2015-11-23	22.16337	22.16337	22.16337	22.16337	13021
2015-11-23	22.16337	22.16337	22.16337	22.16337	
					0
2015-11-25	20.76568	20.76568	20.76568	20.76568	13021
2015-11-26	21.065185	21.065185	21.065185	21.065185	10016
2015-11-26	21.065185	21.065185	21.065185	21.065185	
					0
					0
					0
					0
					0
					0
					0
					0
					0
					0
					0
					0
					0
					0
					0
					0
					0
					0
					0
2015-12-28	21.065185	21.065185	21.065185	21.065185	3004
2015-12-29	13.9769	13.9769	13.9769	13.9769	3004
2015-12-29	13.9769	13.9769	13.9769	13.9769	
					0
					0
					0
					0
					0
					0
2016-01-11	17.870465	17.870465	17.870465	17.870465	7011
2016-01-11	17.870465	17.870465	17.870465	17.870465	
					0
					0
					0
					0
					0
					0
					0
					0
					0
					0
					0
					0
					0
					0
					0
					0
					0
					0
					0
					0
					0
					0
					0
					0
					0
					0
					0
					0
					0
					0
					0
					0
					0
					0
					0
					0
					0
					0
					0
					0
					0
					0
2016-03-11	21.56436	21.56436	21.56436	21.56436	
2016-03-11	21.56436	21.56436	21.56436	21.56436	9415
					0
					0
					0
					0
					0
					0
					0
					0
					0
					0
					0
					0
					0
					0
					0
					0
					0
					0
2016-04-08	24.95875	24.95875	24.95875	24.95875	2504
2016-04-08	24.95875	24.95875	24.95875	24.95875	
					0
					0
					0
					0
					0
					0
					0
					0
					0
					0
					0
					0
					0
					0
					0
					0
2016-05-10	25.457925	25.457925	25.457925	25.457925	2504
2016-05-10	25.457925	25.457925	25.457925	25.457925	
					0
					0
					0
					0
					0
					0
					0
					0
					0
					0
2016-05-26	29.7009125	29.7009125	29.7009125	29.7009125	2504
2016-05-27	29.451325	29.451325	29.451325	29.451325	200
2016-05-30	29.451325	29.451325	29.451325	29.451325	
2016-05-30	29.451325	29.451325	29.451325	29.451325	200
					0
					0
					0
2016-06-03	29.7009125	29.7009125	29.7009125	29.7009125	10016
2016-06-03	29.7009125	29.7009125	29.7009125	29.7009125	
					0
					0
					0
					0
2016-06-10	28.7025625	28.7025625	28.7025625	28.7025625	
2016-06-10	28.7025625	28.7025625	28.7025625	28.7025625	4006
					0
					0
					0
					0
					0
					0
					0
					0
					0
					0
					0
					0
					0
					0
					0
					0
2016-07-06	27.7042125	27.454625	27.7042125	27.454625	733710
2016-07-06	27.7042125	27.454625	27.7042125	27.454625	
					0
					0
					0
2016-07-12	27.9538	27.7042125	27.9538	27.7042125	3004
2016-07-12	27.9538	27.7042125	27.9538	27.7042125	
					0
2016-07-14	27.9538	27.9538	27.9538	27.9538	
2016-07-14	27.9538	27.9538	27.9538	27.9538	73821
					0
					0
					0
					0
					0
					0
					0
					0
					0
2016-08-01	26.95545	26.95545	26.95545	26.95545	5008
2016-08-01	26.95545	26.95545	26.95545	26.95545	
					0
					0
					0
					0
					0
					0
2016-08-10	28.95215	28.95215	28.95215	28.95215	3706
2016-08-10	28.95215	28.95215	28.95215	28.95215	
					0
2016-08-15	31.448025	31.448025	31.448025	31.448025	2504
2016-08-15	31.448025	31.448025	31.448025	31.448025	
					0
2016-08-17	31.9472	31.9472	32.1967875	32.1967875	1101
2016-08-17	31.9472	31.9472	32.1967875	32.1967875	
					0
2016-08-19	32.94555	32.94555	32.94555	32.94555	52085
2016-08-19	32.94555	32.94555	32.94555	32.94555	
					0
					0
					0
2016-08-25	32.94555	32.94555	32.94555	32.94555	3105
2016-08-25	32.94555	32.94555	32.94555	32.94555	
					0
					0
					0
					0
					0
					0
					0
					0
					0
					0
					0
					0
					0
					0
					0
					0
					0
2016-09-20	30.6992625	30.449675	30.6992625	30.6992625	
2016-09-20	30.6992625	30.449675	30.6992625	30.6992625	12420
					0
					0
2016-09-23	32.94555	31.9472	32.94555	31.9472	
2016-09-23	32.94555	31.9472	32.94555	31.9472	3906
					0
					0
					0
					0
					0
					0
					0
					0
					0
					0
					0
					0
					0
					0
					0
					0
					0
					0
					0
					0
					0
					0
					0
					0
					0
					0
					0
					0
					0
					0
					0
					0
					0
					0
					0
					0
					0
					0
					0
					0
					0
					0
					0
					0
					0
					0
					0
					0
					0
					0
					0
					0
					0
					0
					0
					0
					0
					0
					0
					0
					0
					0
					0
					0
					0
					0
					0
					0
					0
					0
					0
					0
					0
					0
					0
					0
2017-01-17	29.7009125	29.7009125	29.7009125	29.7009125	2504
2017-01-17	29.7009125	29.7009125	29.7009125	29.7009125	
					0
					0
					0
					0
					0
					0
					0
					0
					0
					0
					0
					0
					0
					0
					0
					0
					0
					0
					0
					0
					0
					0
					0
					0
					0
					0
					0
					0
					0
					0
					0
					0
					0
					0
					0
					0
					0
					0
					0
					0
					0
					0
					0
					0
2017-03-22	27.9538	27.9538	28.2033875	28.2033875	16226
2017-03-22	27.9538	27.9538	28.2033875	28.2033875	
					0
					0
					0
					0
					0
2017-03-30	29.2017375	28.2033875	29.2017375	28.2033875	595682
2017-03-31	27.9538	27.7042125	27.9538	27.7042125	500
2017-03-31	27.9538	27.7042125	27.9538	27.7042125	
					0
					0
					0
					0
					0
2017-04-11	27.454625	27.454625	27.7042125	27.454625	
2017-04-11	27.454625	27.454625	27.7042125	27.454625	372915
					0
					0
					0
					0
					0
					0
					0
					0
					0
2017-04-27	26.456275	26.2066875	26.456275	26.2066875	14423
2017-04-27	26.456275	26.2066875	26.456275	26.2066875	
					0
					0
					0
					0
					0
					0
2017-05-09	25.2083375	25.2083375	25.2083375	25.2083375	400
2017-05-11	25.2083375	24.95875	25.2083375	24.95875	7011
2017-05-11	25.2083375	24.95875	25.2083375	24.95875	
					0
2017-05-15	24.459575	24.459575	24.459575	24.459575	7412
2017-05-16	24.459575	24.459575	24.459575	24.459575	45074
2017-05-16	24.459575	24.459575	24.459575	24.459575	
					0
2017-05-18	24.459575	24.459575	24.459575	24.459575	16727
2017-05-18	24.459575	24.459575	24.459575	24.459575	
					0
					0
2017-05-23	24.95875	24.95875	25.2083375	24.95875	426403
2017-05-23	24.95875	24.95875	25.2083375	24.95875	
					0
					0
					0
					0
					0
					0
					0
					0
					0
					0
2017-06-07	25.457925	25.457925	25.457925	25.457925	300
2017-06-08	24.95875	24.95875	24.95875	24.95875	1302
2017-06-08	24.95875	24.95875	24.95875	24.95875	
					0
2017-06-12	24.95875	24.95875	24.95875	24.95875	771773
2017-06-13	24.95875	24.95875	24.95875	24.95875	
2017-06-13	24.95875	24.95875	24.95875	24.95875	988531
					0
					0
2017-06-16	25.457925	25.457925	25.457925	25.457925	19331
2017-06-19	25.457925	25.457925	25.457925	25.457925	15725
2017-06-20	25.2083375	25.2083375	25.2083375	25.2083375	30049
2017-06-20	25.2083375	25.2083375	25.2083375	25.2083375	
					0
					0
2017-06-23	25.457925	25.457925	25.457925	25.457925	2103
2017-06-26	25.2083375	25.2083375	25.2083375	25.2083375	11619
2017-06-26	25.2083375	25.2083375	25.2083375	25.2083375	
					0
					0
					0
					0
					0
					0
					0
2017-07-06	24.8	24.8	24.8	24.8	100
2017-07-07	24.8	24.8	24.8	24.8	2500
2017-07-11	24.7	23.5	24.7	24.1	
2017-07-11	24.7	23.5	24.7	24.1	63400
					0
2017-07-13	24.1	24.1	24.3	24.3	1500
2017-07-14	24.5	24.5	24.6	24.6	1100
2017-07-17	25.0	25.0	25.0	25.0	1000
2017-07-18	25.5	25.5	25.5	25.5	100
2017-07-19	25.5	25.5	25.5	25.5	700
2017-07-19	25.5	25.5	25.5	25.5	
					0
					0
					0
					0
					0
					0
					0
					0
					0
					0
					0
2017-08-07	25.5	24.8	25.5	24.8	10000
2017-08-08	25.5	25.5	25.5	25.5	
2017-08-08	25.5	25.5	25.5	25.5	24200
					0
					0
					0
					0
					0
					0
					0
					0
2017-08-22	26.0	26.0	26.0	26.0	243600
2017-08-23	26.0	25.75	26.0	25.75	747900
2017-08-24	26.0	26.0	26.0	26.0	
2017-08-24	26.0	26.0	26.0	26.0	40000
					0
					0
					0
					0
					0
2017-09-01	26.75	26.75	27.0	26.75	
2017-09-01	26.75	26.75	27.0	26.75	236200
					0
					0
					0
					0
					0
					0
					0
					0
					0
					0
					0
					0
					0
					0
					0
					0
					0
					0
					0
					0
					0
					0
					0
					0
					0
					0
					0
					0
					0
					0
					0
					0
					0
					0
					0
					0
					0
					0
					0
					0
					0
					0
					0
					0
					0
					0
					0
					0
					0
					0
2017-11-16	24.4	24.3	24.4	24.3	211000
2017-11-16	24.4	24.3	24.4	24.3	
					0
					0
2017-11-21	24.5	24.5	24.5	24.5	
2017-11-21	24.5	24.5	24.5	24.5	5200
					0
					0
					0
					0
					0
					0
					0
					0
2017-12-04	24.1	24.1	24.1	24.1	4000
2017-12-06	23.8	23.7	23.8	23.7	2700
2017-12-06	23.8	23.7	23.8	23.7	
					0
2017-12-08	23.8	23.8	23.8	23.8	20900
2017-12-08	23.8	23.8	23.8	23.8	
					0
					0
					0
					0
					0
					0
					0
					0
					0
					0
					0
					0
2017-12-28	23.0	23.0	23.0	23.0	
2017-12-28	23.0	23.0	23.0	23.0	800
					0
					0
					0
					0
					0
2018-01-09	24.2	24.2	24.2	24.2	
2018-01-09	24.2	24.2	24.2	24.2	44900
					0
					0
					0
					0
2018-01-16	24.3	24.3	24.3	24.3	22900
2018-01-17	24.3	24.3	24.3	24.3	17000
2018-01-17	24.3	24.3	24.3	24.3	
					0
					0
					0
					0
					0
					0
					0
					0
					0
2018-01-31	24.2	24.2	24.2	24.2	4000
2018-01-31	24.2	24.2	24.2	24.2	
					0
					0
2018-02-05	24.3	24.3	24.3	24.3	
2018-02-05	24.3	24.3	24.3	24.3	100
					0
					0
					0
					0
					0
					0
					0
					0
					0
					0
					0
					0
2018-02-22	24.0	22.7	24.0	22.7	870300
2018-02-23	22.8	22.8	23.0	22.8	957300
2018-02-26	22.8	22.6	22.8	22.7	383200
2018-02-27	22.9	22.9	22.9	22.9	4400
2018-02-28	22.7	22.6	22.7	22.6	131300
2018-03-02	22.7	22.6	22.7	22.6	79500
2018-03-02	22.7	22.6	22.7	22.6	
					0
					0
2018-03-07	24.0	24.0	24.0	24.0	
2018-03-07	24.0	24.0	24.0	24.0	67300
					0
					0
					0
					0
					0
					0
					0
					0
					0
					0
					0
					0
					0
					0
					0
					0
					0
					0
					0
					0
					0
					0
					0
					0
					0
					0
					0
					0
					0
					0
					0
					0
					0
					0
2018-04-30	24.5	24.5	24.5	24.5	
2018-04-30	24.5	24.5	24.5	24.5	500
					0
2018-05-03	24.6	24.6	24.6	24.6	
2018-05-03	24.6	24.6	24.6	24.6	2000
					0
					0
					0
					0
					0
					0
					0
2018-05-15	24.7	24.7	24.7	24.7	3000
2018-05-15	24.7	24.7	24.7	24.7	
					0
					0
					0
					0
					0
2018-05-23	24.7	24.7	24.7	24.7	1200
2018-05-23	24.7	24.7	24.7	24.7	
					0
					0
					0
					0
					0
2018-06-01	25.5	25.5	25.5	25.5	1500
2018-06-01	25.5	25.5	25.5	25.5	
					0
					0
					0
					0
2018-06-08	26.0	26.0	26.0	26.0	1000
2018-06-08	26.0	26.0	26.0	26.0	
					0
					0
					0
					0
					0
					0
					0
					0
					0
					0
					0
					0
					0
					0
					0
					0
					0
					0
					0
					0
					0
					0
					0
					0
					0
					0
					0
					0
					0
					0
					0
					0
					0
					0
					0
					0
					0
					0
					0
					0
					0
					0
					0
2018-08-14	28.0	28.0	28.0	28.0	
2018-08-14	28.0	28.0	28.0	28.0	5000
					0
					0
					0
					0
					0
					0
					0
					0
					0
					0
					0
					0
					0
					0
					0
					0
					0
					0
					0
					0
					0
					0
					0
					0
					0
					0
					0
					0
					0
					0
					0
					0
					0
					0
					0
					0
					0
					0
					0
					0
					0
					0
					0
					0
					0
					0
					0
					0
					0
					0
					0
					0
					0
					0
					0
					0
					0
					0
					0
					0
					0
					0
					0
					0
					0
					0
					0
					0
					0
					0
					0
					0
					0
					0
					0
					0
					0
					0
2018-12-06	25.0	25.0	25.25	25.0	20200
2018-12-07	25.25	25.0	25.25	25.0	32000
2018-12-11	25.0	25.0	25.0	25.0	38100
2018-12-12	25.0	25.0	25.0	25.0	26000
2018-12-13	25.0	25.0	25.0	25.0	
2018-12-13	25.0	25.0	25.0	25.0	4800
					0
					0
					0
					0
					0
					0
					0
					0
					0
					0
					0
					0
					0
					0
2019-01-07	25.0	25.0	25.0	25.0	46800
2019-01-07	25.0	25.0	25.0	25.0	
					0
					0
2019-01-10	25.25	25.25	25.25	25.25	1000
2019-01-10	25.25	25.25	25.25	25.25	
					0
					0
					0
					0
					0
					0
					0
					0
					0
					0
2019-01-25	27.25	27.25	27.25	27.25	
2019-01-25	27.25	27.25	27.25	27.25	2000
					0
					0
2019-01-30	27.25	27.25	27.25	27.25	4800
2019-01-30	27.25	27.25	27.25	27.25	
					0
					0
					0
2019-02-05	25.75	25.75	25.75	25.75	1000
2019-02-05	25.75	25.75	25.75	25.75	
					0
					0
					0
					0
					0
					0
					0
					0
					0
					0
					0
					0
					0
					0
					0
					0
					0
					0
					0
					0
					0
					0
					0
					0
					0
					0
					0
					0
					0
					0
					0
					0
					0
					0
2019-03-27	25.5	25.5	25.5	25.5	66600
2019-03-27	25.5	25.5	25.5	25.5	
					0
					0
2019-04-01	25.5	25.5	25.5	25.5	
2019-04-01	25.5	25.5	25.5	25.5	62700
					0
					0
					0
					0
					0
2019-04-10	25.5	25.0	25.5	25.0	54400
2019-04-10	25.5	25.0	25.5	25.0	
					0
					0
2019-04-17	25.25	25.0	25.25	25.0	
2019-04-17	25.25	25.0	25.25	25.0	39000
					0
					0
2019-04-22	25.75	25.5	25.75	25.5	
2019-04-22	25.75	25.5	25.75	25.5	73300
					0
					0
					0
					0
					0
2019-04-30	26.75	26.75	26.75	26.75	10000
2019-05-02	27.75	27.75	28.25	28.0	307000
2019-05-03	27.75	27.75	28.25	28.25	56100
2019-05-03	27.75	27.75	28.25	28.25	
					0
					0
2019-05-09	28.25	28.25	28.25	28.25	1000
2019-05-10	27.0	27.0	27.25	27.25	1900
2019-05-13	28.25	27.75	28.25	27.75	5700
2019-05-13	28.25	27.75	28.25	27.75	
					0
					0
					0
					0
2019-05-21	26.25	26.25	26.5	26.5	3600
2019-05-22	27.0	27.0	27.25	27.0	32200
2019-05-22	27.0	27.0	27.25	27.0	
					0
					0
					0
					0
					0
2019-05-30	27.0	26.75	27.0	26.75	
2019-05-30	27.0	26.75	27.0	26.75	13900
					0
2019-06-04	27.75	27.75	28.0	28.0	1600
2019-06-04	27.75	27.75	28.0	28.0	
					0
					0
					0
2019-06-10	27.75	27.75	27.75	27.75	1400
2019-06-11	28.0	28.0	28.0	28.0	
2019-06-11	28.0	28.0	28.0	28.0	64800
					0
2019-06-13	28.25	28.25	28.5	28.5	4500
2019-06-13	28.25	28.25	28.5	28.5	
					0
					0
					0
					0
					0
					0
					0
					0
					0
					0
					0
2019-07-01	28.25	28.0	28.25	28.0	1600
2019-07-01	28.25	28.0	28.25	28.0	
					0
					0
					0
					0
					0
					0
					0
					0
					0
2019-07-15	28.75	28.75	28.75	28.75	
2019-07-15	28.75	28.75	28.75	28.75	1000
					0
					0
					0
					0
2019-07-23	28.5	28.5	28.5	28.5	600
2019-07-23	28.5	28.5	28.5	28.5	
					0
					0
					0
					0
					0
					0
					0
					0
					0
					0
					0
					0
					0
					0
2019-08-15	27.75	27.75	28.25	28.25	800
2019-08-15	27.75	27.75	28.25	28.25	
					0
					0
					0
					0
					0
2019-08-23	29.5	29.5	29.75	29.75	11700
2019-08-23	29.5	29.5	29.75	29.75	
					0
					0
					0
					0
					0
					0
2019-09-03	28.5	28.5	28.5	28.5	
2019-09-03	28.5	28.5	28.5	28.5	900
					0
					0
					0
					0
					0
					0
					0
2019-09-13	28.0	28.0	28.0	28.0	25000
2019-09-16	27.75	27.25	27.75	27.25	72500
2019-09-16	27.75	27.25	27.75	27.25	
					0
					0
2019-09-19	26.0	26.0	26.0	26.0	20000
2019-09-20	26.0	25.75	26.0	25.75	24600
2019-09-20	26.0	25.75	26.0	25.75	
					0
					0
					0
					0
					0
					0
2019-10-01	25.75	25.75	26.0	25.75	
2019-10-01	25.75	25.75	26.0	25.75	664600
					0
					0
					0
2019-10-07	26.25	26.0	26.25	26.0	7900
2019-10-08	26.0	26.0	26.0	26.0	1000
2019-10-09	25.75	25.75	25.75	25.75	
2019-10-09	25.75	25.75	25.75	25.75	68300
					0
					0
					0
					0
					0
2019-10-18	26.0	25.75	26.0	25.75	34700
2019-10-18	26.0	25.75	26.0	25.75	
					0
2019-10-22	25.5	25.5	25.5	25.5	
2019-10-22	25.5	25.5	25.5	25.5	93500
					0
2019-10-25	25.0	25.0	25.0	25.0	
2019-10-25	25.0	25.0	25.0	25.0	157400
					0
					0
					0
					0
					0
					0
					0
					0
					0
					0
					0
					0
					0
2019-11-14	25.75	25.75	25.75	25.75	8900
2019-11-14	25.75	25.75	25.75	25.75	
					0
2019-11-18	25.5	25.5	26.0	25.75	79900
2019-11-19	25.5	25.5	25.75	25.5	1106000
2019-11-20	25.5	25.25	25.5	25.25	1072000
2019-11-21	25.5	25.5	25.75	25.75	579500
2019-11-21	25.5	25.5	25.75	25.75	
					0
					0
					0
2019-11-27	27.5	27.5	27.5	27.5	8900
2019-11-28	27.25	27.25	27.25	27.25	1000
2019-11-29	27.25	27.25	27.25	27.25	
2019-11-29	27.25	27.25	27.25	27.25	15200
					0
2019-12-03	26.5	26.25	26.5	26.25	37400
2019-12-03	26.5	26.25	26.5	26.25	
					0
2019-12-06	26.5	26.25	26.5	26.25	15800
2019-12-06	26.5	26.25	26.5	26.25	
					0
2019-12-11	26.0	25.75	26.0	25.75	
2019-12-11	26.0	25.75	26.0	25.75	16900
					0
					0
2019-12-16	26.75	26.5	26.75	26.5	70400
2019-12-17	26.25	26.25	26.5	26.5	98300
2019-12-17	26.25	26.25	26.5	26.5	
					0
2019-12-19	26.5	26.5	26.5	26.5	100000
2019-12-19	26.5	26.5	26.5	26.5	
					0
					0
					0
					0
					0
					0
					0
					0
					0
					0
					0
					0
					0
					0
					0
					0
					0
					0
					0
					0
					0
					0
					0
					0
					0
					0
					0
					0
					0
2020-02-03	27.75	27.75	27.75	27.75	
2020-02-03	27.75	27.75	27.75	27.75	700
					0
2020-02-05	29.0	29.0	29.0	29.0	
2020-02-05	29.0	29.0	29.0	29.0	40000
					0
					0
					0
					0
					0
					0
					0
					0
2020-02-19	29.0	29.0	29.0	29.0	
2020-02-19	29.0	29.0	29.0	29.0	400
					0
					0
2020-02-24	29.0	29.0	29.0	29.0	
2020-02-24	29.0	29.0	29.0	29.0	100
					0
					0
					0
					0
					0
					0
					0
					0
					0
					0
					0
					0
					0
					0
					0
					0
					0
					0
2020-03-20	22.4	22.4	23.4	23.4	20000
2020-03-23	22.5	22.5	22.5	22.5	
2020-03-23	22.5	22.5	22.5	22.5	9000
					0
					0
					0
					0
					0
					0
					0
					0
					0
					0
					0
					0
					0
					0
					0
					0
					0
					0
					0
2020-04-21	27.0	27.0	27.25	27.0	5900
2020-04-21	27.0	27.0	27.25	27.0	
					0
					0
					0
					0
					0
2020-04-29	27.5	27.5	27.5	27.5	8900
2020-04-29	27.5	27.5	27.5	27.5	
					0
2020-05-05	27.0	26.75	27.0	26.75	6300
2020-05-07	26.75	26.75	26.75	26.75	100
2020-05-08	26.75	26.5	26.75	26.5	2000
2020-05-08	26.75	26.5	26.75	26.5	
					0
2020-05-12	28.5	28.5	28.5	28.5	15800
2020-05-12	28.5	28.5	28.5	28.5	
					0
2020-05-14	28.5	28.5	28.5	28.5	95100
2020-05-14	28.5	28.5	28.5	28.5	
					0
2020-05-18	28.75	28.75	28.75	28.75	233200
2020-05-19	29.0	28.75	29.0	28.75	
2020-05-19	29.0	28.75	29.0	28.75	486800
					0
2020-05-21	29.0	28.5	29.0	28.5	441500
2020-05-21	29.0	28.5	29.0	28.5	
					0
2020-05-25	28.5	28.5	28.75	28.75	26700
2020-05-25	28.5	28.5	28.75	28.75	
					0
2020-05-27	29.75	29.75	30.0	30.0	6400
2020-05-28	30.75	30.75	31.0	31.0	
2020-05-28	30.75	30.75	31.0	31.0	13600
					0
					0
					0
					0
2020-06-05	32.5	32.5	32.75	32.75	
2020-06-05	32.5	32.5	32.75	32.75	38300
					0
					0
					0
					0
2020-06-12	30.0	30.0	30.0	30.0	7300
2020-06-15	29.75	29.75	29.75	29.75	
2020-06-15	29.75	29.75	29.75	29.75	22700
					0
2020-06-17	31.0	31.0	31.0	31.0	
2020-06-17	31.0	31.0	31.0	31.0	4100
					0
2020-06-19	32.0	32.0	32.0	32.0	
2020-06-19	32.0	32.0	32.0	32.0	5600
					0
					0
					0
					0
					0
					0
					0
					0
					0
					0
2020-07-07	32.0	32.0	32.0	32.0	168200
2020-07-07	32.0	32.0	32.0	32.0	
					0
					0
					0
					0
					0
					0
					0
2020-07-17	33.5	33.5	33.75	33.75	53500
2020-07-17	33.5	33.5	33.75	33.75	
					0
					0
					0
2020-07-23	33.75	33.25	33.75	33.25	5200
2020-07-23	33.75	33.25	33.75	33.25	
					0
					0
					0
					0
					0
					0
2020-08-05	33.0	33.0	33.0	33.0	15700
2020-08-05	33.0	33.0	33.0	33.0	
					0
					0
					0
					0
					0
					0
					0
					0
					0
2020-08-20	32.75	32.75	32.75	32.75	1900
2020-08-20	32.75	32.75	32.75	32.75	
					0
					0
					0
					0
					0
2020-08-28	33.5	33.5	33.5	33.5	11600
2020-08-31	32.75	32.75	32.75	32.75	3000
2020-08-31	32.75	32.75	32.75	32.75	
					0
2020-09-02	30.25	30.25	31.25	31.25	751600
2020-09-02	30.25	30.25	31.25	31.25	
					0
2020-09-08	30.0	30.0	30.0	30.0	
2020-09-08	30.0	30.0	30.0	30.0	19400
					0
2020-09-10	29.5	29.25	29.5	29.25	
2020-09-10	29.5	29.25	29.5	29.25	83200
					0
					0
					0
					0
					0
					0
					0
					0
					0
					0
2020-09-25	27.5	27.5	27.5	27.5	
2020-09-25	27.5	27.5	27.5	27.5	3900
					0
2020-09-29	28.25	28.25	28.25	28.25	
2020-09-29	28.25	28.25	28.25	28.25	1300
					0
					0
					0
					0
					0
					0
					0
2020-10-09	28.25	27.5	28.25	27.5	
2020-10-09	28.25	27.5	28.25	27.5	140300
					0
					0
2020-10-15	26.5	26.0	26.5	26.0	750400
2020-10-16	26.0	26.0	26.0	26.0	38300
2020-10-19	25.75	25.75	26.0	25.75	5100
2020-10-19	25.75	25.75	26.0	25.75	
					0
					0
2020-10-22	25.75	25.75	26.0	26.0	
2020-10-22	25.75	25.75	26.0	26.0	38400
					0
					0
					0
2020-10-29	26.0	26.0	26.0	26.0	
2020-10-29	26.0	26.0	26.0	26.0	600
					0
					0
2020-11-03	26.0	25.75	26.0	26.0	3700
2020-11-04	25.75	25.25	25.75	25.5	319400
2020-11-05	25.75	25.5	25.75	25.5	
2020-11-05	25.75	25.5	25.75	25.5	200
					0
					0
					0
					0
					0
					0
					0
					0
					0
					0
					0
					0
2020-11-24	29.5	29.0	29.5	29.0	
2020-11-24	29.5	29.0	29.5	29.0	195500
					0
					0
					0
2020-11-30	29.0	28.75	29.0	28.75	2500
2020-11-30	29.0	28.75	29.0	28.75	
					0
					0
					0
					0
2020-12-08	28.75	28.75	28.75	28.75	2700
2020-12-08	28.75	28.75	28.75	28.75	
					0
2020-12-14	28.0	28.0	28.25	28.0	20400
2020-12-14	28.0	28.0	28.25	28.0	
					0
2020-12-16	27.5	27.5	27.5	27.5	1500
2020-12-16	27.5	27.5	27.5	27.5	
					0
					0
					0
					0
					0
					0
					0
					0
					0
					0
					0
					0
					0
					0
2021-01-08	28.0	28.0	28.0	28.0	
2021-01-08	28.0	28.0	28.0	28.0	2000
					0
					0
					0
					0
					0
					0
					0
					0
					0
					0
					0
					0
					0
					0
					0
					0
					0
					0
					0
					0
					0
					0
					0
					0
					0
2021-02-16	27.0	27.0	27.0	27.0	7900
2021-02-16	27.0	27.0	27.0	27.0	
					0
					0
2021-02-19	28.75	28.75	28.75	28.75	
2021-02-19	28.75	28.75	28.75	28.75	4000
					0
					0
					0
					0
2021-03-01	28.75	28.75	29.0	28.75	
2021-03-01	28.75	28.75	29.0	28.75	21500
					0
2021-03-03	29.5	29.5	29.5	29.5	
2021-03-03	29.5	29.5	29.5	29.5	26000
					0
					0
2021-03-08	29.0	29.0	29.0	29.0	
2021-03-08	29.0	29.0	29.0	29.0	3100
					0
					0
					0
					0
2021-03-15	30.25	30.25	30.25	30.25	
2021-03-15	30.25	30.25	30.25	30.25	2000
					0
2021-03-17	30.25	30.25	30.5	30.5	4000
2021-03-18	30.25	30.25	30.5	30.5	45600
2021-03-19	30.0	30.0	30.0	30.0	
2021-03-19	30.0	30.0	30.0	30.0	112900
					0
					0
					0
2021-03-25	29.0	29.0	29.0	29.0	
2021-03-25	29.0	29.0	29.0	29.0	12700
					0
					0
					0
2021-03-31	29.5	29.5	29.5	29.5	
2021-03-31	29.5	29.5	29.5	29.5	107300
					0
					0
					0
					0
					0
					0
					0
2021-04-16	29.0	29.0	29.0	29.0	100
2021-04-16	29.0	29.0	29.0	29.0	
					0
					0
					0
2021-04-22	29.0	29.0	29.0	29.0	
2021-04-22	29.0	29.0	29.0	29.0	485300
					0
					0
2021-04-27	29.0	29.0	29.0	29.0	100
2021-04-27	29.0	29.0	29.0	29.0	
					0
					0
					0
2021-05-05	28.5	28.5	28.5	28.5	100
2021-05-06	28.5	28.5	28.5	28.5	274800
2021-05-06	28.5	28.5	28.5	28.5	
					0
					0
					0
2021-05-12	29.25	29.25	29.25	29.25	12300
2021-05-13	29.0	28.75	29.0	28.75	81600
2021-05-13	29.0	28.75	29.0	28.75	
					0
					0
					0
					0
					0
2021-05-21	27.25	27.25	27.5	27.25	
2021-05-21	27.25	27.25	27.5	27.25	50000
					0
					0
					0
2021-05-28	27.5	27.25	27.5	27.25	
2021-05-28	27.5	27.25	27.5	27.25	3600
					0
					0
					0
					0
					0
					0
					0
					0
					0
					0
					0
					0
					0
					0
					0
					0
					0
					0
2021-06-25	26.5	26.5	26.5	26.5	400
2021-06-25	26.5	26.5	26.5	26.5	
					0
					0
					0
					0
					0
					0
					0
					0
					0
					0
					0
					0
					0
					0
					0
					0
2021-07-20	26.0	26.0	26.0	26.0	
2021-07-20	26.0	26.0	26.0	26.0	18500
					0
					0
					0
2021-07-27	26.25	26.0	26.25	26.0	
2021-07-27	26.25	26.0	26.25	26.0	89800
					0
2021-07-30	26.0	26.0	26.0	26.0	219100
2021-08-02	26.0	26.0	26.0	26.0	
2021-08-02	26.0	26.0	26.0	26.0	227600
					0
					0
					0
					0
					0
2021-08-10	26.25	26.25	26.5	26.5	362000
2021-08-11	26.25	26.0	26.25	26.0	76100
2021-08-11	26.25	26.0	26.25	26.0	
					0
					0
2021-08-17	25.75	25.75	25.75	25.75	
2021-08-17	25.75	25.75	25.75	25.75	8400
					0
					0
					0
					0
					0
					0
					0
					0
					0
					0
					0
					0
					0
					0
					0
2021-09-08	26.5	26.5	26.5	26.5	100
2021-09-09	27.5	26.25	27.5	26.25	135700
2021-09-10	27.25	26.25	27.25	26.25	
2021-09-10	27.25	26.25	27.25	26.25	200
					0
2021-09-14	26.25	26.25	26.25	26.25	
2021-09-14	26.25	26.25	26.25	26.25	100
					0
2021-09-16	26.25	26.25	26.25	26.25	2100
2021-09-17	26.0	26.0	26.0	26.0	
2021-09-17	26.0	26.0	26.0	26.0	296400
					0
					0
					0
					0
2021-09-27	25.75	25.75	25.75	25.75	
2021-09-27	25.75	25.75	25.75	25.75	51300
					0
2021-09-29	25.5	25.5	25.5	25.5	8500
2021-09-29	25.5	25.5	25.5	25.5	
					0
2021-10-01	25.75	25.75	25.75	25.75	10400
2021-10-01	25.75	25.75	25.75	25.75	
					0
					0
					0
					0
					0
					0
2021-10-12	25.5	25.5	25.5	25.5	102400
2021-10-14	25.5	25.5	25.5	25.5	84000
2021-10-15	25.75	25.5	25.75	25.5	314600
2021-10-18	25.5	25.5	25.5	25.5	648900
2021-10-18	25.5	25.5	25.5	25.5	
					0
2021-10-20	27.25	27.25	27.25	27.25	
2021-10-20	27.25	27.25	27.25	27.25	100
					0
2021-10-25	25.5	25.5	25.5	25.5	11100
2021-10-25	25.5	25.5	25.5	25.5	
					0
					0
					0
					0
					0
					0
					0
					0
					0
					0
2021-11-09	24.4	24.4	25.0	25.0	425200
2021-11-09	24.4	24.4	25.0	25.0	
					0
					0
					0
					0
					0
					0
					0
2021-11-19	25.0	24.9	25.0	24.9	600
2021-11-19	25.0	24.9	25.0	24.9	
					0
					0
					0
					0
					0
					0
					0
2021-12-01	23.8	23.8	23.8	23.8	
2021-12-01	23.8	23.8	23.8	23.8	56700
					0
					0
2021-12-07	24.1	24.1	24.1	24.1	20000
2021-12-07	24.1	24.1	24.1	24.1	
					0
2021-12-09	23.8	23.8	23.8	23.8	25000
2021-12-13	23.7	23.7	23.7	23.7	1200
2021-12-14	23.6	23.6	23.7	23.7	2100
2021-12-14	23.6	23.6	23.7	23.7	
					0
					0
					0
					0
2021-12-21	23.7	23.7	23.7	23.7	
2021-12-21	23.7	23.7	23.7	23.7	200
					0
					0
					0
					0
					0
					0
					0
					0
					0
2022-01-06	26.5	26.5	26.5	26.5	20000
2022-01-06	26.5	26.5	26.5	26.5	
					0
					0
2022-01-11	26.75	26.75	26.75	26.75	
2022-01-11	26.75	26.75	26.75	26.75	700
					0
					0
					0
					0
					0
					0
					0
					0
					0
2022-01-25	25.25	25.25	25.5	25.5	2700
2022-01-26	25.5	25.5	25.75	25.5	30800
2022-01-26	25.5	25.5	25.75	25.5	
					0
2022-01-28	25.5	25.25	25.5	25.25	142600
2022-01-31	25.25	25.25	25.25	25.25	293000
2022-01-31	25.25	25.25	25.25	25.25	
					0
					0
					0
					0
2022-02-07	25.25	25.25	25.25	25.25	300
2022-02-07	25.25	25.25	25.25	25.25	
					0
					0
2022-02-10	25.25	25.25	25.5	25.5	
2022-02-10	25.25	25.25	25.5	25.5	290000
					0
					0
					0
					0
					0
					0
					0
					0
					0
					0
2022-02-28	25.0	25.0	25.0	25.0	
2022-02-28	25.0	25.0	25.0	25.0	12900
					0
					0
2022-03-03	24.8	24.8	24.8	24.8	
2022-03-03	24.8	24.8	24.8	24.8	100
					0
					0
					0
					0
					0
					0
					0
					0
					0
					0
					0
					0
2022-03-22	24.2	24.2	24.2	24.2	1000
2022-03-22	24.2	24.2	24.2	24.2	
					0
					0
					0
					0
2022-03-29	24.2	24.2	24.2	24.2	3000
2022-03-29	24.2	24.2	24.2	24.2	
					0
					0
					0
					0
					0
					0
2022-04-08	23.6	23.6	23.6	23.6	153500
2022-04-08	23.6	23.6	23.6	23.6	
					0
					0
					0
					0
					0
					0
					0
					0
					0
2022-04-27	23.9	23.9	23.9	23.9	600
2022-04-27	23.9	23.9	23.9	23.9	
					0
					0
					0
					0
					0
					0
					0
					0
					0
2022-05-13	23.9	23.9	23.9	23.9	11000
2022-05-13	23.9	23.9	23.9	23.9	
					0
					0
					0
					0
					0
					0
					0
					0
2022-05-27	24.5	24.5	25.75	25.75	
2022-05-27	24.5	24.5	25.75	25.75	20000
					0
2022-05-31	26.0	26.0	26.0	26.0	31000
2022-05-31	26.0	26.0	26.0	26.0	
					0
					0
					0
					0
					0
					0
					0
					0
					0
2022-06-15	26.25	26.25	26.25	26.25	
2022-06-15	26.25	26.25	26.25	26.25	2000
					0
					0
					0
					0
					0
					0
					0
					0
					0
					0
					0
2022-07-01	26.25	26.25	26.25	26.25	
2022-07-01	26.25	26.25	26.25	26.25	200
					0
					0
					0
					0
					0
					0
					0
					0
					0
2022-07-18	26.25	26.25	26.25	26.25	2600
2022-07-18	26.25	26.25	26.25	26.25	
					0
					0
					0
					0
					0
					0
					0
					0
					0
					0
					0
					0
					0
					0
					0
					0
					0
					0
					0
					0
					0
					0
					0
					0
					0
					0
					0
					0
					0
					0
					0
					0
					0
					0
					0
					0
					0
					0
					0
					0
2022-09-16	25.25	25.25	25.25	25.25	
2022-09-16	25.25	25.25	25.25	25.25	6100
					0
					0
2022-09-21	25.0	25.0	25.0	25.0	17200
2022-09-21	25.0	25.0	25.0	25.0	
					0
					0
2022-09-26	24.7	24.7	24.7	24.7	
2022-09-26	24.7	24.7	24.7	24.7	29500
					0
					0
					0
					0
					0
					0
					0
					0
					0
					0
					0
					0
					0
					0
					0
					0
					0
					0
					0
					0
					0
					0
					0
					0
					0
					0
					0
					0
					0
					0
					0
					0
					0
					0
					0
					0
					0
2022-11-22	24.2	24.2	24.2	24.2	50000
2022-11-22	24.2	24.2	24.2	24.2	
					0
					0
					0
2022-11-28	23.6	23.4	23.6	23.5	1507300
2022-11-28	23.6	23.4	23.6	23.5	
					0
					0
					0
					0
					0
					0
2022-12-08	23.5	23.5	23.5	23.5	312300
2022-12-08	23.5	23.5	23.5	23.5	
					0
2022-12-13	23.7	23.7	23.7	23.7	34200
2022-12-13	23.7	23.7	23.7	23.7	
					0
					0
					0
					0
					0
					0
					0
					0
					0
					0
					0
					0
					0
