Date	Price Open	Price Low	Price High	Price Close	Volume
2000-01-04	1.74	1.74	1.8	1.74	5426499
2000-01-05	1.7	1.64	1.7	1.66	7262999
2000-01-06	1.66	1.62	1.66	1.62	1985499
2000-01-07	1.6	1.6	1.62	1.6	2247499
2000-01-10	1.64	1.56	1.64	1.56	1907999
2000-01-11	1.58	1.52	1.7	1.54	15793499
2000-01-12	1.56	1.54	1.6	1.54	4592499
2000-01-13	1.56	1.56	1.6	1.56	1600999
2000-01-14	1.56	1.56	1.64	1.58	6206499
2000-01-17	1.62	1.6	1.7	1.62	16888499
2000-01-18	1.66	1.62	1.68	1.62	5597999
2000-01-19	1.64	1.64	1.78	1.72	26177999
2000-01-20	1.76	1.72	1.86	1.72	27651499
2000-01-21	1.76	1.66	1.78	1.66	8705999
2000-01-24	1.7	1.66	1.72	1.68	3620999
2000-01-25	1.66	1.64	1.68	1.66	2232999
2000-01-26	1.68	1.64	1.68	1.64	3103499
2000-01-27	1.64	1.64	1.66	1.66	1346999
2000-01-28	1.66	1.64	1.72	1.66	6442499
2000-01-31	1.66	1.64	1.66	1.64	1922499
2000-02-01	1.66	1.66	1.72	1.68	12667499
2000-02-02	1.7	1.66	1.76	1.66	12508499
2000-02-03	1.68	1.64	1.7	1.64	3925999
2000-02-04	1.66	1.62	1.68	1.62	4536499
2000-02-07	1.64	1.62	1.66	1.64	14518499
2000-02-08	1.66	1.58	1.66	1.58	10305499
2000-02-09	1.6	1.5	1.6	1.5	12159499
2000-02-10	1.5	1.48	1.54	1.48	5688499
2000-02-11	1.5	1.44	1.52	1.44	3617499
2000-02-14	1.44	1.4	1.48	1.42	1907999
2000-02-15	1.44	1.36	1.44	1.38	1876499
2000-02-16	1.36	1.28	1.38	1.28	5020999
2000-02-17	1.3	1.2	1.3	1.2	3052499
2000-02-18	1.22	1.2	1.22	1.22	1423499
2000-02-22	1.2	1.14	1.2	1.14	1819999
2000-02-23	1.12	1.12	1.16	1.14	871499
2000-02-24	1.16	1.12	1.18	1.12	1462499
2000-02-25	1.12	1.1	1.24	1.2	7629999
2000-02-28	1.18	1.1	1.18	1.1	3659999
2000-02-29	1.12	1.04	1.16	1.04	2938499
2000-03-01	1.02	1.0	1.06	1.04	1366499
2000-03-02	1.06	1.04	1.14	1.12	3585499
2000-03-03	1.12	1.1	1.14	1.12	4072999
2000-03-06	1.1	1.06	1.12	1.08	1958499
2000-03-07	1.08	1.06	1.1	1.06	655999
2000-03-08	1.04	1.02	1.06	1.06	972999
2000-03-09	1.08	1.06	1.1	1.08	1867499
2000-03-10	1.1	1.1	1.16	1.14	3733999
2000-03-13	1.14	1.08	1.14	1.08	1160999
2000-03-14	1.08	1.08	1.12	1.08	862999
2000-03-15	1.08	1.06	1.1	1.08	1423999
2000-03-16	1.08	1.08	1.1	1.1	1466499
2000-03-17	1.1	1.1	1.22	1.14	13177999
2000-03-20	1.14	1.12	1.16	1.14	2047499
2000-03-21	1.14	1.1	1.16	1.1	1659499
2000-03-22	1.12	1.12	1.14	1.14	2502499
2000-03-23	1.16	1.14	1.18	1.16	2256499
2000-03-24	1.16	1.16	1.24	1.16	9667499
2000-03-27	1.18	1.18	1.22	1.2	5449999
2000-03-28	1.2	1.2	1.22	1.2	3424999
2000-03-29	1.2	1.18	1.2	1.18	1801499
2000-03-30	1.18	1.12	1.18	1.14	3170999
2000-03-31	1.14	1.14	1.14	1.14	664999
2000-04-03	1.14	1.14	1.16	1.16	309999
2000-04-04	1.24	1.18	1.28	1.22	9694999
2000-04-05	1.22	1.16	1.22	1.16	1702499
2000-04-07	1.18	1.16	1.18	1.16	449999
2000-04-10	1.16	1.16	1.22	1.22	1564499
2000-04-11	1.22	1.22	1.46	1.44	44687999
2000-04-12	1.46	1.42	1.6	1.56	20193499
2000-04-17	1.4	1.4	1.5	1.46	5446999
2000-04-18	1.52	1.42	1.54	1.42	2867999
2000-04-19	1.44	1.44	1.48	1.44	2344999
2000-04-20	1.44	1.44	1.62	1.5	15453499
2000-04-21	1.52	1.52	1.72	1.7	28190499
2000-04-24	1.7	1.64	1.74	1.68	6193999
2000-04-25	1.66	1.66	1.76	1.7	8590999
2000-04-26	1.72	1.68	1.74	1.68	6359499
2000-04-27	1.68	1.68	1.74	1.7	8332999
2000-04-28	1.72	1.68	1.72	1.7	2370499
2000-05-02	1.7	1.64	1.7	1.64	1394999
2000-05-03	1.62	1.54	1.62	1.56	3344499
2000-05-04	1.56	1.54	1.64	1.56	4039999
2000-05-08	1.54	1.5	1.54	1.5	3161499
2000-05-09	1.48	1.46	1.5	1.46	1264999
2000-05-10	1.46	1.42	1.46	1.42	5172499
2000-05-11	1.42	1.36	1.42	1.38	3388999
2000-05-12	1.4	1.4	1.44	1.44	1537499
2000-05-15	1.46	1.4	1.46	1.4	1539999
2000-05-16	1.42	1.42	1.54	1.52	7813499
2000-05-18	1.5	1.48	1.52	1.5	2312999
2000-05-19	1.48	1.46	1.52	1.46	3091999
2000-05-22	1.46	1.36	1.46	1.36	8008999
2000-05-23	1.34	1.32	1.4	1.4	3647499
2000-05-24	1.38	1.36	1.38	1.36	2109999
2000-05-25	1.4	1.3	1.4	1.3	3314999
2000-05-26	1.28	1.24	1.28	1.28	2806999
2000-05-29	1.3	1.28	1.36	1.34	784999
2000-05-30	1.38	1.38	1.44	1.4	4244499
2000-05-31	1.46	1.42	1.46	1.44	3852999
2000-06-01	1.46	1.38	1.46	1.4	1587499
2000-06-02	1.44	1.42	1.46	1.44	1131999
2000-06-05	1.46	1.44	1.54	1.44	3332999
2000-06-06	1.46	1.42	1.5	1.44	1181499
2000-06-07	1.44	1.44	1.48	1.44	1203499
2000-06-08	1.44	1.44	1.46	1.46	174999
2000-06-09	1.46	1.46	1.5	1.46	2463999
2000-06-12	1.5	1.5	1.54	1.5	3695999
2000-06-13	1.5	1.46	1.52	1.46	1852499
2000-06-14	1.48	1.44	1.48	1.48	1503999
2000-06-15	1.48	1.46	1.56	1.54	4875999
2000-06-16	1.56	1.5	1.58	1.5	1197499
2000-06-19	1.5	1.5	1.5	1.5	817499
2000-06-20	1.52	1.5	1.54	1.5	3666999
2000-06-21	1.52	1.52	1.58	1.58	3784499
2000-06-22	1.6	1.56	1.62	1.56	6069499
2000-06-23	1.54	1.52	1.54	1.52	479999
2000-06-26	1.52	1.52	1.56	1.56	910999
2000-06-27	1.58	1.56	1.58	1.58	1439999
2000-06-28	1.58	1.58	1.62	1.6	970999
2000-06-29	1.58	1.46	1.58	1.46	1152499
2000-06-30	1.46	1.46	1.48	1.48	84999
2000-07-03	1.48	1.38	1.48	1.4	3032999
2000-07-04	1.36	1.36	1.38	1.38	144999
2000-07-05	1.38	1.38	1.46	1.46	169999
2000-07-06	1.42	1.4	1.42	1.4	2283499
2000-07-07	1.42	1.4	1.44	1.42	587499
2000-07-10	1.46	1.42	1.46	1.42	287499
2000-07-11	1.42	1.4	1.42	1.4	484999
2000-07-12	1.4	1.4	1.42	1.4	119499
2000-07-13	1.42	1.4	1.42	1.42	1672499
2000-07-14	1.4	1.4	1.44	1.4	582499
2000-07-18	1.38	1.38	1.38	1.38	254999
2000-07-19	1.38	1.36	1.38	1.36	157499
2000-07-20	1.36	1.3	1.36	1.3	535499
2000-07-21	1.32	1.28	1.36	1.28	1169999
2000-07-24	1.26	1.2	1.26	1.2	477999
2000-07-25	1.2	1.2	1.24	1.24	904999
2000-07-26	1.22	1.2	1.24	1.2	245999
2000-07-27	1.2	1.18	1.22	1.2	665499
2000-07-28	1.2	1.18	1.22	1.18	383999
2000-07-31	1.16	1.16	1.26	1.18	914999
2000-08-01	1.22	1.2	1.22	1.2	2126499
2000-08-02	1.2	1.2	1.24	1.22	4436999
2000-08-03	1.24	1.24	1.3	1.24	6758499
2000-08-04	1.3	1.24	1.32	1.24	11288499
2000-08-07	1.24	1.2	1.26	1.2	3848499
2000-08-08	1.2	1.2	1.3	1.28	11638999
2000-08-09	1.3	1.22	1.3	1.22	3559999
2000-08-10	1.24	1.2	1.24	1.2	1645999
2000-08-11	1.22	1.2	1.22	1.2	787999
2000-08-15	1.24	1.22	1.26	1.22	1289999
2000-08-16	1.22	1.22	1.26	1.26	700999
2000-08-17	1.26	1.2	1.26	1.2	1875499
2000-08-18	1.2	1.18	1.22	1.2	1681999
2000-08-21	1.18	1.18	1.18	1.18	637999
2000-08-22	1.18	1.18	1.18	1.18	604999
2000-08-23	1.2	1.16	1.2	1.16	697499
2000-08-24	1.16	1.1	1.16	1.12	679999
2000-08-25	1.12	1.12	1.12	1.12	271499
2000-08-28	1.14	1.14	1.14	1.14	69999
2000-08-29	1.14	1.14	1.16	1.14	224999
2000-08-30	1.16	1.16	1.18	1.16	415499
2000-08-31	1.16	1.16	1.18	1.18	178999
2000-09-01	1.18	1.18	1.22	1.2	1924999
2000-09-04	1.2	1.2	1.2	1.2	286499
2000-09-05	1.2	1.18	1.2	1.18	408999
2000-09-06	1.18	1.16	1.22	1.16	1344499
2000-09-07	1.16	1.16	1.18	1.16	850999
2000-09-08	1.16	1.16	1.18	1.16	157499
2000-09-11	1.16	1.12	1.16	1.12	1407499
2000-09-12	1.14	1.12	1.14	1.12	50999
2000-09-13	1.12	1.1	1.12	1.12	726499
2000-09-14	1.14	1.1	1.14	1.1	375499
2000-09-15	1.12	1.12	1.12	1.12	179999
2000-09-18	1.12	1.1	1.12	1.12	289499
2000-09-19	1.1	1.1	1.1	1.1	78499
2000-09-20	1.12	1.1	1.14	1.1	172499
2000-09-21	1.1	1.1	1.1	1.1	22499
2000-09-22	1.1	1.04	1.1	1.04	728999
2000-09-25	1.08	1.08	1.1	1.08	300999
2000-09-26	1.1	1.1	1.1	1.1	59999
2000-09-27	1.12	1.1	1.12	1.1	197999
2000-09-28	1.1	1.08	1.1	1.08	152499
2000-09-29	1.1	1.08	1.1	1.08	1094999
2000-10-02	1.1	1.08	1.1	1.08	199999
2000-10-03	1.08	1.04	1.08	1.06	1532499
2000-10-04	1.06	1.04	1.06	1.04	197499
2000-10-05	1.06	1.04	1.06	1.04	564999
2000-10-06	1.04	0.96	1.04	0.98	1815499
2000-10-09	0.96	0.94	0.96	0.96	382499
2000-10-10	0.96	0.9	0.96	0.94	1971499
2000-10-11	0.94	0.92	0.96	0.92	779999
2000-10-12	0.94	0.92	0.96	0.94	2156499
2000-10-13	0.9	0.9	0.94	0.94	963499
2000-10-16	0.96	0.94	0.96	0.94	494999
2000-10-17	0.94	0.94	0.94	0.94	799999
2000-10-18	0.94	0.94	0.94	0.94	344999
2000-10-19	0.94	0.94	0.98	0.96	2369999
2000-10-20	0.98	0.94	1.0	0.94	2545499
2000-10-24	0.96	0.96	1.02	0.98	8841499
2000-10-25	0.98	0.98	1.0	1.0	3946499
2000-10-26	1.0	0.98	1.0	0.98	1213999
2000-10-27	0.98	0.98	1.0	1.0	972499
2000-10-30	1.0	0.98	1.0	0.98	2768499
2000-10-31	0.96	0.96	0.98	0.98	7507499
2000-11-01	0.98	0.98	0.98	0.98	671999
2000-11-02	0.98	0.98	1.02	0.98	5178999
2000-11-03	1.0	1.0	1.02	1.0	3726999
2000-11-06	1.0	0.98	1.02	0.98	2906999
2000-11-07	1.0	0.98	1.02	1.0	1794999
2000-11-08	1.0	1.0	1.0	1.0	1142499
2000-11-09	1.0	1.0	1.06	1.02	12424999
2000-11-10	1.04	1.02	1.04	1.02	2629999
2000-11-13	1.0	0.98	1.02	0.98	1123499
2000-11-14	1.0	0.98	1.0	0.98	1338999
2000-11-15	1.0	0.98	1.02	0.98	2872999
2000-11-16	0.98	0.98	0.98	0.98	1802499
2000-11-17	0.98	0.98	0.98	0.98	1310999
2000-11-20	0.98	0.9	0.98	0.9	3254499
2000-11-21	0.92	0.92	0.94	0.92	3679499
2000-11-22	0.92	0.92	0.98	0.92	10051999
2000-11-23	0.92	0.9	0.92	0.9	1509999
2000-11-24	0.92	0.92	0.94	0.92	3291999
2000-11-27	0.94	0.92	0.94	0.92	1623499
2000-11-28	0.92	0.9	0.92	0.9	657499
2000-11-29	0.9	0.9	0.9	0.9	49999
2000-11-30	0.9	0.88	0.9	0.9	1329999
2000-12-01	0.88	0.88	0.9	0.88	121499
2000-12-04	0.92	0.88	0.92	0.88	209999
2000-12-06	0.9	0.88	0.9	0.9	254999
2000-12-07	0.88	0.88	0.9	0.88	649999
2000-12-08	0.9	0.9	0.9	0.9	14999
2000-12-12	0.9	0.88	0.9	0.88	194999
2000-12-13	0.88	0.86	0.88	0.86	973999
2000-12-14	0.86	0.84	0.86	0.84	539999
2000-12-15	0.84	0.82	0.84	0.82	1480499
2000-12-18	0.84	0.82	0.84	0.82	1058999
2000-12-19	0.82	0.8	0.82	0.8	2763499
2000-12-20	0.8	0.78	0.8	0.78	1179999
2000-12-21	0.78	0.78	0.78	0.78	892999
2000-12-22	0.76	0.76	0.78	0.78	692499
2000-12-25	0.78	0.78	0.8	0.8	352499
2000-12-26	0.78	0.78	0.78	0.78	209999
2000-12-27	0.78	0.78	0.78	0.78	64999
2000-12-28	0.78	0.78	0.8	0.78	80499
2000-12-29	0.78	0.78	0.8	0.8	149999
2000-12-29	0.78	0.78	0.8	0.8	
					0
					0
2001-01-03	0.78	0.78	0.78	0.78	9999
2001-01-04	0.8	0.8	0.8	0.8	67999
2001-01-05	0.8	0.8	0.82	0.8	779999
2001-01-08	0.82	0.82	0.84	0.84	1429499
2001-01-09	0.84	0.82	0.88	0.84	2532999
2001-01-10	0.86	0.82	0.88	0.82	1653999
2001-01-11	0.84	0.82	0.86	0.82	759999
2001-01-12	0.84	0.84	0.86	0.84	2059999
2001-01-15	0.86	0.84	0.9	0.86	3085999
2001-01-16	0.88	0.86	0.9	0.86	2679999
2001-01-17	0.86	0.86	0.88	0.88	124999
2001-01-18	0.9	0.88	0.92	0.88	2477499
2001-01-19	0.9	0.86	0.9	0.86	899999
2001-01-22	0.88	0.88	0.9	0.9	627499
2001-01-23	0.9	0.9	0.96	0.96	7836499
2001-01-24	1.0	0.98	1.02	1.02	6850499
2001-01-25	1.04	1.04	1.08	1.04	6961999
2001-01-26	1.06	1.02	1.1	1.04	9132499
2001-01-29	1.04	1.02	1.08	1.02	1104499
2001-01-30	1.02	0.96	1.02	0.98	1721999
2001-01-31	0.98	0.92	0.98	0.98	1415499
2001-02-01	0.98	0.94	1.0	0.94	1363999
2001-02-02	0.96	0.94	0.96	0.94	1241999
2001-02-05	0.94	0.94	0.96	0.94	444999
2001-02-06	0.94	0.92	0.94	0.92	336999
2001-02-07	0.94	0.92	0.94	0.92	174999
2001-02-07	0.94	0.92	0.94	0.92	
					0
2001-02-09	0.92	0.9	0.92	0.9	407499
2001-02-12	0.9	0.86	0.9	0.86	379499
2001-02-13	0.88	0.88	0.88	0.88	390499
2001-02-14	0.88	0.86	0.88	0.86	184499
2001-02-15	0.86	0.86	0.86	0.86	24999
2001-02-16	0.84	0.84	0.86	0.86	34999
2001-02-19	0.84	0.82	0.84	0.84	373499
2001-02-20	0.84	0.84	0.86	0.86	183999
2001-02-21	0.86	0.84	0.86	0.84	127499
2001-02-22	0.84	0.84	0.84	0.84	244999
2001-02-23	0.86	0.86	0.9	0.9	1299999
2001-02-26	0.9	0.9	0.92	0.9	1270999
2001-02-27	0.9	0.88	0.92	0.9	655499
2001-02-28	0.9	0.88	0.9	0.9	638999
2001-03-01	0.9	0.84	0.96	0.84	4019999
2001-03-02	0.86	0.82	0.88	0.84	502499
2001-03-05	0.84	0.84	0.84	0.84	69999
2001-03-06	0.84	0.82	0.84	0.82	243499
2001-03-07	0.84	0.84	0.86	0.86	824999
2001-03-08	0.86	0.84	0.86	0.84	254999
2001-03-09	0.84	0.84	0.86	0.84	193999
2001-03-12	0.82	0.7	0.82	0.78	6456999
2001-03-13	0.74	0.74	0.74	0.74	394499
2001-03-14	0.74	0.68	0.74	0.7	3212499
2001-03-15	0.66	0.66	0.7	0.68	1198499
2001-03-16	0.68	0.68	0.7	0.7	792499
2001-03-19	0.68	0.68	0.74	0.7	741999
2001-03-20	0.72	0.7	0.72	0.72	640999
2001-03-21	0.72	0.7	0.72	0.7	284999
2001-03-22	0.7	0.7	0.72	0.7	540999
2001-03-23	0.7	0.7	0.72	0.7	734999
2001-03-26	0.7	0.7	0.7	0.7	351499
2001-03-27	0.7	0.68	0.72	0.68	466999
2001-03-28	0.7	0.68	0.7	0.68	129999
2001-03-29	0.68	0.68	0.68	0.68	237999
2001-03-30	0.7	0.68	0.7	0.68	408499
2001-04-02	0.66	0.66	0.68	0.68	54999
2001-04-03	0.7	0.68	0.7	0.68	64999
2001-04-04	0.68	0.68	0.68	0.68	1099999
2001-04-05	0.7	0.68	0.72	0.68	1050499
2001-04-05	0.7	0.68	0.72	0.68	
					0
2001-04-09	0.7	0.68	0.7	0.68	374999
2001-04-10	0.68	0.68	0.68	0.68	64999
2001-04-11	0.68	0.68	0.7	0.68	66499
2001-04-12	0.7	0.7	0.7	0.7	74999
2001-04-12	0.7	0.7	0.7	0.7	
					0
					0
2001-04-17	0.7	0.68	0.7	0.68	1027499
2001-04-18	0.7	0.7	0.7	0.7	777499
2001-04-19	0.7	0.68	0.72	0.68	4049999
2001-04-20	0.68	0.68	0.7	0.68	714999
2001-04-23	0.7	0.68	0.7	0.68	1179999
2001-04-24	0.68	0.68	0.68	0.68	22499
2001-04-25	0.68	0.68	0.68	0.68	56499
2001-04-26	0.68	0.68	0.68	0.68	84999
2001-04-27	0.68	0.68	0.68	0.68	139999
2001-04-30	0.7	0.68	0.7	0.68	755499
2001-04-30	0.7	0.68	0.7	0.68	
					0
2001-05-02	0.7	0.68	0.7	0.68	102499
2001-05-03	0.7	0.68	0.7	0.7	825999
2001-05-04	0.7	0.7	0.72	0.72	
2001-05-04	0.7	0.7	0.72	0.72	802499
					0
					0
2001-05-09	0.72	0.7	0.74	0.74	625499
2001-05-10	0.74	0.74	0.76	0.74	1771499
2001-05-11	0.74	0.74	0.78	0.74	1036499
2001-05-14	0.76	0.76	0.84	0.78	5575999
2001-05-15	0.8	0.78	0.8	0.78	1407999
2001-05-16	0.78	0.76	0.78	0.76	1057499
2001-05-17	0.76	0.76	0.78	0.76	1238999
2001-05-18	0.78	0.76	0.8	0.78	872499
2001-05-21	0.78	0.78	0.78	0.78	519999
2001-05-22	0.78	0.78	0.78	0.78	289999
2001-05-23	0.78	0.78	0.84	0.78	862499
2001-05-24	0.78	0.78	0.82	0.8	677499
2001-05-25	0.78	0.78	0.82	0.78	1442499
2001-05-28	0.8	0.8	0.82	0.82	134999
2001-05-29	0.8	0.8	0.82	0.8	699999
2001-05-30	0.82	0.8	0.82	0.82	579999
2001-05-31	0.82	0.82	0.88	0.82	3239999
2001-06-01	0.84	0.84	0.86	0.86	1064499
2001-06-04	0.86	0.82	0.86	0.82	912499
2001-06-05	0.84	0.84	0.94	0.86	11327499
2001-06-06	0.88	0.86	0.9	0.9	5207999
2001-06-07	0.9	0.9	1.02	0.98	26732499
2001-06-08	0.98	0.94	1.04	0.94	13343999
2001-06-11	0.94	0.94	0.96	0.94	3936999
2001-06-12	0.96	0.96	1.0	0.98	10118999
2001-06-13	1.0	0.98	1.02	0.98	3514999
2001-06-14	1.0	0.96	1.02	0.98	7406499
2001-06-15	0.98	0.96	0.98	0.96	734999
2001-06-18	0.98	0.92	0.98	0.92	2087499
2001-06-19	0.94	0.92	0.96	0.96	1041499
2001-06-20	0.94	0.94	0.98	0.98	1633999
2001-06-21	0.96	0.94	0.98	0.94	377499
2001-06-22	0.94	0.92	0.94	0.92	1204999
2001-06-25	0.94	0.94	0.94	0.94	449999
2001-06-26	0.94	0.94	0.94	0.94	124999
2001-06-27	0.96	0.94	1.0	0.98	6389999
2001-06-28	0.98	0.94	1.0	1.0	5374999
2001-06-29	1.02	1.0	1.1	1.1	24471999
2001-07-02	1.1	1.04	1.1	1.06	10495499
2001-07-03	1.06	1.06	1.1	1.06	7445499
2001-07-04	1.06	1.06	1.16	1.12	27183999
2001-07-05	1.16	1.06	1.16	1.08	14907999
2001-07-05	1.16	1.06	1.16	1.08	
					0
2001-07-09	1.08	1.06	1.08	1.06	249999
2001-07-10	1.08	1.08	1.12	1.1	9526999
2001-07-11	1.1	1.0	1.1	1.0	9619999
2001-07-12	1.0	1.0	1.02	1.0	1702999
2001-07-13	1.02	1.0	1.04	1.02	3673999
2001-07-16	1.02	0.92	1.02	0.92	8995999
2001-07-17	0.94	0.94	0.96	0.94	1720999
2001-07-18	0.94	0.94	1.0	0.96	6211999
2001-07-19	0.98	0.98	1.06	1.0	18379999
2001-07-20	1.0	0.96	1.04	0.96	7825499
2001-07-23	0.98	0.96	1.0	0.96	5590499
2001-07-24	0.98	0.94	1.0	0.94	8192499
2001-07-25	0.96	0.94	0.98	0.94	7048999
2001-07-26	0.96	0.94	1.02	0.94	24914999
2001-07-27	0.94	0.9	0.94	0.9	2631499
2001-07-30	0.9	0.86	0.9	0.88	2243499
2001-07-31	0.88	0.86	0.88	0.86	1278999
2001-08-01	0.88	0.86	0.88	0.88	1273999
2001-08-02	0.9	0.86	0.92	0.88	1537499
2001-08-03	0.9	0.88	0.92	0.9	2286499
2001-08-06	0.92	0.9	0.92	0.9	2459999
2001-08-07	0.92	0.9	0.92	0.9	3274499
2001-08-08	0.9	0.9	0.94	0.92	9626499
2001-08-09	0.92	0.9	0.96	0.92	5803999
2001-08-10	0.92	0.88	0.92	0.88	
2001-08-10	0.92	0.88	0.92	0.88	2777499
					0
2001-08-14	0.88	0.84	0.88	0.84	775499
2001-08-15	0.86	0.86	0.86	0.86	4175499
2001-08-16	0.84	0.84	0.88	0.88	2452499
2001-08-17	0.88	0.86	0.88	0.88	966499
2001-08-20	0.88	0.84	0.9	0.84	1217499
2001-08-21	0.86	0.86	0.88	0.86	1234999
2001-08-22	0.86	0.84	0.88	0.84	936499
2001-08-23	0.86	0.86	0.88	0.86	9240999
2001-08-24	0.88	0.88	0.88	0.88	867999
2001-08-27	0.9	0.88	0.9	0.88	851999
2001-08-28	0.88	0.86	0.9	0.86	2070499
2001-08-29	0.88	0.88	0.88	0.88	572499
2001-08-30	0.88	0.84	0.88	0.86	667499
2001-08-31	0.84	0.84	0.86	0.86	634999
2001-09-03	0.86	0.84	0.88	0.84	379999
2001-09-04	0.84	0.84	0.86	0.84	609999
2001-09-05	0.86	0.82	0.86	0.84	279999
2001-09-06	0.84	0.84	0.84	0.84	264999
2001-09-07	0.84	0.82	0.84	0.82	77499
2001-09-10	0.82	0.8	0.82	0.8	355999
2001-09-11	0.8	0.8	0.8	0.8	
2001-09-11	0.8	0.8	0.8	0.8	124999
					0
2001-09-13	0.74	0.7	0.76	0.7	2204999
2001-09-14	0.7	0.52	0.7	0.58	1602999
2001-09-17	0.48	0.44	0.52	0.52	2064999
2001-09-18	0.5	0.5	0.52	0.5	784999
2001-09-19	0.52	0.52	0.56	0.56	874999
2001-09-20	0.56	0.56	0.56	0.56	624999
2001-09-21	0.52	0.52	0.54	0.54	239999
2001-09-24	0.56	0.56	0.56	0.56	4369999
2001-09-25	0.58	0.56	0.6	0.56	951999
2001-09-26	0.58	0.56	0.6	0.56	124999
2001-09-27	0.58	0.58	0.58	0.58	132999
2001-09-28	0.6	0.58	0.62	0.58	1637499
2001-09-28	0.6	0.58	0.62	0.58	
					0
2001-10-02	0.6	0.6	0.62	0.6	290999
2001-10-03	0.6	0.6	0.64	0.6	793999
2001-10-04	0.62	0.62	0.64	0.64	1774999
2001-10-05	0.64	0.64	0.66	0.64	384999
2001-10-08	0.58	0.58	0.6	0.6	1083499
2001-10-09	0.62	0.62	0.64	0.64	897999
2001-10-10	0.64	0.64	0.66	0.66	640999
2001-10-11	0.68	0.66	0.72	0.66	4823999
2001-10-12	0.68	0.66	0.68	0.66	789999
2001-10-15	0.66	0.64	0.66	0.64	
2001-10-15	0.66	0.64	0.66	0.64	32999
					0
2001-10-17	0.66	0.66	0.72	0.72	649999
2001-10-18	0.7	0.7	0.78	0.74	9635499
2001-10-19	0.74	0.7	0.76	0.7	983999
2001-10-22	0.72	0.7	0.72	0.7	127499
2001-10-22	0.72	0.7	0.72	0.7	
					0
2001-10-24	0.72	0.7	0.74	0.7	512499
2001-10-25	0.72	0.7	0.72	0.7	325499
2001-10-26	0.68	0.68	0.68	0.68	74999
2001-10-29	0.68	0.68	0.68	0.68	24999
2001-10-30	0.68	0.66	0.68	0.68	
2001-10-30	0.68	0.66	0.68	0.68	313999
					0
					0
					0
2001-11-05	0.644	0.64	0.68	0.68	
2001-11-05	0.644	0.64	0.68	0.68	102499
					0
2001-11-07	0.6	0.592	0.6	0.592	177499
2001-11-08	0.592	0.58	0.596	0.596	254999
2001-11-09	0.596	0.588	0.6	0.6	139999
2001-11-09	0.596	0.588	0.6	0.6	
					0
2001-11-13	0.68	0.68	0.68	0.68	
2001-11-13	0.68	0.68	0.68	0.68	499
					0
					0
2001-11-16	0.584	0.58	0.64	0.6	130499
2001-11-19	0.62	0.62	0.62	0.62	9999
2001-11-20	0.608	0.608	0.624	0.62	126999
2001-11-21	0.608	0.608	0.616	0.608	81499
2001-11-22	0.624	0.604	0.628	0.608	137999
2001-11-23	0.608	0.604	0.62	0.604	744999
2001-11-26	0.608	0.604	0.608	0.604	145499
2001-11-27	0.608	0.604	0.608	0.604	152499
2001-11-28	0.604	0.6	0.604	0.6	292999
2001-11-29	0.604	0.604	0.612	0.612	257499
2001-11-30	0.612	0.612	0.624	0.612	194999
2001-12-03	0.612	0.6	0.62	0.608	1412499
2001-12-04	0.608	0.604	0.612	0.608	1249999
2001-12-04	0.608	0.604	0.612	0.608	
					0
2001-12-06	0.612	0.608	0.62	0.608	2054999
2001-12-07	0.612	0.6	0.612	0.604	555999
2001-12-07	0.612	0.6	0.612	0.604	
					0
2001-12-11	0.6	0.6	0.608	0.608	25499
2001-12-12	0.6	0.596	0.6	0.6	2679499
2001-12-13	0.6	0.588	0.612	0.588	4186499
2001-12-14	0.592	0.58	0.6	0.58	917999
2001-12-17	0.584	0.58	0.592	0.58	2196999
2001-12-18	0.58	0.576	0.584	0.58	779999
2001-12-19	0.576	0.576	0.58	0.58	155499
2001-12-20	0.58	0.576	0.584	0.584	1952999
2001-12-21	0.584	0.58	0.592	0.592	871999
2001-12-24	0.588	0.588	0.592	0.588	474999
2001-12-25	0.588	0.588	0.596	0.592	189999
2001-12-26	0.592	0.592	0.6	0.592	3350999
2001-12-27	0.592	0.588	0.592	0.588	733999
2001-12-28	0.58	0.58	0.588	0.588	50999
2001-12-28	0.58	0.58	0.588	0.588	
					0
					0
2002-01-02	0.584	0.584	0.592	0.592	35499
2002-01-03	0.592	0.592	0.6	0.592	3203999
2002-01-04	0.596	0.592	0.604	0.6	4297499
2002-01-07	0.604	0.604	0.616	0.608	3182499
2002-01-08	0.608	0.6	0.612	0.604	3924999
2002-01-09	0.604	0.604	0.616	0.612	5094999
2002-01-10	0.612	0.612	0.632	0.624	15299999
2002-01-11	0.636	0.632	0.656	0.64	16313499
2002-01-14	0.64	0.628	0.64	0.632	2154999
2002-01-15	0.628	0.628	0.636	0.632	3367999
2002-01-16	0.632	0.616	0.636	0.616	1747999
2002-01-17	0.62	0.62	0.62	0.62	11499
2002-01-18	0.62	0.604	0.62	0.62	805499
2002-01-21	0.604	0.604	0.604	0.604	216499
2002-01-22	0.604	0.604	0.616	0.616	34999
2002-01-23	0.616	0.608	0.62	0.62	636499
2002-01-24	0.62	0.6	0.62	0.6	6822999
2002-01-25	0.612	0.604	0.612	0.604	1814999
2002-01-28	0.608	0.608	0.612	0.608	1667499
2002-01-29	0.608	0.608	0.616	0.616	571999
2002-01-30	0.616	0.616	0.648	0.64	3823999
2002-01-31	0.648	0.644	0.672	0.668	5018999
2002-02-01	0.68	0.668	0.7	0.676	4675999
2002-02-04	0.692	0.672	0.692	0.676	1157499
2002-02-05	0.676	0.664	0.676	0.676	501499
2002-02-06	0.66	0.656	0.696	0.68	1456999
2002-02-07	0.68	0.68	0.688	0.68	2160499
2002-02-08	0.68	0.68	0.732	0.724	4176999
2002-02-11	0.736	0.736	0.88	0.832	2375499
2002-02-12	0.836	0.776	0.836	0.776	1615499
2002-02-13	0.78	0.772	0.788	0.78	2294499
2002-02-14	0.788	0.764	0.792	0.772	2594499
2002-02-15	0.768	0.76	0.784	0.772	1603999
2002-02-18	0.784	0.772	0.788	0.772	1122499
2002-02-19	0.772	0.76	0.792	0.76	1061499
2002-02-20	0.76	0.748	0.776	0.776	75999
2002-02-21	0.764	0.752	0.764	0.752	469999
2002-02-22	0.744	0.7	0.744	0.728	814499
2002-02-25	0.74	0.74	0.796	0.792	2199499
2002-02-25	0.74	0.74	0.796	0.792	
					0
2002-02-27	0.78	0.748	0.78	0.752	462499
2002-02-28	0.792	0.756	0.792	0.756	97499
2002-03-01	0.756	0.736	0.772	0.76	710999
2002-03-04	0.764	0.76	0.792	0.792	2458499
2002-03-05	0.8	0.776	0.82	0.78	2737499
2002-03-06	0.788	0.78	0.796	0.78	995499
2002-03-07	0.784	0.768	0.792	0.78	829999
2002-03-08	0.784	0.784	0.8	0.784	1214999
2002-03-11	0.784	0.784	0.844	0.844	6938499
2002-03-12	0.844	0.828	0.856	0.828	1587499
2002-03-13	0.828	0.8	0.828	0.82	1067499
2002-03-14	0.804	0.8	0.808	0.8	268999
2002-03-15	0.8	0.788	0.8	0.788	539999
2002-03-18	0.792	0.78	0.792	0.78	456499
2002-03-19	0.788	0.78	0.792	0.78	491999
2002-03-20	0.788	0.788	0.828	0.8	337999
2002-03-21	0.8	0.788	0.812	0.812	479999
2002-03-22	0.78	0.78	0.836	0.832	1296999
2002-03-25	0.84	0.804	0.84	0.804	422999
2002-03-26	0.808	0.804	0.816	0.816	210499
2002-03-27	0.808	0.784	0.816	0.792	467499
2002-03-28	0.8	0.788	0.804	0.788	180499
2002-03-29	0.792	0.788	0.808	0.788	684999
2002-03-29	0.792	0.788	0.808	0.788	
					0
					0
2002-04-03	0.8	0.8	0.8	0.8	74999
2002-04-04	0.78	0.776	0.796	0.792	569499
2002-04-05	0.776	0.776	0.78	0.78	164999
2002-04-05	0.776	0.776	0.78	0.78	
					0
2002-04-09	0.764	0.764	0.784	0.776	1983999
2002-04-10	0.772	0.772	0.776	0.776	154999
2002-04-11	0.776	0.772	0.788	0.78	1015999
2002-04-12	0.776	0.772	0.78	0.78	449999
2002-04-12	0.776	0.772	0.78	0.78	
					0
					0
2002-04-17	0.788	0.784	0.792	0.788	1269999
2002-04-18	0.792	0.784	0.796	0.784	1037499
2002-04-19	0.792	0.788	0.824	0.808	7247999
2002-04-22	0.808	0.808	0.832	0.812	3758499
2002-04-23	0.812	0.792	0.812	0.796	739999
2002-04-24	0.808	0.804	0.82	0.82	1404499
2002-04-25	0.82	0.804	0.832	0.804	2507499
2002-04-26	0.812	0.812	0.828	0.816	1654999
2002-04-29	0.808	0.804	0.808	0.804	171499
2002-04-30	0.82	0.792	0.82	0.812	500499
2002-04-30	0.82	0.792	0.82	0.812	
					0
2002-05-02	0.812	0.788	0.812	0.792	851999
2002-05-03	0.796	0.768	0.796	0.78	
2002-05-03	0.796	0.768	0.796	0.78	219999
					0
2002-05-07	0.796	0.792	0.804	0.8	802499
2002-05-08	0.8	0.8	0.824	0.808	2042499
2002-05-09	0.82	0.796	0.82	0.8	735999
2002-05-10	0.8	0.788	0.8	0.788	474999
2002-05-13	0.788	0.788	0.788	0.788	25499
2002-05-14	0.792	0.792	0.8	0.8	100499
2002-05-15	0.8	0.78	0.8	0.78	772499
2002-05-16	0.78	0.772	0.78	0.78	407499
2002-05-17	0.78	0.78	0.796	0.796	55499
2002-05-20	0.78	0.78	0.792	0.784	589499
2002-05-21	0.792	0.788	0.796	0.788	243999
2002-05-22	0.8	0.8	0.816	0.816	2716999
2002-05-23	0.82	0.8	0.82	0.804	2145999
2002-05-24	0.804	0.788	0.804	0.8	675999
2002-05-24	0.804	0.788	0.804	0.8	
					0
2002-05-28	0.792	0.792	0.8	0.8	150999
2002-05-29	0.792	0.784	0.8	0.788	857499
2002-05-30	0.784	0.784	0.796	0.788	447499
2002-05-31	0.788	0.788	0.792	0.788	341999
2002-06-03	0.796	0.784	0.8	0.784	667499
2002-06-04	0.78	0.764	0.784	0.764	1360499
2002-06-05	0.776	0.776	0.792	0.78	1024499
2002-06-06	0.784	0.784	0.82	0.82	4397999
2002-06-07	0.828	0.812	0.832	0.812	3309999
2002-06-10	0.804	0.804	0.824	0.816	2876499
2002-06-11	0.82	0.808	0.828	0.824	1082499
2002-06-12	0.82	0.82	0.884	0.884	6096999
2002-06-13	0.9	0.896	0.96	0.948	9143499
2002-06-14	0.952	0.924	0.984	0.928	5541499
2002-06-17	0.928	0.9	0.928	0.9	1391499
2002-06-18	0.9	0.896	0.94	0.928	1708499
2002-06-19	0.92	0.9	0.936	0.9	1221499
2002-06-20	0.892	0.876	0.892	0.88	734999
2002-06-21	0.872	0.864	0.88	0.88	715499
2002-06-24	0.86	0.852	0.876	0.876	314999
2002-06-25	0.856	0.856	0.88	0.868	134999
2002-06-26	0.856	0.812	0.872	0.844	965999
2002-06-27	0.84	0.812	0.844	0.812	350499
2002-06-28	0.824	0.824	0.844	0.844	212999
2002-06-28	0.824	0.824	0.844	0.844	
					0
2002-07-02	0.82	0.82	0.848	0.848	107499
2002-07-03	0.848	0.848	0.88	0.876	902999
2002-07-04	0.864	0.864	0.876	0.876	148999
2002-07-05	0.876	0.868	0.88	0.88	747499
2002-07-08	0.86	0.86	0.908	0.9	3313499
2002-07-09	0.912	0.912	0.94	0.932	5768499
2002-07-10	0.932	0.908	0.932	0.92	3334999
2002-07-11	0.904	0.896	0.912	0.896	1121999
2002-07-12	0.904	0.904	1.09	1.07	40672499
2002-07-15	1.08	1.06	1.15	1.13	34573999
2002-07-16	1.14	1.1	1.17	1.12	40012499
2002-07-17	1.14	1.1	1.14	1.11	12879999
2002-07-18	1.11	1.08	1.22	1.2	65984999
2002-07-19	1.18	1.1	1.22	1.1	47544499
2002-07-22	1.1	1.1	1.17	1.11	26678499
2002-07-23	1.14	1.13	1.2	1.18	45247499
2002-07-24	1.16	1.08	1.17	1.08	22436999
2002-07-24	1.16	1.08	1.17	1.08	
					0
2002-07-26	1.11	1.06	1.11	1.08	10401999
2002-07-29	1.1	1.06	1.12	1.07	6245499
2002-07-30	1.07	1.07	1.09	1.07	2997499
2002-07-31	1.07	1.07	1.12	1.09	13515499
2002-08-01	1.09	1.04	1.12	1.06	18191499
2002-08-02	1.05	1.02	1.06	1.02	3369999
2002-08-05	1.02	0.984	1.02	1.0	11301499
2002-08-06	0.984	0.984	1.02	1.02	1152499
2002-08-07	1.04	1.03	1.06	1.06	3724999
2002-08-08	1.05	0.972	1.09	0.972	3531999
2002-08-09	1.0	0.988	1.03	0.988	3128499
2002-08-09	1.0	0.988	1.03	0.988	
					0
2002-08-13	1.0	0.98	1.0	0.98	160499
2002-08-14	0.976	0.968	0.98	0.968	647499
2002-08-15	0.968	0.912	0.98	0.952	1787499
2002-08-16	0.96	0.944	0.964	0.948	812499
2002-08-16	0.96	0.944	0.964	0.948	
					0
2002-08-20	0.924	0.924	0.976	0.96	799999
2002-08-21	0.964	0.96	0.976	0.976	329999
2002-08-22	0.98	0.952	0.988	0.952	2309999
2002-08-23	0.956	0.948	0.96	0.96	113499
2002-08-26	0.96	0.928	0.96	0.956	79499
2002-08-26	0.96	0.928	0.96	0.956	
					0
2002-08-28	0.952	0.932	0.952	0.94	254999
2002-08-29	0.936	0.936	0.944	0.94	1216499
2002-08-30	0.936	0.924	0.948	0.948	159999
2002-09-02	0.94	0.924	0.948	0.94	610499
2002-09-03	0.92	0.904	0.928	0.904	1344999
2002-09-04	0.896	0.868	0.9	0.896	626999
2002-09-05	0.912	0.88	0.912	0.9	123999
2002-09-06	0.9	0.9	0.9	0.9	60999
2002-09-09	0.904	0.9	0.936	0.928	2339999
2002-09-10	0.912	0.912	0.92	0.916	464999
2002-09-11	0.916	0.896	0.916	0.916	791499
2002-09-12	0.916	0.908	0.936	0.908	8297999
2002-09-13	0.904	0.884	0.908	0.9	362499
2002-09-16	0.896	0.892	0.912	0.912	109999
2002-09-17	0.904	0.9	0.924	0.912	2683499
2002-09-18	0.904	0.884	0.904	0.888	859999
2002-09-19	0.88	0.88	0.9	0.9	17499
2002-09-19	0.88	0.88	0.9	0.9	
					0
2002-09-23	0.912	0.912	0.932	0.92	54999
2002-09-24	0.86	0.86	0.9	0.9	10499
2002-09-25	0.864	0.848	0.896	0.892	654499
2002-09-26	0.92	0.856	0.92	0.856	308499
2002-09-27	0.852	0.848	0.876	0.876	437499
2002-09-30	0.896	0.828	0.896	0.856	852999
2002-10-01	0.856	0.856	0.856	0.856	499
2002-10-02	0.852	0.84	0.852	0.844	1875999
2002-10-03	0.848	0.836	0.852	0.852	527499
2002-10-04	0.852	0.852	0.876	0.852	2284499
2002-10-07	0.876	0.844	0.876	0.868	156999
2002-10-08	0.824	0.824	0.832	0.832	273999
2002-10-09	0.84	0.84	0.872	0.84	148499
2002-10-10	0.82	0.816	0.84	0.816	182999
2002-10-11	0.824	0.78	0.824	0.792	677499
2002-10-14	0.796	0.78	0.796	0.78	59999
2002-10-15	0.796	0.796	0.88	0.88	98499
2002-10-16	0.804	0.804	0.84	0.812	30499
2002-10-17	0.82	0.808	0.86	0.848	56499
2002-10-18	0.832	0.832	0.9	0.9	4035499
2002-10-21	0.876	0.86	0.876	0.868	960499
2002-10-22	0.896	0.86	0.896	0.896	59499
2002-10-22	0.896	0.86	0.896	0.896	
					0
2002-10-24	0.908	0.844	0.964	0.892	158999
2002-10-25	0.88	0.872	0.916	0.892	1500499
2002-10-28	0.892	0.884	0.896	0.896	379999
2002-10-29	0.892	0.88	0.904	0.904	819999
2002-10-30	0.9	0.872	0.932	0.88	8551499
2002-10-31	0.88	0.856	0.88	0.86	2072499
2002-11-01	0.84	0.84	0.876	0.876	1959999
2002-11-04	0.852	0.84	0.852	0.84	304999
2002-11-05	0.844	0.832	0.844	0.844	275499
2002-11-06	0.836	0.832	0.86	0.832	30999
2002-11-07	0.832	0.832	0.848	0.848	10499
2002-11-08	0.84	0.84	0.872	0.864	1411499
2002-11-11	0.856	0.856	0.864	0.856	385499
2002-11-12	0.844	0.84	0.856	0.84	125499
2002-11-13	0.82	0.82	0.82	0.82	28499
2002-11-14	0.84	0.84	0.864	0.864	5110499
2002-11-15	0.872	0.86	0.884	0.864	2977999
2002-11-18	0.864	0.84	0.864	0.848	1292499
2002-11-19	0.848	0.844	0.864	0.86	2479999
2002-11-20	0.864	0.852	0.884	0.86	13557999
2002-11-21	0.868	0.868	0.904	0.904	16498499
2002-11-22	0.916	0.884	0.932	0.884	6895999
2002-11-25	0.888	0.888	0.912	0.908	3797999
2002-11-26	0.908	0.896	0.916	0.9	1900999
2002-11-27	0.876	0.876	0.896	0.888	587999
2002-11-28	0.892	0.884	0.904	0.896	3086499
2002-11-29	0.896	0.892	0.92	0.912	25490999
2002-12-02	0.916	0.912	0.948	0.92	10975999
2002-12-03	0.932	0.9	0.944	0.9	11705499
2002-12-04	0.9	0.888	0.912	0.892	1945999
2002-12-04	0.9	0.888	0.912	0.892	
					0
2002-12-06	0.888	0.876	0.892	0.876	1803999
2002-12-09	0.864	0.864	0.892	0.872	3169499
2002-12-09	0.864	0.864	0.892	0.872	
					0
2002-12-11	0.864	0.864	0.876	0.876	1189999
2002-12-12	0.868	0.804	0.876	0.852	2264999
2002-12-13	0.84	0.808	0.84	0.832	
2002-12-13	0.84	0.808	0.84	0.832	720999
					0
2002-12-17	0.844	0.84	0.844	0.84	54999
2002-12-18	0.8	0.8	0.8	0.8	249999
2002-12-19	0.8	0.8	0.84	0.84	103999
2002-12-19	0.8	0.8	0.84	0.84	
					0
2002-12-23	0.82	0.82	0.84	0.84	27499
2002-12-23	0.82	0.82	0.84	0.84	
					0
2002-12-25	0.8	0.78	0.8	0.8	70999
2002-12-26	0.836	0.836	0.836	0.836	2499
2002-12-27	0.8	0.8	0.8	0.8	49999
2002-12-27	0.8	0.8	0.8	0.8	
					0
					0
					0
2003-01-02	0.84	0.8	0.84	0.8	24999
2003-01-03	0.836	0.832	0.836	0.836	53499
2003-01-06	0.828	0.82	0.836	0.824	940999
2003-01-07	0.828	0.812	0.836	0.812	1541499
2003-01-08	0.812	0.808	0.828	0.808	471999
2003-01-09	0.816	0.816	0.82	0.816	56999
2003-01-10	0.812	0.808	0.812	0.808	74999
2003-01-13	0.82	0.808	0.82	0.816	332499
2003-01-14	0.816	0.808	0.824	0.82	3173499
2003-01-15	0.82	0.808	0.832	0.808	3512499
2003-01-16	0.812	0.812	0.82	0.816	1167999
2003-01-17	0.82	0.804	0.82	0.812	612999
2003-01-20	0.816	0.816	0.816	0.816	30999
2003-01-21	0.812	0.808	0.82	0.816	112499
2003-01-22	0.804	0.796	0.816	0.816	612499
2003-01-23	0.816	0.816	0.816	0.816	99999
2003-01-24	0.82	0.8	0.832	0.824	3327499
2003-01-27	0.788	0.788	0.788	0.788	100499
2003-01-27	0.788	0.788	0.788	0.788	
					0
2003-01-29	0.812	0.776	0.812	0.776	189999
2003-01-30	0.792	0.792	0.792	0.792	112499
2003-01-31	0.812	0.788	0.824	0.824	175999
2003-01-31	0.812	0.788	0.824	0.824	
					0
2003-02-04	0.804	0.8	0.816	0.812	617499
2003-02-05	0.84	0.804	0.84	0.808	506499
2003-02-06	0.824	0.816	0.844	0.844	3446999
2003-02-07	0.836	0.832	0.852	0.848	3342499
2003-02-10	0.844	0.832	0.844	0.832	1641499
2003-02-11	0.844	0.844	0.864	0.86	2156999
2003-02-12	0.864	0.86	0.896	0.88	1708999
2003-02-13	0.872	0.828	0.892	0.86	2490999
2003-02-14	0.836	0.836	0.86	0.86	230499
2003-02-14	0.836	0.836	0.86	0.86	
					0
2003-02-18	0.864	0.864	0.896	0.884	2165499
2003-02-19	0.884	0.88	0.924	0.88	7091499
2003-02-20	0.892	0.856	0.896	0.872	1965499
2003-02-21	0.86	0.86	0.88	0.88	35499
2003-02-24	0.86	0.86	0.86	0.86	9999
2003-02-25	0.872	0.84	0.872	0.864	324499
2003-02-26	0.864	0.828	0.864	0.828	1441999
2003-02-27	0.84	0.812	0.84	0.812	894499
2003-02-28	0.816	0.812	0.828	0.812	127999
2003-03-03	0.812	0.8	0.832	0.808	675999
2003-03-04	0.82	0.808	0.828	0.808	33999
2003-03-05	0.792	0.78	0.8	0.8	275499
2003-03-06	0.824	0.8	0.824	0.8	
2003-03-06	0.824	0.8	0.824	0.8	20499
					0
2003-03-10	0.812	0.76	0.82	0.796	100499
2003-03-11	0.812	0.804	0.812	0.804	10999
2003-03-12	0.82	0.796	0.82	0.8	132499
2003-03-13	0.8	0.792	0.8	0.796	267499
2003-03-14	0.804	0.784	0.812	0.808	424999
2003-03-17	0.784	0.784	0.808	0.808	105499
2003-03-18	0.804	0.776	0.804	0.792	2415499
2003-03-19	0.796	0.784	0.804	0.784	1781499
2003-03-20	0.788	0.788	0.804	0.788	1308499
2003-03-21	0.792	0.788	0.796	0.788	201499
2003-03-24	0.792	0.788	0.804	0.796	1872499
2003-03-25	0.788	0.788	0.804	0.796	2254999
2003-03-26	0.8	0.792	0.812	0.796	2207499
2003-03-27	0.8	0.792	0.808	0.792	747999
2003-03-28	0.792	0.784	0.792	0.788	179499
2003-03-31	0.784	0.724	0.784	0.784	350999
2003-04-01	0.788	0.752	0.796	0.764	128999
2003-04-02	0.772	0.764	0.792	0.772	1319999
2003-04-03	0.776	0.772	0.788	0.772	88499
2003-04-04	0.772	0.772	0.792	0.78	932999
2003-04-04	0.772	0.772	0.792	0.78	
					0
2003-04-08	0.788	0.788	0.804	0.796	3364999
2003-04-09	0.804	0.796	0.812	0.796	2784999
2003-04-10	0.8	0.792	0.8	0.792	439999
2003-04-11	0.788	0.784	0.8	0.8	
2003-04-11	0.788	0.784	0.8	0.8	411999
					0
					0
2003-04-16	0.804	0.796	0.804	0.8	826999
2003-04-17	0.804	0.8	0.812	0.812	2162999
2003-04-18	0.816	0.808	0.832	0.808	1249999
2003-04-21	0.82	0.8	0.82	0.8	1110499
2003-04-22	0.808	0.804	0.824	0.804	1806999
2003-04-23	0.812	0.804	0.816	0.804	687499
2003-04-24	0.804	0.792	0.804	0.8	267499
2003-04-24	0.804	0.792	0.804	0.8	
					0
2003-04-28	0.784	0.78	0.788	0.788	387499
2003-04-29	0.78	0.76	0.78	0.76	920999
2003-04-30	0.756	0.756	0.772	0.772	269999
2003-04-30	0.756	0.756	0.772	0.772	
					0
2003-05-02	0.776	0.76	0.776	0.76	454999
2003-05-02	0.776	0.76	0.776	0.76	
					0
2003-05-06	0.764	0.76	0.764	0.76	149999
2003-05-07	0.768	0.764	0.772	0.768	504999
2003-05-08	0.764	0.76	0.768	0.768	234999
2003-05-09	0.764	0.76	0.764	0.76	559999
2003-05-12	0.76	0.756	0.768	0.756	984999
2003-05-13	0.756	0.748	0.756	0.748	1100499
2003-05-13	0.756	0.748	0.756	0.748	
					0
					0
2003-05-16	0.748	0.74	0.748	0.74	1000999
2003-05-19	0.732	0.728	0.732	0.732	719499
2003-05-20	0.728	0.728	0.736	0.728	537499
2003-05-21	0.736	0.724	0.74	0.724	2574999
2003-05-22	0.728	0.712	0.736	0.716	3435999
2003-05-23	0.716	0.7	0.72	0.704	3121999
2003-05-26	0.7	0.696	0.704	0.7	1039499
2003-05-27	0.696	0.696	0.7	0.696	727999
2003-05-28	0.696	0.696	0.7	0.7	354999
2003-05-29	0.704	0.7	0.708	0.7	497499
2003-05-30	0.7	0.7	0.704	0.7	349999
2003-06-02	0.7	0.696	0.708	0.708	634999
2003-06-03	0.704	0.696	0.712	0.712	1804499
2003-06-04	0.708	0.704	0.72	0.704	2373499
2003-06-05	0.704	0.7	0.716	0.7	1541999
2003-06-06	0.7	0.7	0.7	0.7	186499
2003-06-09	0.7	0.696	0.712	0.696	750999
2003-06-10	0.704	0.704	0.716	0.708	2545999
2003-06-11	0.708	0.704	0.708	0.704	439499
2003-06-12	0.712	0.704	0.716	0.708	1472999
2003-06-13	0.708	0.704	0.712	0.704	627999
2003-06-16	0.7	0.7	0.708	0.708	388499
2003-06-17	0.712	0.7	0.716	0.7	3586999
2003-06-18	0.7	0.7	0.704	0.704	1166499
2003-06-19	0.708	0.708	0.732	0.732	4037499
2003-06-20	0.736	0.72	0.74	0.732	3137499
2003-06-23	0.732	0.716	0.736	0.716	3517999
2003-06-24	0.72	0.712	0.724	0.712	552499
2003-06-25	0.708	0.696	0.708	0.696	2084999
2003-06-26	0.7	0.684	0.704	0.684	3779999
2003-06-27	0.688	0.688	0.704	0.7	377499
2003-06-30	0.7	0.692	0.704	0.7	
2003-06-30	0.7	0.692	0.704	0.7	634999
					0
2003-07-02	0.7	0.696	0.704	0.7	2465999
2003-07-03	0.704	0.7	0.712	0.704	4894999
2003-07-04	0.708	0.704	0.72	0.712	3379999
2003-07-07	0.74	0.724	0.744	0.728	5376999
2003-07-08	0.732	0.732	0.78	0.78	7487999
2003-07-09	0.78	0.764	0.788	0.768	5014499
2003-07-10	0.768	0.74	0.768	0.768	3010999
2003-07-11	0.764	0.764	0.776	0.764	417499
2003-07-11	0.764	0.764	0.776	0.764	
					0
2003-07-15	0.768	0.768	0.808	0.8	9655999
2003-07-16	0.8	0.796	0.804	0.796	1284999
2003-07-17	0.812	0.792	0.816	0.792	4485499
2003-07-18	0.792	0.78	0.792	0.784	119999
2003-07-21	0.788	0.776	0.808	0.776	2509999
2003-07-22	0.768	0.768	0.784	0.784	360499
2003-07-23	0.784	0.764	0.784	0.764	769999
2003-07-24	0.768	0.768	0.792	0.772	7494499
2003-07-25	0.784	0.76	0.792	0.76	3319999
2003-07-28	0.756	0.756	0.784	0.776	3803499
2003-07-29	0.78	0.776	0.796	0.78	3003999
2003-07-30	0.78	0.764	0.78	0.768	242499
2003-07-31	0.784	0.764	0.784	0.776	623499
2003-08-01	0.776	0.772	0.784	0.78	1864499
2003-08-04	0.78	0.776	0.8	0.8	8659999
2003-08-05	0.808	0.8	0.82	0.8	6435999
2003-08-06	0.8	0.8	0.808	0.804	2232499
2003-08-07	0.808	0.804	0.82	0.82	8347999
2003-08-08	0.824	0.808	0.824	0.808	4325999
2003-08-11	0.812	0.812	0.836	0.812	12228499
2003-08-11	0.812	0.812	0.836	0.812	
					0
2003-08-13	0.816	0.816	0.832	0.824	6886999
2003-08-14	0.804	0.804	0.84	0.808	5150999
2003-08-15	0.808	0.808	0.82	0.816	2903499
2003-08-18	0.82	0.82	0.836	0.82	4009999
2003-08-19	0.824	0.824	0.836	0.828	4632499
2003-08-20	0.828	0.824	0.86	0.844	13096999
2003-08-21	0.848	0.84	0.86	0.848	7005999
2003-08-22	0.86	0.848	0.868	0.856	4247999
2003-08-25	0.852	0.832	0.856	0.844	4425999
2003-08-26	0.844	0.84	0.864	0.856	11434999
2003-08-27	0.856	0.856	0.904	0.896	12776999
2003-08-28	0.92	0.896	0.936	0.928	5490999
2003-08-29	0.932	0.928	0.956	0.932	3615499
2003-09-01	0.956	0.936	0.96	0.936	3094499
2003-09-02	0.936	0.908	0.936	0.92	2670499
2003-09-03	0.92	0.912	0.948	0.94	9912999
2003-09-04	0.944	0.94	0.988	0.988	15364499
2003-09-05	1.01	1.01	1.07	1.06	12933499
2003-09-08	1.07	1.01	1.09	1.07	14341499
2003-09-09	1.08	1.04	1.11	1.07	8317999
2003-09-10	1.08	1.06	1.12	1.1	9010499
2003-09-11	1.11	1.11	1.27	1.22	22685999
2003-09-12	1.23	1.23	1.5	1.35	47934999
2003-09-15	1.37	1.21	1.4	1.21	9534499
2003-09-16	1.23	1.22	1.3	1.23	5606999
2003-09-17	1.25	1.16	1.27	1.2	7311999
2003-09-18	1.2	1.07	1.21	1.07	2623499
2003-09-19	1.09	1.08	1.13	1.1	4717499
2003-09-22	1.12	1.11	1.13	1.12	1107999
2003-09-23	1.15	1.08	1.15	1.15	401499
2003-09-24	1.13	1.13	1.16	1.15	1117499
2003-09-25	1.13	1.13	1.21	1.2	12461999
2003-09-26	1.2	1.2	1.27	1.2	8614999
2003-09-29	1.2	1.14	1.21	1.18	2696499
2003-09-30	1.18	1.18	1.24	1.19	4591499
2003-10-01	1.22	1.21	1.34	1.34	
2003-10-02	1.32	1.29	1.4	1.35	
2003-10-03	1.39	1.26	1.39	1.26	
2003-10-06	1.3	1.21	1.32	1.23	
2003-10-07	1.24	1.15	1.26	1.17	
2003-10-08	1.15	1.15	1.21	1.2	
2003-10-09	1.2	1.19	1.21	1.2	
2003-10-10	1.2	1.19	1.22	1.19	
2003-10-13	1.2	1.2	1.3	1.27	
2003-10-14	1.28	1.28	1.35	1.34	
2003-10-15	1.34	1.27	1.37	1.29	
2003-10-16	1.3	1.25	1.3	1.26	
2003-10-17	1.26	1.24	1.28	1.27	
2003-10-20	1.28	1.28	1.33	1.32	
2003-10-21	1.34	1.29	1.36	1.29	
2003-10-22	1.31	1.26	1.31	1.26	
					0
2003-10-24	1.25	1.24	1.29	1.25	
2003-10-27	1.25	1.25	1.32	1.27	
2003-10-28	1.29	1.28	1.5	1.4	
2003-10-29	1.42	1.37	1.44	1.38	
2003-10-30	1.44	1.4	1.46	1.4	
2003-10-31	1.42	1.39	1.45	1.41	
2003-11-03	1.41	1.38	1.43	1.4	
2003-11-04	1.41	1.32	1.41	1.32	
2003-11-05	1.32	1.32	1.38	1.33	
2003-11-06	1.34	1.31	1.35	1.33	
2003-11-07	1.34	1.33	1.38	1.35	
2003-11-10	1.35	1.35	1.39	1.35	
2003-11-11	1.35	1.32	1.4	1.32	
2003-11-12	1.32	1.32	1.35	1.34	
2003-11-13	1.35	1.33	1.36	1.33	
2003-11-14	1.34	1.28	1.36	1.3	
2003-11-17	1.29	1.21	1.29	1.22	
2003-11-18	1.2	1.19	1.25	1.2	
2003-11-19	1.2	1.12	1.2	1.15	
2003-11-20	1.16	1.14	1.18	1.17	
2003-11-21	1.17	1.12	1.17	1.13	
2003-11-24	1.07	1.03	1.08	1.03	
2003-11-25	1.01	0.988	1.01	1.0	
2003-11-26	1.0	1.0	1.05	1.05	
2003-11-27	1.04	1.02	1.08	1.08	
2003-11-28	1.08	1.08	1.17	1.12	
2003-12-01	1.1	1.09	1.11	1.1	
2003-12-02	1.11	1.1	1.12	1.1	
2003-12-03	1.11	1.1	1.12	1.1	
2003-12-04	1.12	1.09	1.14	1.1	
					0
2003-12-08	1.09	1.08	1.1	1.08	
2003-12-09	1.08	1.05	1.08	1.05	
					0
2003-12-11	1.06	1.04	1.08	1.06	
2003-12-12	1.06	1.05	1.06	1.06	
2003-12-15	1.08	1.07	1.12	1.09	
2003-12-16	1.09	1.07	1.09	1.07	
2003-12-17	1.05	1.02	1.06	1.02	
2003-12-18	1.02	0.996	1.04	1.02	
2003-12-19	1.01	1.01	1.06	1.06	
2003-12-22	1.07	1.06	1.09	1.06	
2003-12-23	1.07	1.04	1.08	1.07	
2003-12-24	1.07	1.07	1.13	1.08	
2003-12-25	1.08	1.03	1.08	1.07	
2003-12-26	1.04	1.03	1.08	1.04	
2003-12-29	1.06	1.06	1.08	1.08	
2003-12-30	1.12	1.07	1.12	1.1	
2003-12-31	1.08	1.07	1.11	1.08	
					0
					0
2004-01-05	1.04	1.04	1.11	1.08	
2004-01-06	1.08	1.04	1.08	1.04	
2004-01-07	1.05	1.04	1.05	1.05	
2004-01-08	1.06	1.04	1.07	1.04	
2004-01-09	1.05	1.04	1.06	1.05	
2004-01-12	1.05	1.05	1.1	1.06	
2004-01-13	1.08	1.08	1.11	1.08	
2004-01-14	1.09	1.07	1.09	1.08	
2004-01-15	1.08	1.02	1.08	1.02	
2004-01-16	1.02	1.02	1.04	1.04	
2004-01-19	1.03	1.03	1.03	1.03	
2004-01-20	1.08	1.03	1.08	1.03	
2004-01-21	1.03	1.0	1.05	1.02	
2004-01-22	1.0	1.0	1.03	1.03	
2004-01-23	1.0	0.996	1.0	1.0	
2004-01-26	0.928	0.928	1.0	1.0	
2004-01-27	0.992	0.964	0.992	0.992	
2004-01-28	1.0	0.968	1.0	0.968	
2004-01-29	0.96	0.912	0.96	0.92	
2004-01-30	0.84	0.8	0.84	0.804	
2004-02-02	0.84	0.8	0.84	0.808	
2004-02-03	0.84	0.82	0.84	0.82	
2004-02-04	0.844	0.82	0.844	0.84	
2004-02-05	0.84	0.84	0.9	0.844	
2004-02-06	0.88	0.832	0.88	0.832	
2004-02-09	0.84	0.84	0.856	0.856	
2004-02-10	0.848	0.848	0.864	0.86	
2004-02-11	0.884	0.852	0.884	0.88	
2004-02-12	0.892	0.86	0.892	0.86	
2004-02-13	0.86	0.86	0.88	0.88	
2004-02-16	0.86	0.82	0.86	0.832	
2004-02-17	0.844	0.824	0.852	0.852	
2004-02-18	0.844	0.84	0.852	0.852	
2004-02-19	0.832	0.832	0.86	0.852	
2004-02-20	0.804	0.804	0.852	0.84	
2004-02-23	0.852	0.848	0.86	0.86	
2004-02-24	0.86	0.836	0.86	0.836	
2004-02-25	0.852	0.812	0.852	0.852	
2004-02-26	0.996	0.812	0.996	0.824	
2004-02-27	0.812	0.808	0.84	0.84	
2004-03-01	0.852	0.82	0.852	0.836	
2004-03-02	0.84	0.82	0.872	0.828	
2004-03-03	0.828	0.82	0.832	0.824	
2004-03-04	0.828	0.824	0.836	0.824	
					0
2004-03-08	0.828	0.808	0.828	0.824	
2004-03-09	0.828	0.828	0.836	0.836	
2004-03-10	0.84	0.824	0.84	0.84	
2004-03-11	0.82	0.808	0.824	0.816	
2004-03-12	0.832	0.812	0.836	0.832	
2004-03-15	0.832	0.808	0.832	0.808	
2004-03-16	0.812	0.8	0.812	0.8	
2004-03-17	0.8	0.8	0.816	0.816	
2004-03-18	0.84	0.816	0.84	0.816	
2004-03-19	0.824	0.816	0.824	0.816	
2004-03-22	0.8	0.8	0.8	0.8	
2004-03-23	0.8	0.8	0.82	0.82	
					0
2004-03-25	0.8	0.8	0.816	0.816	
2004-03-26	0.824	0.824	0.824	0.824	
2004-03-29	0.824	0.8	0.824	0.824	
					0
2004-03-31	0.8	0.74	0.8	0.74	
2004-04-01	0.768	0.768	0.792	0.792	
2004-04-02	0.788	0.788	0.8	0.8	
2004-04-05	0.796	0.796	0.816	0.812	
					0
2004-04-07	0.812	0.804	0.812	0.808	
2004-04-08	0.808	0.804	0.828	0.804	
2004-04-09	0.816	0.816	0.816	0.816	
2004-04-12	0.804	0.784	0.804	0.784	
					0
					0
					0
2004-04-16	0.784	0.764	0.808	0.8	
2004-04-19	0.796	0.796	0.832	0.832	
2004-04-20	0.82	0.82	0.82	0.82	
2004-04-21	0.816	0.796	0.816	0.796	
2004-04-22	0.808	0.804	0.808	0.804	
2004-04-23	0.78	0.776	0.78	0.776	
2004-04-26	0.744	0.744	0.788	0.788	
2004-04-27	0.78	0.744	0.78	0.78	
2004-04-28	0.76	0.76	0.78	0.776	
2004-04-29	0.76	0.74	0.76	0.744	
2004-04-30	0.744	0.744	0.744	0.744	
					0
2004-05-04	0.744	0.744	0.78	0.78	
					0
2004-05-06	0.76	0.744	0.78	0.78	
2004-05-07	0.816	0.816	0.816	0.816	
2004-05-10	0.624	0.624	0.792	0.792	
2004-05-11	0.788	0.788	0.788	0.788	
2004-05-12	0.8	0.784	0.8	0.8	
2004-05-13	0.796	0.76	0.8	0.8	
					0
2004-05-17	0.704	0.7	0.76	0.732	
2004-05-18	0.736	0.736	0.76	0.76	
2004-05-19	0.74	0.7	0.756	0.724	
2004-05-20	0.764	0.724	0.764	0.752	
2004-05-21	0.752	0.748	0.768	0.768	
2004-05-24	0.756	0.732	0.768	0.732	
2004-05-25	0.752	0.704	0.772	0.772	
2004-05-26	0.728	0.724	0.744	0.732	
2004-05-27	0.732	0.732	0.736	0.736	
2004-05-28	0.74	0.74	0.764	0.744	
2004-05-31	0.9	0.76	0.92	0.768	
2004-06-01	0.78	0.776	0.804	0.784	
					0
2004-06-03	0.792	0.784	0.804	0.796	
2004-06-04	0.792	0.792	0.832	0.828	
2004-06-07	0.832	0.832	0.868	0.852	
2004-06-08	0.856	0.832	0.872	0.836	
2004-06-09	0.836	0.836	0.86	0.844	
2004-06-10	0.84	0.836	0.852	0.848	
2004-06-11	0.856	0.828	0.856	0.828	
2004-06-14	0.832	0.808	0.836	0.808	
2004-06-15	0.816	0.792	0.816	0.812	
2004-06-16	0.816	0.816	0.828	0.828	
2004-06-17	0.832	0.816	0.832	0.82	
2004-06-18	0.82	0.808	0.82	0.808	
2004-06-21	0.82	0.808	0.82	0.82	
2004-06-22	0.816	0.816	0.828	0.828	
2004-06-23	0.896	0.82	0.896	0.828	
2004-06-24	0.824	0.82	0.84	0.828	
2004-06-25	0.916	0.828	0.916	0.836	
2004-06-28	0.824	0.824	0.828	0.828	
2004-06-29	0.82	0.812	0.82	0.82	
2004-06-30	0.82	0.816	0.852	0.816	
					0
2004-07-02	0.808	0.8	0.82	0.8	
2004-07-05	0.804	0.8	0.82	0.8	
2004-07-06	0.808	0.8	0.808	0.8	
2004-07-07	0.8	0.8	0.808	0.8	
2004-07-08	0.804	0.804	0.816	0.804	
2004-07-09	0.8	0.8	0.804	0.8	
2004-07-12	0.9	0.808	0.9	0.808	
2004-07-13	0.808	0.804	0.816	0.804	
2004-07-14	0.804	0.796	0.804	0.796	
2004-07-15	0.8	0.8	0.804	0.8	
2004-07-16	0.8	0.8	0.8	0.8	
2004-07-19	0.804	0.8	0.804	0.8	
2004-07-20	0.8	0.796	0.8	0.8	
2004-07-21	0.8	0.8	0.816	0.804	
2004-07-22	0.804	0.796	0.804	0.796	
2004-07-23	0.796	0.792	0.796	0.792	
2004-07-26	0.792	0.78	0.792	0.78	
2004-07-27	0.78	0.78	0.784	0.78	
2004-07-28	0.788	0.776	0.788	0.776	
2004-07-29	0.776	0.772	0.776	0.772	
2004-07-30	0.768	0.764	0.796	0.796	
2004-08-02	0.768	0.764	0.796	0.796	2244
2004-08-03	0.76	0.76	0.76	0.76	
2004-08-04	0.764	0.74	0.764	0.74	
2004-08-05	0.72	0.72	0.792	0.792	
2004-08-06	0.728	0.728	0.74	0.74	
2004-08-09	0.776	0.776	0.776	0.776	
2004-08-10	0.792	0.792	0.792	0.792	
2004-08-11	0.708	0.708	0.792	0.792	
2004-08-12	0.708	0.708	0.792	0.792	
2004-08-12	0.708	0.708	0.792	0.792	264
					0
					0
2004-08-17	0.772	0.732	0.788	0.732	
2004-08-18	0.748	0.748	0.752	0.752	
2004-08-19	0.78	0.78	0.78	0.78	
2004-08-20	0.72	0.7	0.74	0.74	
2004-08-23	0.744	0.74	0.744	0.74	
					0
2004-08-25	0.7	0.7	0.74	0.74	
2004-08-26	0.728	0.728	0.748	0.744	
2004-08-27	0.74	0.74	0.748	0.748	
2004-08-30	0.752	0.736	0.756	0.756	
2004-08-31	0.748	0.74	0.756	0.752	
2004-09-01	0.784	0.744	0.784	0.744	
2004-09-02	0.756	0.744	0.772	0.744	
2004-09-03	0.744	0.736	0.744	0.74	
2004-09-06	0.736	0.732	0.736	0.732	
2004-09-07	0.736	0.728	0.78	0.732	
2004-09-08	0.724	0.724	0.74	0.724	
2004-09-09	0.724	0.72	0.724	0.724	
2004-09-10	0.736	0.728	0.736	0.728	
2004-09-13	0.732	0.728	0.748	0.728	
2004-09-14	0.724	0.724	0.748	0.728	
2004-09-15	0.736	0.72	0.736	0.72	
2004-09-16	0.732	0.72	0.736	0.72	
2004-09-17	0.724	0.72	0.724	0.724	
2004-09-20	0.72	0.716	0.72	0.716	
2004-09-21	0.716	0.7	0.72	0.72	
2004-09-22	0.708	0.7	0.708	0.7	
2004-09-23	0.7	0.692	0.7	0.692	
2004-09-24	0.688	0.684	0.692	0.692	
2004-09-27	0.688	0.684	0.688	0.688	
2004-09-28	0.684	0.672	0.684	0.676	
2004-09-29	0.668	0.664	0.668	0.664	
2004-09-30	0.72	0.68	0.72	0.704	
2004-10-01	0.7	0.636	0.708	0.636	
2004-10-04	0.652	0.648	0.668	0.66	
2004-10-05	0.64	0.64	0.64	0.64	
2004-10-06	0.68	0.644	0.684	0.652	
2004-10-07	0.64	0.636	0.66	0.66	
					0
2004-10-11	0.66	0.656	0.712	0.7	
2004-10-12	0.736	0.692	0.736	0.696	
2004-10-13	0.696	0.688	0.696	0.688	
2004-10-14	0.776	0.776	0.776	0.776	
2004-10-15	0.696	0.696	0.752	0.752	
2004-10-18	0.724	0.704	0.724	0.704	
2004-10-19	0.704	0.696	0.716	0.696	
2004-10-20	0.696	0.68	0.696	0.68	
2004-10-21	0.696	0.664	0.696	0.672	
2004-10-22	0.7	0.664	0.7	0.664	
					0
2004-10-26	0.688	0.688	0.688	0.688	
2004-10-27	0.64	0.636	0.66	0.636	
2004-10-28	0.68	0.68	0.68	0.68	
2004-10-29	0.68	0.612	0.68	0.64	
2004-11-01	0.62	0.596	0.64	0.596	
2004-11-02	0.596	0.584	0.624	0.608	
2004-11-03	0.6	0.6	0.62	0.62	
2004-11-04	0.608	0.6	0.624	0.6	
2004-11-05	0.596	0.592	0.66	0.6	
2004-11-08	0.6	0.6	0.6	0.6	
2004-11-09	0.608	0.604	0.64	0.64	
2004-11-10	0.6	0.6	0.632	0.632	
2004-11-11	0.62	0.592	0.62	0.592	
2004-11-12	0.624	0.6	0.624	0.6	
2004-11-15	0.6	0.596	0.628	0.624	
2004-11-16	0.616	0.604	0.62	0.62	
2004-11-17	0.636	0.6	0.636	0.616	
2004-11-18	0.616	0.612	0.628	0.624	
2004-11-19	0.636	0.624	0.7	0.624	
2004-11-22	0.62	0.62	0.628	0.62	
2004-11-23	0.62	0.604	0.632	0.62	
					0
2004-11-25	0.62	0.616	0.68	0.62	
2004-11-26	0.62	0.62	0.624	0.62	
2004-11-29	0.624	0.624	0.628	0.628	
2004-11-30	0.632	0.628	0.632	0.628	
2004-12-01	0.624	0.624	0.64	0.64	
2004-12-02	0.628	0.628	0.664	0.652	
2004-12-03	0.64	0.64	0.656	0.656	
					0
2004-12-07	0.68	0.656	0.68	0.66	
2004-12-08	0.644	0.636	0.66	0.66	
2004-12-09	0.648	0.648	0.676	0.664	
					0
2004-12-13	0.668	0.664	0.68	0.676	
2004-12-14	0.68	0.68	0.696	0.688	
2004-12-15	0.68	0.672	0.684	0.684	
2004-12-16	0.664	0.664	0.676	0.676	
2004-12-17	0.668	0.664	0.688	0.688	
2004-12-20	0.668	0.668	0.668	0.668	
2004-12-21	0.668	0.66	0.68	0.68	
2004-12-22	0.668	0.66	0.684	0.684	
2004-12-23	0.672	0.656	0.672	0.656	
2004-12-24	0.652	0.652	0.652	0.652	
2004-12-27	0.62	0.608	0.66	0.66	
2004-12-28	0.604	0.6	0.616	0.604	
2004-12-29	0.6	0.6	0.624	0.624	
2004-12-30	0.624	0.616	0.64	0.628	
					0
2005-01-04	0.616	0.616	0.632	0.628	
2005-01-05	0.62	0.616	0.64	0.64	
2005-01-06	0.632	0.616	0.636	0.628	
2005-01-07	0.628	0.624	0.636	0.628	
2005-01-10	0.6	0.6	0.628	0.628	
2005-01-11	0.6	0.6	0.616	0.616	
2005-01-12	0.616	0.608	0.62	0.608	
2005-01-13	0.604	0.604	0.604	0.604	
2005-01-14	0.6	0.6	0.612	0.612	
2005-01-17	0.604	0.6	0.604	0.6	
2005-01-18	0.616	0.6	0.616	0.6	
2005-01-19	0.596	0.596	0.604	0.604	
2005-01-20	0.604	0.6	0.604	0.6	
2005-01-21	0.6	0.6	0.6	0.6	
2005-01-24	0.6	0.584	0.6	0.584	
2005-01-25	0.604	0.604	0.604	0.604	
2005-01-26	0.6	0.592	0.6	0.6	
2005-01-27	0.6	0.6	0.6	0.6	
2005-01-28	0.6	0.6	0.6	0.6	
2005-01-31	0.6	0.6	0.6	0.6	
2005-02-01	0.604	0.6	0.604	0.6	
2005-02-02	0.584	0.584	0.608	0.6	
2005-02-03	0.604	0.604	0.608	0.608	
2005-02-04	0.608	0.6	0.608	0.604	
2005-02-07	0.612	0.612	0.624	0.62	
2005-02-08	0.62	0.604	0.62	0.604	
2005-02-09	0.62	0.612	0.656	0.628	
2005-02-10	0.628	0.624	0.632	0.628	
2005-02-11	0.632	0.624	0.652	0.636	
2005-02-14	0.64	0.64	0.672	0.656	
2005-02-15	0.672	0.664	0.684	0.68	
2005-02-16	0.676	0.676	0.692	0.676	
2005-02-17	0.652	0.652	0.664	0.664	
2005-02-18	0.688	0.66	0.704	0.688	
2005-02-21	0.696	0.68	0.716	0.716	
2005-02-22	0.708	0.704	0.716	0.712	
2005-02-24	0.712	0.696	0.716	0.7	
2005-02-25	0.688	0.688	0.704	0.692	
2005-02-28	0.68	0.68	0.716	0.716	
2005-03-01	0.7	0.7	0.7	0.7	
2005-03-02	0.668	0.668	0.696	0.696	
2005-03-03	0.664	0.664	0.668	0.668	
2005-03-04	0.74	0.684	0.74	0.692	
2005-03-07	0.68	0.664	0.68	0.672	
2005-03-08	0.664	0.66	0.672	0.66	
2005-03-09	0.66	0.656	0.668	0.656	
2005-03-10	0.628	0.62	0.652	0.652	
2005-03-11	0.652	0.652	0.672	0.656	
2005-03-14	0.66	0.652	0.672	0.652	
2005-03-15	0.636	0.632	0.636	0.632	
2005-03-16	0.636	0.632	0.644	0.644	
					0
2005-03-18	0.652	0.652	0.68	0.672	
2005-03-21	0.64	0.64	0.66	0.66	
					0
2005-03-23	0.64	0.64	0.66	0.66	
2005-03-24	0.644	0.64	0.652	0.652	
2005-03-25	0.644	0.644	0.676	0.676	
					0
2005-03-29	0.632	0.632	0.632	0.632	
2005-03-30	0.652	0.648	0.68	0.68	
2005-03-31	0.664	0.664	0.664	0.664	
					0
2005-04-04	0.604	0.58	0.652	0.624	
2005-04-05	0.624	0.62	0.656	0.656	
					0
2005-04-08	0.72	0.72	0.72	0.72	
					0
					0
					0
2005-04-19	0.62	0.62	0.7	0.66	
2005-04-20	0.64	0.64	0.7	0.7	
2005-04-21	0.66	0.648	0.696	0.672	
					0
2005-04-25	0.62	0.62	0.62	0.62	
					0
2005-04-27	0.68	0.68	0.68	0.68	
2005-04-28	0.62	0.62	0.68	0.68	
2005-04-29	0.62	0.62	0.72	0.72	
2005-05-03	0.692	0.672	0.692	0.68	
2005-05-04	0.68	0.64	0.68	0.68	
2005-05-06	0.68	0.68	0.68	0.68	
					0
2005-05-10	0.66	0.66	0.68	0.68	
2005-05-11	0.664	0.664	0.676	0.676	
2005-05-12	0.672	0.668	0.676	0.676	
2005-05-13	0.672	0.672	0.676	0.676	
2005-05-16	0.672	0.668	0.68	0.68	
2005-05-17	0.672	0.672	0.684	0.684	
2005-05-18	0.676	0.676	0.696	0.696	
2005-05-19	0.692	0.684	0.7	0.696	
2005-05-20	0.696	0.696	0.744	0.744	
2005-05-24	0.704	0.668	0.72	0.72	
2005-05-25	0.7	0.7	0.704	0.704	
2005-05-26	0.68	0.68	0.708	0.7	
2005-05-27	0.716	0.716	0.716	0.716	
2005-05-30	0.716	0.704	0.752	0.752	
2005-05-31	0.708	0.7	0.708	0.7	
2005-06-01	0.744	0.74	0.748	0.74	
					0
2005-06-03	0.72	0.712	0.74	0.74	
2005-06-06	0.712	0.712	0.744	0.744	
2005-06-07	0.744	0.732	0.752	0.736	
2005-06-08	0.728	0.724	0.728	0.728	
2005-06-09	0.732	0.728	0.744	0.728	
2005-06-10	0.736	0.736	0.736	0.736	
2005-06-13	0.748	0.748	0.748	0.748	
2005-06-14	0.72	0.716	0.732	0.732	
2005-06-15	0.736	0.716	0.744	0.732	
2005-06-16	0.732	0.732	0.732	0.732	
2005-06-17	0.732	0.732	0.732	0.732	
2005-06-20	0.748	0.748	0.748	0.748	
2005-06-21	0.732	0.732	0.74	0.736	
2005-06-22	0.736	0.708	0.736	0.736	
2005-06-23	0.728	0.728	0.728	0.728	
2005-06-24	0.728	0.728	0.728	0.728	
2005-06-27	0.728	0.728	0.728	0.728	
2005-06-28	0.736	0.736	0.736	0.736	
2005-06-29	0.732	0.732	0.752	0.752	
2005-06-30	0.74	0.736	0.74	0.736	
2005-07-04	0.7	0.7	0.7	0.7	
					0
2005-07-06	0.692	0.692	0.72	0.72	
2005-07-07	0.72	0.664	0.744	0.744	
2005-07-08	0.728	0.728	0.728	0.728	
2005-07-11	0.736	0.728	0.764	0.74	
					0
2005-07-13	0.724	0.72	0.728	0.728	
2005-07-14	0.724	0.7	0.728	0.7	
2005-07-15	0.636	0.636	0.728	0.728	
2005-07-18	0.7	0.656	0.728	0.728	
2005-07-19	0.728	0.728	0.728	0.728	
					0
2005-07-21	0.724	0.724	0.728	0.728	
2005-07-25	0.684	0.664	0.696	0.696	
2005-07-26	0.66	0.628	0.668	0.668	
2005-07-27	0.632	0.628	0.672	0.672	
2005-07-28	0.672	0.652	0.684	0.684	
2005-07-29	0.664	0.664	0.684	0.664	
2005-08-01	0.656	0.644	0.664	0.664	
2005-08-02	0.66	0.66	0.664	0.664	
2005-08-03	0.672	0.644	0.672	0.66	
2005-08-04	0.716	0.672	0.716	0.672	
					0
2005-08-08	0.664	0.66	0.68	0.68	
2005-08-09	0.664	0.652	0.676	0.652	
2005-08-10	0.652	0.652	0.68	0.676	
2005-08-11	0.656	0.656	0.68	0.68	
2005-08-15	0.68	0.672	0.68	0.672	
2005-08-16	0.636	0.636	0.672	0.664	
2005-08-17	0.644	0.624	0.66	0.66	
2005-08-18	0.652	0.636	0.656	0.64	
2005-08-19	0.66	0.64	0.66	0.648	
2005-08-22	0.656	0.64	0.656	0.648	
2005-08-23	0.656	0.648	0.656	0.656	
2005-08-24	0.656	0.644	0.656	0.648	
2005-08-25	0.652	0.652	0.66	0.656	
2005-08-26	0.66	0.656	0.66	0.66	
2005-08-29	0.656	0.644	0.656	0.644	
2005-08-30	0.644	0.644	0.644	0.644	
					0
2005-09-01	0.644	0.644	0.656	0.652	
2005-09-02	0.648	0.648	0.664	0.664	
2005-09-05	0.648	0.636	0.648	0.636	
2005-09-06	0.64	0.636	0.64	0.64	
2005-09-07	0.64	0.636	0.64	0.636	
2005-09-08	0.636	0.632	0.636	0.632	
2005-09-09	0.628	0.628	0.64	0.64	
2005-09-12	0.632	0.632	0.632	0.632	
2005-09-13	0.624	0.608	0.632	0.632	
2005-09-14	0.628	0.62	0.632	0.632	
2005-09-15	0.632	0.624	0.632	0.628	
					0
2005-09-19	0.628	0.628	0.628	0.628	
2005-09-20	0.628	0.624	0.628	0.628	
2005-09-21	0.624	0.624	0.632	0.624	
2005-09-22	0.628	0.628	0.628	0.628	
					0
2005-09-26	0.628	0.628	0.628	0.628	
2005-09-27	0.632	0.628	0.632	0.628	
2005-09-28	0.636	0.628	0.652	0.628	
2005-09-29	0.628	0.628	0.632	0.632	
2005-09-30	0.632	0.632	0.676	0.66	
2005-10-03	0.664	0.664	0.684	0.684	
2005-10-04	0.684	0.684	0.872	0.844	
2005-10-05	0.86	0.824	0.996	0.824	
2005-10-06	0.84	0.788	0.904	0.82	
2005-10-07	0.84	0.784	0.848	0.792	
2005-10-10	0.784	0.756	0.8	0.756	
2005-10-11	0.764	0.724	0.792	0.74	
2005-10-12	0.748	0.728	0.8	0.764	
2005-10-13	0.768	0.744	0.784	0.744	
2005-10-14	0.752	0.728	0.752	0.728	
2005-10-17	0.732	0.704	0.74	0.72	
2005-10-18	0.728	0.72	0.748	0.74	
2005-10-19	0.736	0.724	0.764	0.724	
2005-10-20	0.74	0.724	0.748	0.728	
2005-10-21	0.732	0.708	0.732	0.708	
2005-10-25	0.7	0.636	0.716	0.636	
2005-10-26	0.64	0.64	0.672	0.656	
2005-10-27	0.652	0.644	0.664	0.644	
2005-10-28	0.636	0.632	0.648	0.632	
2005-10-31	0.632	0.632	0.644	0.636	
2005-11-01	0.648	0.64	0.664	0.648	
2005-11-02	0.652	0.644	0.66	0.656	
2005-11-03	0.656	0.656	0.7	0.676	
2005-11-04	0.68	0.64	0.692	0.64	
2005-11-07	0.644	0.628	0.652	0.628	
2005-11-08	0.632	0.62	0.656	0.62	
2005-11-09	0.624	0.624	0.628	0.628	
2005-11-10	0.632	0.62	0.644	0.62	
2005-11-11	0.624	0.612	0.644	0.612	
2005-11-14	0.612	0.6	0.624	0.604	
2005-11-15	0.6	0.596	0.624	0.616	
2005-11-16	0.616	0.616	0.644	0.624	
2005-11-17	0.628	0.616	0.652	0.62	
2005-11-18	0.62	0.608	0.624	0.616	
2005-11-21	0.62	0.616	0.624	0.616	
2005-11-22	0.62	0.604	0.62	0.604	
2005-11-23	0.612	0.564	0.62	0.588	
2005-11-24	0.6	0.6	0.6	0.6	
2005-11-25	0.6	0.588	0.6	0.588	
2005-11-28	0.572	0.572	0.588	0.572	
2005-11-29	0.592	0.568	0.592	0.568	
2005-11-30	0.584	0.576	0.584	0.576	
2005-12-01	0.568	0.564	0.572	0.572	
2005-12-02	0.592	0.576	0.596	0.58	
2005-12-06	0.572	0.556	0.572	0.568	
2005-12-07	0.572	0.572	0.584	0.576	
2005-12-08	0.576	0.568	0.592	0.568	
2005-12-09	0.576	0.576	0.592	0.58	
2005-12-13	0.584	0.576	0.584	0.576	
2005-12-14	0.572	0.568	0.576	0.572	
2005-12-15	0.576	0.572	0.6	0.584	
2005-12-16	0.58	0.58	0.612	0.608	
2005-12-19	0.608	0.608	0.628	0.628	
2005-12-20	0.62	0.592	0.62	0.592	
2005-12-21	0.596	0.592	0.604	0.592	
2005-12-22	0.592	0.58	0.596	0.58	
2005-12-23	0.58	0.58	0.608	0.584	
2005-12-26	0.584	0.584	0.608	0.592	
2005-12-27	0.596	0.584	0.6	0.588	
2005-12-28	0.588	0.584	0.592	0.584	
2005-12-29	0.588	0.584	0.592	0.588	477499
2005-12-30	0.592	0.592	0.62	0.6	
2005-12-30	0.592	0.592	0.62	0.6	7952499
					0
2006-01-03	0.6	0.6	0.62	0.616	
2006-01-04	0.62	0.604	0.62	0.604	
2006-01-05	0.62	0.616	0.636	0.636	
2006-01-06	0.636	0.624	0.644	0.628	
2006-01-09	0.632	0.624	0.644	0.628	
2006-01-10	0.632	0.62	0.64	0.624	
2006-01-11	0.624	0.624	0.632	0.624	
2006-01-12	0.628	0.612	0.632	0.612	
2006-01-13	0.62	0.612	0.62	0.612	
2006-01-16	0.616	0.616	0.62	0.616	
2006-01-17	0.616	0.616	0.628	0.624	
2006-01-18	0.62	0.612	0.62	0.612	
					0
2006-01-20	0.6	0.6	0.648	0.648	
2006-01-23	0.64	0.628	0.66	0.628	
2006-01-24	0.632	0.624	0.644	0.624	
2006-01-25	0.628	0.624	0.628	0.624	
2006-01-26	0.62	0.616	0.624	0.616	
2006-01-27	0.636	0.612	0.636	0.624	
2006-01-30	0.624	0.612	0.624	0.616	
2006-01-31	0.604	0.604	0.608	0.608	
2006-02-01	0.604	0.604	0.612	0.608	
2006-02-02	0.6	0.6	0.608	0.608	
					0
2006-02-06	0.624	0.6	0.628	0.604	
2006-02-07	0.604	0.604	0.612	0.612	
2006-02-08	0.62	0.608	0.62	0.612	
2006-02-09	0.616	0.612	0.616	0.612	
2006-02-10	0.624	0.616	0.636	0.616	
					0
					0
2006-02-16	0.616	0.612	0.644	0.616	
2006-02-17	0.624	0.62	0.636	0.636	
2006-02-20	0.624	0.612	0.624	0.624	
2006-02-21	0.62	0.612	0.62	0.612	
2006-02-22	0.616	0.612	0.616	0.612	
2006-02-23	0.612	0.612	0.612	0.612	
2006-02-24	0.616	0.612	0.62	0.616	
2006-02-27	0.616	0.616	0.628	0.628	
2006-02-28	0.616	0.612	0.616	0.612	
2006-03-01	0.612	0.612	0.612	0.612	
2006-03-02	0.608	0.608	0.608	0.608	
2006-03-03	0.604	0.604	0.62	0.62	
2006-03-06	0.616	0.6	0.616	0.6	
2006-03-07	0.6	0.6	0.6	0.6	
2006-03-08	0.6	0.6	0.604	0.604	
					0
					0
					0
2006-03-14	0.596	0.596	0.624	0.624	
2006-03-15	0.608	0.608	0.616	0.616	
2006-03-16	0.616	0.604	0.616	0.604	
2006-03-17	0.616	0.616	0.616	0.616	
					0
2006-03-21	0.6	0.592	0.6	0.592	
2006-03-22	0.6	0.584	0.6	0.584	
2006-03-23	0.584	0.584	0.64	0.64	
2006-03-24	0.64	0.6	0.652	0.6	
2006-03-27	0.608	0.6	0.62	0.6	
2006-03-28	0.608	0.6	0.608	0.6	
2006-03-29	0.604	0.592	0.604	0.596	
2006-03-30	0.604	0.596	0.608	0.596	
2006-03-31	0.608	0.6	0.608	0.6	
2006-04-03	0.592	0.588	0.612	0.612	
2006-04-04	0.592	0.592	0.592	0.592	
2006-04-05	0.6	0.592	0.6	0.596	
2006-04-07	0.592	0.592	0.6	0.596	
2006-04-10	0.6	0.6	0.6	0.6	
2006-04-11	0.596	0.596	0.596	0.596	
2006-04-12	0.58	0.58	0.588	0.58	
2006-04-17	0.58	0.58	0.6	0.6	
2006-04-18	0.6	0.592	0.612	0.592	
2006-04-20	0.604	0.604	0.604	0.604	
					0
					0
2006-04-25	0.6	0.6	0.6	0.6	
2006-04-26	0.6	0.6	0.632	0.632	
2006-04-27	0.616	0.616	0.676	0.628	
2006-04-28	0.636	0.628	0.644	0.632	
2006-05-02	0.64	0.632	0.692	0.64	
2006-05-03	0.64	0.64	0.66	0.648	
2006-05-04	0.644	0.636	0.652	0.64	
2006-05-08	0.644	0.64	0.652	0.64	
2006-05-09	0.644	0.636	0.652	0.636	
2006-05-10	0.632	0.628	0.636	0.632	
2006-05-11	0.628	0.616	0.632	0.616	
2006-05-15	0.616	0.616	0.636	0.632	
2006-05-16	0.628	0.628	0.648	0.64	
2006-05-17	0.64	0.636	0.648	0.64	
2006-05-18	0.64	0.632	0.64	0.64	
2006-05-19	0.64	0.636	0.64	0.64	
2006-05-22	0.636	0.62	0.636	0.62	
2006-05-23	0.62	0.62	0.62	0.62	
2006-05-24	0.62	0.612	0.62	0.612	
2006-05-25	0.616	0.612	0.616	0.612	
2006-05-26	0.612	0.604	0.612	0.608	
2006-05-29	0.612	0.612	0.612	0.612	
2006-05-30	0.612	0.612	0.612	0.612	
					0
					0
2006-06-02	0.612	0.608	0.612	0.612	
					0
					0
					0
					0
					0
2006-06-14	0.612	0.612	0.612	0.612	
2006-06-15	0.612	0.604	0.612	0.612	
2006-06-16	0.6	0.6	0.612	0.612	
2006-06-19	0.584	0.572	0.612	0.612	
2006-06-20	0.608	0.608	0.612	0.612	
2006-06-21	0.6	0.6	0.608	0.608	
2006-06-22	0.608	0.608	0.616	0.612	
2006-06-23	0.656	0.608	0.656	0.608	
2006-06-26	0.624	0.624	0.624	0.624	
					0
2006-06-28	0.656	0.608	0.656	0.612	
2006-06-29	0.6	0.6	0.624	0.612	
2006-06-30	0.612	0.612	0.612	0.612	
2006-07-03	0.628	0.612	0.628	0.612	
2006-07-04	0.612	0.612	0.612	0.612	
2006-07-05	0.568	0.568	0.632	0.628	
2006-07-06	0.612	0.612	0.636	0.636	
2006-07-07	0.636	0.612	0.636	0.612	
2006-07-10	0.632	0.62	0.632	0.628	
2006-07-12	0.62	0.62	0.62	0.62	
2006-07-13	0.64	0.604	0.64	0.64	
2006-07-14	0.612	0.612	0.644	0.644	
2006-07-17	0.62	0.612	0.68	0.668	
2006-07-18	0.656	0.64	0.656	0.648	
2006-07-19	0.648	0.644	0.648	0.644	
2006-07-20	0.644	0.636	0.648	0.64	
2006-07-21	0.636	0.628	0.636	0.628	
2006-07-24	0.632	0.616	0.632	0.616	
2006-07-25	0.62	0.608	0.624	0.608	
2006-07-26	0.608	0.608	0.608	0.608	
2006-07-27	0.608	0.608	0.62	0.608	
2006-07-28	0.608	0.608	0.612	0.608	
2006-07-31	0.612	0.612	0.612	0.612	
2006-08-01	0.612	0.608	0.656	0.656	
2006-08-02	0.648	0.608	0.688	0.612	
2006-08-03	0.616	0.612	0.62	0.616	
2006-08-04	0.612	0.612	0.612	0.612	
2006-08-07	0.608	0.608	0.612	0.612	
2006-08-08	0.616	0.6	0.616	0.6	
2006-08-09	0.604	0.6	0.604	0.6	
2006-08-10	0.604	0.596	0.604	0.596	
2006-08-11	0.6	0.592	0.604	0.592	
2006-08-15	0.588	0.584	0.592	0.584	
2006-08-16	0.588	0.584	0.588	0.588	
2006-08-17	0.588	0.588	0.588	0.588	
2006-08-18	0.584	0.584	0.584	0.584	
2006-08-21	0.592	0.588	0.604	0.604	
2006-08-22	0.588	0.588	0.608	0.608	
2006-08-23	0.6	0.584	0.604	0.604	
2006-08-24	0.6	0.592	0.6	0.6	
2006-08-25	0.6	0.592	0.608	0.596	
2006-08-28	0.6	0.596	0.6	0.596	
2006-08-29	0.596	0.596	0.596	0.596	
2006-08-30	0.588	0.588	0.6	0.596	
2006-08-31	0.6	0.596	0.6	0.596	
2006-09-01	0.588	0.588	0.6	0.596	
2006-09-04	0.596	0.596	0.596	0.596	
2006-09-05	0.592	0.592	0.6	0.596	
2006-09-06	0.6	0.6	0.6	0.6	
2006-09-07	0.592	0.588	0.6	0.6	
2006-09-08	0.6	0.584	0.6	0.6	
2006-09-11	0.592	0.588	0.596	0.596	
2006-09-12	0.596	0.584	0.6	0.6	
2006-09-13	0.6	0.584	0.6	0.592	
2006-09-14	0.588	0.584	0.592	0.592	
2006-09-15	0.584	0.584	0.592	0.584	
2006-09-18	0.572	0.572	0.596	0.596	
2006-09-19	0.576	0.576	0.596	0.596	
2006-09-21	0.572	0.572	0.596	0.596	
2006-09-22	0.544	0.54	0.56	0.556	
2006-09-25	0.568	0.568	0.592	0.592	
2006-09-26	0.588	0.588	0.6	0.6	
2006-09-27	0.6	0.588	0.6	0.596	
2006-09-28	0.596	0.596	0.6	0.6	
2006-09-29	0.584	0.584	0.6	0.6	
2006-10-02	0.58	0.58	0.6	0.596	
2006-10-03	0.6	0.6	0.6	0.6	
2006-10-04	0.6	0.584	0.6	0.596	
2006-10-05	0.592	0.592	0.596	0.592	
2006-10-06	0.6	0.584	0.6	0.584	
2006-10-09	0.58	0.58	0.596	0.596	
2006-10-10	0.592	0.592	0.592	0.592	
					0
2006-10-12	0.592	0.592	0.596	0.592	
2006-10-13	0.58	0.58	0.592	0.592	
2006-10-16	0.596	0.592	0.6	0.592	
					0
2006-10-18	0.592	0.584	0.596	0.596	
2006-10-19	0.576	0.576	0.596	0.596	
2006-10-20	0.568	0.568	0.6	0.596	
					0
2006-10-25	0.64	0.588	0.64	0.596	
2006-10-26	0.596	0.588	0.596	0.588	
2006-10-27	0.584	0.58	0.584	0.58	
2006-10-30	0.584	0.584	0.584	0.584	
2006-10-31	0.6	0.6	0.6	0.6	
2006-11-01	0.584	0.584	0.584	0.584	
2006-11-02	0.58	0.576	0.58	0.576	
2006-11-03	0.572	0.568	0.592	0.572	
2006-11-06	0.572	0.568	0.572	0.568	
2006-11-07	0.588	0.576	0.588	0.58	
2006-11-08	0.58	0.58	0.58	0.58	
2006-11-09	0.588	0.588	0.592	0.592	
2006-11-10	0.584	0.572	0.592	0.576	
					0
2006-11-14	0.572	0.564	0.58	0.58	
					0
2006-11-16	0.572	0.572	0.588	0.588	
2006-11-17	0.584	0.584	0.588	0.588	
2006-11-20	0.592	0.588	0.592	0.592	
2006-11-21	0.576	0.576	0.62	0.596	
					0
					0
					0
					0
					0
					0
2006-11-30	0.58	0.58	0.592	0.592	
					0
2006-12-04	0.58	0.58	0.592	0.592	
2006-12-06	0.584	0.584	0.596	0.596	
2006-12-07	0.58	0.58	0.608	0.608	
					0
					0
					0
2006-12-14	0.58	0.56	0.604	0.56	
2006-12-15	0.54	0.54	0.568	0.548	
2006-12-18	0.532	0.532	0.576	0.568	
2006-12-19	0.528	0.52	0.56	0.52	
2006-12-20	0.52	0.52	0.576	0.576	
2006-12-21	0.532	0.532	0.532	0.532	
2006-12-22	0.588	0.536	0.588	0.536	
2006-12-25	0.536	0.536	0.572	0.572	
					0
2006-12-27	0.536	0.536	0.58	0.58	8499
2006-12-27	0.536	0.536	0.58	0.58	
					0
2006-12-29	0.528	0.528	0.528	0.528	999
2007-01-03	0.508	0.508	0.568	0.568	19999
2007-01-04	0.576	0.576	0.576	0.576	
2007-01-04	0.576	0.576	0.576	0.576	999
					0
2007-01-08	0.528	0.52	0.572	0.528	116999
2007-01-09	0.528	0.516	0.528	0.524	54999
2007-01-10	0.524	0.524	0.592	0.592	39999
2007-01-11	0.58	0.544	0.584	0.584	16999
2007-01-12	0.524	0.516	0.572	0.524	
2007-01-12	0.524	0.516	0.572	0.524	144499
					0
2007-01-16	0.528	0.528	0.528	0.528	2499
2007-01-17	0.532	0.532	0.532	0.532	
2007-01-17	0.532	0.532	0.532	0.532	499
					0
					0
2007-01-22	0.56	0.56	0.572	0.572	1999
2007-01-22	0.56	0.56	0.572	0.572	
					0
					0
					0
					0
					0
					0
2007-01-31	0.544	0.536	0.544	0.536	19999
2007-02-01	0.54	0.54	0.58	0.58	2499
2007-02-01	0.54	0.54	0.58	0.58	
					0
2007-02-05	0.548	0.548	0.56	0.56	15999
2007-02-06	0.556	0.552	0.556	0.552	64999
2007-02-07	0.548	0.548	0.552	0.548	369999
2007-02-08	0.548	0.548	0.552	0.548	
2007-02-08	0.548	0.548	0.552	0.548	40499
					0
					0
2007-02-13	0.548	0.544	0.56	0.56	89499
2007-02-13	0.548	0.544	0.56	0.56	
					0
2007-02-15	0.548	0.548	0.56	0.56	34999
2007-02-15	0.548	0.548	0.56	0.56	
					0
					0
					0
2007-02-21	0.56	0.56	0.576	0.572	13499
2007-02-22	0.572	0.572	0.6	0.588	3972999
2007-02-23	0.592	0.58	0.604	0.584	10094499
2007-02-26	0.588	0.556	0.588	0.564	3018999
2007-02-27	0.576	0.576	0.576	0.576	4999
2007-02-28	0.548	0.548	0.552	0.548	125499
2007-03-01	0.552	0.528	0.6	0.6	495499
2007-03-01	0.552	0.528	0.6	0.6	
					0
					0
					0
					0
					0
					0
					0
					0
					0
					0
					0
					0
					0
					0
					0
					0
					0
					0
					0
					0
					0
					0
					0
					0
					0
					0
					0
					0
2007-04-17	0.4	0.202	0.4	0.208	14047499
2007-04-18	0.22	0.22	0.27	0.27	19919499
2007-04-19	0.3	0.3	0.346	0.324	29958999
2007-04-20	0.324	0.316	0.398	0.368	52268999
2007-04-23	0.374	0.352	0.386	0.36	61631499
2007-04-24	0.362	0.326	0.368	0.334	19065999
2007-04-25	0.334	0.324	0.346	0.328	9163499
2007-04-26	0.33	0.262	0.334	0.274	9420499
2007-04-27	0.274	0.258	0.356	0.356	94850499
2007-04-30	0.358	0.3	0.372	0.304	58204499
2007-05-02	0.308	0.302	0.322	0.312	19001999
2007-05-03	0.314	0.278	0.314	0.284	8030499
2007-05-04	0.29	0.272	0.294	0.278	10764999
2007-05-08	0.28	0.28	0.35	0.33	43109499
2007-05-09	0.322	0.32	0.36	0.34	26112999
2007-05-10	0.346	0.346	0.37	0.362	34735499
2007-05-11	0.358	0.356	0.368	0.356	14210999
2007-05-14	0.36	0.36	0.384	0.376	16809999
2007-05-15	0.374	0.344	0.376	0.37	8490999
2007-05-16	0.35	0.35	0.48	0.48	33754499
2007-05-16	0.35	0.35	0.48	0.48	
					0
					0
					0
					0
					0
					0
					0
					0
					0
					0
					0
					0
					0
					0
					0
					0
					0
					0
					0
					0
					0
					0
					0
					0
					0
					0
					0
					0
					0
					0
					0
					0
					0
					0
					0
					0
					0
					0
					0
					0
					0
					0
					0
					0
					0
					0
					0
					0
					0
					0
					0
					0
					0
					0
					0
					0
					0
					0
					0
					0
					0
					0
					0
					0
					0
					0
					0
					0
					0
					0
					0
					0
					0
					0
					0
					0
					0
					0
					0
					0
					0
					0
					0
					0
					0
					0
					0
					0
					0
					0
					0
					0
					0
					0
					0
					0
					0
					0
					0
					0
					0
					0
					0
					0
					0
					0
					0
					0
					0
					0
					0
					0
					0
					0
					0
					0
					0
					0
					0
					0
					0
					0
					0
					0
					0
					0
					0
					0
					0
					0
					0
					0
					0
					0
					0
					0
					0
					0
					0
					0
					0
					0
					0
					0
					0
					0
					0
					0
					0
					0
					0
					0
					0
					0
					0
					0
					0
					0
					0
					0
					0
					0
					0
					0
					0
					0
					0
					0
					0
					0
					0
					0
					0
					0
					0
					0
					0
					0
					0
					0
					0
					0
					0
					0
					0
					0
					0
					0
					0
					0
					0
					0
					0
					0
					0
					0
					0
					0
					0
					0
					0
					0
					0
					0
					0
					0
					0
					0
					0
					0
					0
					0
					0
					0
					0
					0
					0
					0
					0
					0
					0
					0
					0
					0
					0
					0
					0
					0
					0
					0
					0
					0
					0
					0
					0
					0
					0
					0
					0
					0
					0
					0
					0
					0
					0
					0
					0
					0
					0
					0
					0
					0
					0
					0
					0
					0
					0
					0
					0
					0
					0
					0
					0
					0
					0
					0
					0
					0
					0
					0
					0
					0
					0
					0
					0
					0
					0
					0
					0
					0
					0
					0
					0
					0
					0
					0
					0
					0
					0
					0
					0
					0
					0
					0
					0
					0
					0
					0
					0
					0
					0
					0
					0
					0
					0
					0
					0
					0
					0
					0
					0
					0
					0
					0
					0
					0
					0
					0
					0
					0
					0
					0
					0
					0
					0
					0
					0
					0
					0
					0
					0
					0
					0
					0
					0
					0
					0
					0
					0
					0
					0
					0
					0
					0
					0
					0
					0
					0
					0
					0
					0
					0
					0
					0
					0
					0
					0
					0
					0
					0
					0
					0
					0
					0
					0
					0
					0
					0
					0
					0
					0
					0
					0
					0
					0
					0
					0
					0
					0
					0
					0
					0
					0
					0
					0
					0
					0
					0
					0
					0
					0
					0
					0
					0
					0
					0
					0
					0
					0
					0
					0
					0
					0
					0
					0
					0
					0
					0
					0
					0
					0
					0
					0
					0
					0
					0
					0
					0
					0
					0
					0
					0
					0
					0
					0
					0
					0
					0
					0
					0
					0
					0
					0
					0
					0
					0
					0
					0
					0
					0
					0
					0
					0
					0
					0
					0
					0
					0
					0
					0
					0
					0
					0
					0
					0
					0
					0
					0
					0
					0
					0
					0
					0
					0
					0
					0
					0
					0
					0
					0
					0
					0
					0
					0
					0
					0
					0
					0
					0
					0
					0
					0
					0
					0
					0
					0
					0
					0
					0
					0
					0
					0
					0
					0
					0
					0
					0
					0
					0
					0
					0
					0
					0
					0
					0
					0
					0
					0
					0
					0
					0
					0
					0
					0
					0
					0
					0
					0
					0
					0
					0
					0
					0
					0
					0
					0
					0
					0
					0
					0
					0
					0
					0
					0
					0
					0
					0
					0
					0
					0
					0
					0
					0
					0
					0
					0
					0
					0
					0
					0
					0
					0
					0
					0
					0
					0
					0
					0
					0
					0
					0
					0
					0
					0
					0
					0
					0
					0
					0
					0
					0
					0
					0
					0
					0
					0
					0
					0
					0
					0
					0
					0
					0
					0
					0
					0
					0
					0
					0
					0
					0
					0
					0
					0
					0
					0
					0
					0
					0
					0
					0
					0
					0
					0
					0
					0
					0
					0
					0
					0
					0
					0
					0
					0
					0
					0
					0
					0
					0
					0
					0
					0
					0
					0
					0
					0
					0
					0
					0
					0
					0
					0
					0
					0
					0
					0
					0
					0
					0
					0
					0
					0
					0
					0
					0
					0
					0
					0
					0
					0
					0
					0
					0
					0
					0
					0
					0
					0
					0
					0
					0
					0
					0
					0
					0
					0
					0
					0
					0
					0
					0
					0
					0
					0
					0
					0
					0
					0
					0
					0
					0
					0
					0
					0
					0
					0
					0
					0
					0
					0
					0
					0
					0
					0
					0
					0
					0
					0
					0
					0
					0
					0
					0
					0
					0
					0
					0
					0
					0
					0
					0
					0
					0
					0
					0
					0
					0
					0
					0
					0
					0
					0
					0
					0
					0
					0
					0
					0
					0
					0
					0
					0
					0
					0
					0
					0
					0
					0
					0
					0
					0
					0
					0
					0
					0
					0
					0
					0
					0
					0
					0
					0
					0
					0
					0
					0
					0
					0
					0
					0
					0
					0
					0
					0
					0
					0
					0
					0
					0
					0
					0
					0
					0
					0
					0
					0
					0
					0
					0
					0
					0
					0
					0
					0
					0
					0
					0
					0
					0
					0
					0
					0
					0
					0
					0
					0
					0
					0
					0
					0
					0
					0
					0
					0
					0
					0
					0
					0
					0
					0
					0
					0
					0
					0
					0
					0
					0
					0
					0
					0
					0
					0
					0
					0
					0
					0
					0
					0
					0
					0
					0
					0
					0
					0
					0
					0
					0
					0
					0
					0
					0
					0
					0
					0
					0
					0
					0
					0
					0
					0
					0
					0
					0
					0
					0
					0
					0
					0
					0
					0
					0
					0
					0
					0
					0
					0
					0
					0
					0
					0
					0
					0
					0
					0
					0
					0
					0
					0
					0
					0
					0
					0
					0
					0
					0
					0
					0
					0
					0
					0
					0
					0
					0
					0
					0
					0
					0
					0
					0
					0
					0
					0
					0
					0
					0
					0
					0
					0
					0
					0
					0
					0
					0
					0
					0
					0
					0
					0
					0
					0
					0
					0
					0
					0
					0
					0
					0
					0
					0
					0
					0
					0
					0
					0
					0
					0
					0
					0
					0
					0
					0
					0
					0
					0
					0
					0
					0
					0
					0
					0
					0
					0
					0
					0
					0
					0
					0
					0
					0
					0
					0
					0
					0
					0
					0
					0
					0
					0
					0
					0
					0
					0
					0
					0
					0
					0
					0
					0
					0
					0
					0
					0
					0
					0
					0
					0
					0
					0
					0
					0
					0
					0
					0
					0
					0
					0
					0
					0
					0
					0
					0
					0
					0
					0
					0
					0
					0
					0
					0
					0
					0
					0
					0
					0
					0
					0
					0
					0
					0
					0
					0
					0
					0
					0
					0
					0
					0
					0
					0
					0
					0
					0
					0
					0
					0
					0
					0
					0
					0
					0
					0
					0
					0
					0
					0
					0
					0
					0
					0
					0
					0
					0
					0
					0
					0
					0
					0
					0
					0
					0
					0
					0
					0
					0
					0
					0
					0
					0
					0
					0
					0
					0
					0
					0
					0
					0
					0
					0
					0
					0
					0
					0
					0
					0
					0
					0
					0
					0
					0
					0
					0
					0
					0
					0
					0
					0
					0
					0
					0
					0
					0
					0
					0
					0
					0
					0
					0
					0
					0
					0
					0
					0
					0
					0
					0
					0
					0
					0
					0
					0
					0
					0
					0
					0
					0
					0
					0
					0
					0
					0
					0
					0
					0
					0
					0
					0
					0
					0
					0
					0
					0
					0
					0
					0
					0
					0
					0
					0
					0
					0
					0
					0
					0
					0
					0
					0
					0
					0
					0
					0
					0
					0
					0
					0
					0
					0
					0
					0
					0
					0
					0
					0
					0
					0
					0
					0
					0
					0
					0
					0
					0
					0
					0
					0
					0
					0
					0
					0
					0
					0
					0
					0
					0
					0
					0
					0
					0
					0
					0
					0
					0
					0
					0
					0
					0
					0
					0
					0
					0
					0
					0
					0
					0
					0
					0
					0
					0
					0
					0
					0
					0
					0
					0
					0
					0
					0
					0
					0
					0
					0
					0
					0
					0
					0
					0
					0
					0
					0
					0
					0
					0
					0
					0
					0
					0
					0
					0
					0
					0
					0
					0
					0
					0
					0
					0
					0
					0
					0
					0
					0
					0
					0
					0
					0
					0
					0
					0
					0
					0
					0
					0
					0
					0
					0
					0
					0
					0
					0
					0
					0
					0
					0
					0
					0
					0
					0
					0
					0
					0
					0
					0
					0
					0
					0
					0
					0
					0
					0
					0
					0
					0
					0
					0
					0
					0
					0
					0
					0
					0
					0
					0
					0
					0
					0
					0
					0
					0
					0
					0
					0
					0
					0
					0
					0
					0
					0
					0
					0
					0
					0
					0
					0
					0
					0
					0
					0
					0
					0
					0
					0
					0
					0
					0
					0
					0
					0
					0
					0
					0
					0
					0
					0
					0
					0
					0
					0
					0
					0
					0
					0
					0
					0
					0
					0
					0
					0
					0
					0
					0
					0
					0
					0
					0
					0
					0
					0
					0
					0
					0
					0
					0
					0
					0
					0
					0
					0
					0
					0
					0
					0
					0
					0
					0
					0
					0
					0
					0
					0
					0
					0
					0
					0
					0
					0
					0
					0
					0
					0
					0
					0
					0
					0
					0
					0
					0
					0
					0
					0
					0
					0
					0
					0
					0
					0
					0
					0
					0
					0
					0
					0
					0
					0
					0
					0
					0
					0
					0
					0
					0
					0
					0
					0
					0
					0
					0
					0
					0
					0
					0
					0
					0
					0
					0
					0
					0
					0
					0
					0
					0
					0
					0
					0
					0
					0
					0
					0
					0
					0
					0
					0
					0
					0
					0
					0
					0
					0
					0
					0
					0
					0
					0
					0
					0
					0
					0
					0
					0
					0
					0
					0
					0
					0
					0
					0
					0
					0
					0
					0
					0
					0
					0
					0
					0
					0
					0
					0
					0
					0
					0
					0
					0
					0
					0
					0
					0
					0
					0
					0
					0
					0
					0
					0
					0
					0
					0
					0
					0
					0
					0
					0
					0
					0
					0
					0
					0
					0
					0
					0
					0
					0
					0
					0
					0
					0
					0
					0
					0
					0
					0
					0
					0
					0
					0
					0
					0
					0
					0
					0
					0
					0
					0
					0
					0
					0
					0
					0
					0
					0
					0
					0
					0
					0
					0
					0
					0
					0
					0
					0
					0
					0
					0
					0
					0
					0
					0
					0
					0
					0
					0
					0
					0
					0
					0
					0
					0
					0
					0
					0
					0
					0
					0
					0
					0
					0
					0
					0
					0
					0
					0
					0
					0
					0
					0
					0
					0
					0
					0
					0
					0
					0
					0
					0
					0
					0
					0
					0
					0
					0
					0
					0
					0
					0
					0
					0
					0
					0
					0
					0
					0
					0
					0
					0
					0
					0
					0
					0
					0
					0
					0
					0
					0
					0
					0
					0
					0
					0
					0
					0
					0
					0
					0
					0
					0
					0
					0
					0
					0
					0
					0
					0
					0
					0
					0
					0
					0
					0
					0
					0
					0
					0
					0
					0
					0
					0
					0
					0
					0
					0
					0
					0
					0
					0
					0
					0
					0
					0
					0
					0
					0
					0
					0
					0
					0
					0
					0
					0
					0
					0
					0
					0
					0
					0
					0
					0
					0
					0
					0
					0
					0
					0
					0
					0
					0
					0
					0
					0
					0
					0
					0
					0
					0
					0
					0
					0
					0
					0
					0
					0
					0
					0
					0
					0
					0
					0
					0
					0
					0
					0
					0
					0
					0
					0
					0
					0
					0
					0
					0
					0
					0
					0
					0
					0
					0
					0
					0
					0
					0
					0
					0
					0
					0
					0
					0
					0
					0
					0
					0
					0
					0
					0
					0
					0
					0
					0
					0
					0
					0
					0
					0
					0
					0
					0
					0
					0
					0
					0
					0
					0
					0
					0
					0
					0
					0
					0
					0
					0
					0
					0
					0
					0
					0
					0
					0
					0
					0
					0
					0
					0
					0
					0
					0
					0
					0
					0
					0
					0
					0
					0
					0
					0
					0
					0
					0
					0
					0
					0
					0
					0
					0
					0
					0
					0
					0
					0
					0
					0
					0
					0
					0
					0
					0
					0
					0
					0
					0
					0
					0
					0
					0
					0
					0
					0
					0
					0
					0
					0
					0
					0
					0
					0
					0
					0
					0
					0
					0
					0
					0
					0
					0
					0
					0
					0
					0
					0
					0
					0
					0
					0
					0
					0
					0
					0
					0
					0
					0
					0
					0
					0
					0
					0
					0
					0
					0
					0
					0
					0
					0
					0
					0
					0
					0
					0
					0
					0
					0
					0
					0
					0
					0
					0
					0
					0
					0
					0
					0
					0
					0
					0
					0
					0
					0
					0
					0
					0
					0
					0
					0
					0
					0
					0
					0
					0
					0
					0
					0
					0
					0
					0
					0
					0
					0
					0
					0
					0
					0
					0
					0
					0
					0
					0
					0
					0
					0
					0
					0
					0
					0
					0
					0
					0
					0
					0
					0
					0
					0
					0
					0
					0
					0
					0
					0
					0
					0
					0
					0
					0
					0
					0
					0
					0
					0
					0
					0
					0
					0
					0
					0
					0
					0
					0
					0
					0
					0
					0
					0
					0
					0
					0
					0
					0
					0
					0
					0
					0
					0
					0
					0
					0
					0
					0
					0
					0
					0
					0
					0
					0
					0
					0
					0
					0
					0
					0
					0
					0
					0
					0
					0
					0
					0
					0
					0
					0
					0
					0
					0
					0
					0
					0
					0
					0
					0
					0
					0
					0
					0
					0
					0
					0
					0
					0
					0
					0
					0
					0
					0
					0
					0
					0
					0
					0
					0
					0
					0
					0
					0
					0
					0
					0
					0
					0
					0
					0
					0
					0
					0
					0
					0
					0
					0
					0
					0
					0
					0
					0
					0
					0
					0
					0
					0
					0
					0
					0
					0
					0
					0
					0
					0
					0
					0
					0
					0
					0
					0
					0
					0
					0
					0
					0
					0
					0
					0
					0
					0
					0
					0
					0
					0
					0
					0
					0
					0
					0
					0
					0
					0
					0
					0
					0
					0
					0
					0
					0
					0
					0
					0
					0
					0
					0
					0
					0
					0
					0
					0
					0
					0
					0
					0
					0
					0
					0
					0
					0
					0
					0
					0
					0
					0
					0
					0
					0
					0
					0
					0
					0
					0
					0
					0
					0
					0
					0
					0
					0
					0
					0
					0
					0
					0
					0
					0
					0
					0
					0
					0
					0
					0
					0
					0
					0
					0
					0
					0
					0
					0
					0
					0
					0
					0
					0
					0
					0
					0
					0
					0
					0
					0
					0
					0
					0
					0
					0
					0
					0
					0
					0
					0
					0
					0
					0
					0
					0
					0
					0
					0
					0
					0
					0
					0
					0
					0
					0
					0
					0
					0
					0
					0
					0
					0
					0
					0
					0
					0
					0
					0
					0
					0
					0
					0
					0
					0
					0
					0
					0
					0
					0
					0
					0
					0
					0
					0
					0
					0
					0
					0
					0
					0
					0
					0
					0
					0
					0
					0
					0
					0
					0
					0
					0
					0
					0
					0
					0
					0
					0
					0
					0
					0
					0
					0
					0
					0
					0
					0
					0
					0
					0
					0
					0
					0
					0
					0
					0
					0
					0
					0
					0
					0
					0
					0
					0
					0
					0
					0
					0
					0
					0
					0
					0
					0
					0
					0
					0
					0
					0
					0
					0
					0
					0
					0
					0
					0
					0
					0
					0
					0
					0
					0
					0
					0
					0
					0
					0
					0
					0
					0
					0
					0
					0
					0
					0
					0
					0
					0
					0
					0
					0
					0
					0
					0
					0
					0
					0
					0
					0
					0
					0
					0
					0
					0
					0
					0
					0
					0
					0
					0
					0
					0
					0
					0
					0
					0
					0
					0
					0
					0
					0
					0
					0
					0
					0
					0
					0
					0
					0
					0
					0
					0
					0
					0
					0
					0
					0
					0
					0
					0
					0
					0
					0
					0
					0
					0
					0
					0
					0
					0
					0
					0
					0
					0
					0
					0
					0
					0
					0
					0
					0
					0
					0
					0
					0
					0
					0
					0
					0
					0
					0
					0
					0
					0
					0
					0
					0
					0
					0
					0
					0
					0
					0
					0
					0
					0
					0
					0
					0
					0
					0
					0
					0
					0
					0
					0
					0
					0
					0
					0
					0
					0
					0
					0
					0
					0
					0
					0
					0
					0
					0
					0
					0
					0
					0
					0
					0
					0
					0
					0
					0
					0
					0
					0
					0
					0
					0
					0
					0
					0
					0
					0
					0
					0
					0
					0
					0
					0
					0
					0
					0
					0
					0
					0
					0
					0
					0
					0
					0
					0
					0
					0
					0
					0
					0
					0
					0
					0
					0
					0
					0
					0
					0
					0
					0
					0
					0
					0
					0
					0
					0
					0
					0
					0
					0
					0
					0
					0
					0
					0
					0
					0
					0
					0
					0
					0
					0
					0
					0
					0
					0
					0
					0
					0
					0
					0
					0
					0
					0
					0
					0
					0
					0
					0
					0
					0
					0
					0
					0
					0
					0
					0
					0
					0
					0
					0
					0
					0
					0
					0
					0
					0
					0
					0
					0
					0
					0
					0
					0
					0
					0
					0
					0
					0
					0
					0
					0
					0
					0
					0
					0
					0
					0
					0
					0
					0
					0
					0
					0
					0
					0
					0
					0
					0
					0
					0
					0
					0
					0
					0
					0
					0
					0
					0
					0
					0
					0
					0
					0
					0
					0
					0
					0
					0
					0
					0
					0
					0
					0
					0
					0
					0
					0
					0
					0
					0
					0
					0
					0
					0
					0
					0
					0
					0
					0
					0
					0
					0
					0
					0
					0
					0
					0
					0
					0
					0
					0
					0
					0
					0
					0
					0
					0
					0
					0
					0
					0
					0
					0
					0
					0
					0
					0
					0
					0
					0
					0
					0
					0
					0
					0
					0
					0
					0
					0
					0
					0
					0
					0
					0
					0
					0
					0
					0
					0
					0
					0
					0
					0
					0
					0
					0
					0
					0
					0
					0
					0
					0
					0
					0
					0
					0
					0
					0
					0
					0
					0
					0
					0
					0
					0
					0
					0
					0
					0
					0
					0
					0
					0
					0
					0
					0
					0
					0
					0
					0
					0
					0
					0
					0
					0
					0
					0
					0
					0
					0
					0
					0
					0
					0
					0
					0
					0
					0
					0
					0
					0
					0
					0
					0
					0
					0
					0
					0
					0
					0
					0
					0
					0
					0
					0
					0
					0
					0
					0
					0
					0
					0
					0
					0
					0
					0
					0
					0
					0
					0
					0
					0
					0
					0
					0
					0
					0
					0
					0
					0
					0
					0
					0
					0
					0
					0
					0
					0
					0
					0
					0
					0
					0
					0
					0
					0
					0
					0
					0
					0
					0
					0
					0
					0
					0
					0
					0
					0
					0
					0
					0
					0
					0
					0
					0
					0
					0
					0
					0
					0
					0
					0
					0
					0
					0
					0
					0
					0
					0
					0
					0
					0
					0
					0
					0
					0
					0
					0
					0
					0
					0
					0
					0
					0
					0
					0
					0
					0
					0
					0
					0
					0
					0
					0
					0
					0
					0
					0
					0
					0
					0
					0
					0
					0
					0
					0
					0
					0
					0
					0
					0
					0
					0
					0
					0
					0
					0
					0
					0
					0
					0
					0
					0
					0
					0
					0
					0
					0
					0
					0
					0
					0
					0
					0
					0
					0
					0
					0
					0
					0
					0
					0
					0
					0
					0
					0
					0
					0
					0
					0
					0
					0
					0
					0
					0
					0
					0
					0
					0
					0
					0
					0
					0
					0
					0
					0
					0
					0
					0
					0
					0
					0
					0
					0
					0
					0
					0
					0
					0
					0
					0
					0
					0
					0
					0
					0
					0
					0
					0
					0
					0
					0
					0
					0
					0
					0
					0
					0
					0
					0
					0
					0
					0
					0
					0
					0
					0
					0
					0
					0
					0
					0
					0
					0
					0
					0
					0
					0
					0
					0
					0
					0
					0
					0
					0
					0
					0
					0
					0
					0
					0
					0
					0
					0
					0
					0
					0
					0
					0
					0
					0
					0
					0
					0
					0
					0
					0
					0
					0
					0
					0
					0
					0
					0
					0
					0
					0
					0
					0
					0
					0
					0
					0
					0
					0
					0
					0
					0
					0
					0
					0
					0
					0
					0
					0
					0
					0
					0
					0
					0
					0
					0
					0
					0
					0
					0
					0
					0
					0
					0
					0
					0
					0
					0
					0
					0
					0
					0
					0
					0
					0
					0
					0
					0
					0
					0
					0
					0
					0
					0
					0
					0
					0
					0
					0
					0
					0
					0
					0
					0
					0
					0
					0
					0
					0
					0
					0
					0
					0
					0
					0
					0
					0
					0
					0
					0
					0
					0
					0
					0
					0
					0
					0
					0
					0
					0
					0
					0
					0
					0
					0
					0
					0
					0
					0
					0
					0
					0
					0
					0
					0
					0
					0
					0
					0
					0
					0
					0
					0
					0
					0
					0
					0
					0
					0
					0
					0
					0
					0
					0
					0
					0
					0
					0
					0
					0
					0
					0
					0
					0
					0
					0
					0
					0
					0
					0
					0
					0
					0
					0
					0
					0
					0
					0
					0
					0
					0
					0
					0
					0
					0
					0
					0
					0
					0
					0
					0
					0
					0
					0
					0
					0
					0
					0
					0
					0
					0
					0
					0
					0
					0
					0
					0
					0
					0
					0
					0
					0
					0
					0
					0
					0
					0
					0
					0
					0
					0
					0
					0
					0
					0
					0
					0
					0
					0
					0
					0
					0
					0
					0
					0
					0
					0
					0
					0
					0
					0
					0
					0
					0
					0
					0
					0
					0
					0
					0
					0
					0
					0
					0
					0
					0
					0
					0
					0
					0
					0
					0
					0
					0
					0
					0
					0
					0
					0
					0
					0
					0
					0
					0
					0
					0
					0
					0
					0
					0
					0
					0
					0
					0
					0
					0
					0
					0
					0
					0
					0
					0
					0
					0
					0
					0
					0
					0
					0
					0
					0
					0
					0
					0
					0
					0
					0
					0
					0
					0
					0
					0
					0
					0
					0
					0
					0
					0
					0
					0
					0
					0
					0
					0
					0
					0
					0
					0
					0
					0
					0
					0
					0
					0
					0
					0
					0
					0
					0
					0
					0
					0
					0
					0
					0
					0
					0
					0
					0
					0
					0
					0
					0
					0
					0
					0
					0
					0
					0
					0
					0
					0
					0
					0
					0
					0
					0
					0
					0
					0
					0
					0
					0
					0
					0
					0
					0
					0
					0
					0
					0
					0
					0
					0
					0
					0
					0
					0
					0
					0
					0
					0
					0
					0
					0
					0
					0
					0
					0
					0
					0
					0
					0
					0
					0
					0
					0
					0
					0
					0
					0
					0
					0
					0
					0
					0
					0
					0
					0
					0
					0
					0
					0
					0
					0
					0
					0
					0
					0
					0
					0
					0
					0
					0
					0
					0
					0
					0
					0
					0
					0
					0
					0
					0
					0
					0
					0
					0
					0
					0
					0
					0
					0
					0
					0
					0
					0
					0
					0
					0
					0
					0
					0
					0
					0
					0
					0
					0
					0
					0
					0
					0
					0
					0
					0
					0
					0
					0
					0
					0
					0
					0
					0
					0
					0
					0
					0
					0
					0
					0
					0
					0
					0
					0
					0
					0
					0
					0
					0
					0
					0
					0
					0
					0
					0
					0
					0
					0
					0
					0
					0
					0
					0
					0
					0
					0
					0
					0
					0
					0
					0
					0
					0
					0
					0
					0
					0
					0
					0
					0
					0
					0
					0
					0
					0
					0
					0
					0
					0
					0
					0
					0
					0
					0
					0
					0
					0
					0
					0
					0
					0
					0
					0
					0
					0
					0
					0
					0
					0
					0
					0
					0
					0
					0
					0
					0
					0
					0
					0
					0
					0
					0
					0
					0
					0
					0
					0
					0
					0
					0
					0
					0
					0
					0
					0
					0
					0
					0
					0
					0
					0
					0
					0
					0
					0
					0
					0
					0
					0
					0
					0
					0
					0
					0
					0
					0
					0
					0
					0
					0
					0
					0
					0
					0
					0
					0
					0
					0
					0
					0
					0
					0
					0
					0
					0
					0
					0
					0
					0
					0
					0
					0
					0
					0
					0
					0
					0
					0
					0
					0
					0
					0
					0
					0
					0
					0
					0
					0
					0
					0
					0
					0
					0
					0
					0
					0
					0
					0
					0
					0
					0
					0
					0
					0
					0
					0
					0
					0
					0
					0
					0
					0
					0
					0
					0
					0
					0
					0
					0
					0
					0
					0
					0
					0
					0
					0
					0
					0
					0
					0
					0
					0
					0
					0
					0
					0
					0
					0
					0
					0
					0
					0
					0
					0
					0
					0
					0
					0
					0
					0
					0
					0
					0
					0
					0
					0
					0
					0
					0
					0
					0
					0
					0
					0
					0
					0
					0
					0
					0
					0
					0
					0
					0
					0
					0
					0
					0
					0
					0
					0
					0
					0
					0
					0
					0
					0
					0
					0
					0
					0
					0
					0
					0
					0
					0
					0
					0
					0
					0
					0
					0
					0
					0
					0
					0
					0
					0
					0
					0
					0
					0
					0
					0
					0
					0
					0
					0
					0
					0
					0
					0
					0
					0
					0
					0
					0
