Date	Price Open	Price Low	Price High	Price Close	Volume
2000-01-04	1250	1250	1300	1300	43500
2000-01-05	1200	1200	1350	1350	139000
2000-01-06	1350	1300	1475	1475	148500
2000-01-11	1250	1250	1500	1500	15000
2000-01-12	1500	1400	1500	1400	23500
2000-01-13	1400	1300	1400	1400	73000
2000-01-14	1325	1325	1375	1375	17000
2000-01-17	1275	1275	1275	1275	10000
2000-01-18	1250	1250	1375	1375	28000
2000-01-18	1250	1250	1375	1375	
					0
2000-01-20	1400	1375	1425	1425	20000
2000-01-21	1400	1400	1400	1400	500
2000-01-24	1400	1400	1400	1400	2500
2000-01-25	1400	1400	1400	1400	10000
2000-01-26	1400	1400	1400	1400	2500
2000-01-27	1375	1350	1400	1400	108500
2000-01-28	1450	1450	1450	1450	2500
2000-01-31	1350	1325	1400	1400	54500
2000-02-01	1400	1400	1750	1550	191500
2000-02-02	1625	1525	1675	1525	51000
2000-02-03	1550	1550	1625	1625	25000
2000-02-04	1575	1575	1625	1625	119500
2000-02-07	1675	1675	1675	1675	5000
2000-02-08	1625	1625	1625	1625	10000
2000-02-09	1625	1625	1625	1625	19000
2000-02-10	1600	1600	1650	1650	
2000-02-10	1600	1600	1650	1650	18000
					0
2000-02-14	1625	1625	1625	1625	10000
2000-02-15	1625	1625	1625	1625	5000
2000-02-16	1625	1625	1650	1650	37500
2000-02-17	1625	1625	1650	1625	26000
2000-02-17	1625	1625	1650	1625	
					0
					0
2000-02-22	1600	1600	1600	1600	
2000-02-22	1600	1600	1600	1600	15000
					0
2000-02-24	1575	1575	1575	1575	11000
2000-02-25	1375	1375	1550	1550	7500
2000-02-28	1600	1600	1600	1600	2500
2000-02-28	1600	1600	1600	1600	
					0
2000-03-02	1350	1350	1550	1550	12000
2000-03-03	1500	1500	1500	1500	
2000-03-03	1500	1500	1500	1500	12500
					0
2000-03-07	1500	1500	1500	1500	3500
2000-03-08	1400	1400	1400	1400	500
2000-03-09	1500	1500	1500	1500	500
2000-03-09	1500	1500	1500	1500	
					0
2000-03-13	1500	1500	1500	1500	1000
2000-03-14	1500	1500	1500	1500	500
2000-03-15	1500	1500	1500	1500	2500
2000-03-15	1500	1500	1500	1500	
					0
					0
2000-03-21	1500	1500	1500	1500	2000
2000-03-22	1500	1500	1550	1550	12500
2000-03-22	1500	1500	1550	1550	
					0
					0
2000-03-27	1550	1550	1550	1550	9500
2000-03-28	1550	1550	1650	1650	18500
2000-03-29	1625	1600	1700	1700	49000
2000-03-29	1625	1600	1700	1700	
					0
2000-04-03	1625	1625	1625	1625	5000
2000-04-03	1625	1625	1625	1625	
					0
					0
					0
					0
					0
					0
					0
					0
					0
					0
2000-04-20	1500	1500	1500	1500	
2000-04-20	1500	1500	1500	1500	1000
					0
					0
2000-04-26	1200	1200	1200	1200	500
2000-04-26	1200	1200	1200	1200	
					0
					0
					0
					0
					0
					0
					0
					0
					0
					0
					0
					0
					0
2000-05-16	1300	1300	1300	1300	2500
2000-05-16	1300	1300	1300	1300	
					0
					0
					0
					0
					0
					0
2000-05-26	1300	1300	1300	1300	2500
2000-05-29	1300	1300	1300	1300	3000
2000-05-30	1300	1300	1300	1300	5000
2000-05-30	1300	1300	1300	1300	
					0
					0
2000-06-05	1300	1300	1300	1300	2500
2000-06-05	1300	1300	1300	1300	
					0
					0
					0
					0
					0
					0
					0
					0
					0
					0
					0
					0
					0
					0
2000-06-27	1300	1300	1300	1300	
2000-06-27	1300	1300	1300	1300	1000
					0
					0
					0
					0
					0
					0
					0
					0
					0
					0
					0
					0
					0
					0
					0
					0
					0
					0
					0
					0
					0
					0
					0
					0
					0
					0
					0
					0
					0
					0
					0
					0
					0
					0
					0
					0
					0
					0
					0
					0
					0
					0
					0
					0
					0
					0
					0
					0
					0
					0
					0
					0
					0
					0
					0
					0
					0
					0
					0
					0
					0
					0
					0
					0
					0
					0
					0
					0
					0
					0
					0
					0
					0
					0
					0
					0
					0
					0
					0
2000-10-18	1300	1300	1300	1300	1000
2000-10-18	1300	1300	1300	1300	
					0
2000-10-20	1200	1200	1300	1300	3000
2000-10-20	1200	1200	1300	1300	
					0
					0
					0
					0
					0
					0
					0
					0
					0
					0
					0
					0
					0
					0
					0
					0
					0
					0
					0
					0
					0
					0
					0
					0
					0
					0
					0
					0
					0
					0
					0
					0
					0
2000-12-08	1300	1300	1300	1300	1000
2000-12-08	1300	1300	1300	1300	
					0
					0
					0
					0
					0
					0
2000-12-19	1300	1300	1300	1300	1000
2000-12-20	1300	1300	1300	1300	2500
2000-12-21	1300	1275	1300	1300	13500
2000-12-22	1300	1300	1400	1400	10000
2000-12-22	1300	1300	1400	1400	
					0
					0
					0
					0
					0
					0
					0
					0
					0
					0
					0
					0
					0
					0
					0
					0
					0
					0
					0
					0
					0
					0
					0
					0
					0
2001-02-06	1200	1200	1200	1200	10000
2001-02-07	1150	1100	1150	1100	15000
2001-02-07	1150	1100	1150	1100	
					0
2001-02-09	1075	1000	1075	1000	20000
2001-02-12	950	875	950	875	
2001-02-12	950	875	950	875	14500
					0
					0
					0
					0
					0
					0
					0
2001-02-22	800	800	800	800	1000
2001-02-22	800	800	800	800	
					0
					0
					0
					0
					0
					0
					0
					0
					0
					0
					0
					0
2001-03-14	825	825	825	825	500
2001-03-14	825	825	825	825	
					0
					0
					0
					0
					0
					0
					0
					0
					0
					0
					0
					0
					0
					0
					0
					0
					0
					0
					0
					0
					0
					0
					0
					0
					0
					0
					0
					0
					0
					0
					0
					0
					0
					0
					0
					0
					0
					0
					0
					0
					0
					0
					0
					0
					0
					0
					0
					0
					0
					0
					0
					0
					0
					0
					0
					0
					0
					0
					0
					0
					0
					0
					0
					0
					0
					0
					0
					0
					0
					0
					0
					0
					0
					0
					0
					0
					0
					0
					0
					0
					0
					0
					0
					0
					0
					0
					0
					0
					0
					0
					0
					0
					0
					0
					0
					0
					0
					0
					0
					0
					0
					0
					0
					0
					0
					0
					0
					0
					0
					0
					0
					0
					0
					0
					0
					0
					0
2001-09-04	925	900	925	900	1000
2001-09-04	925	900	925	900	
					0
					0
					0
					0
					0
					0
					0
					0
					0
					0
					0
					0
					0
					0
					0
					0
					0
					0
					0
					0
					0
					0
					0
					0
					0
					0
					0
					0
					0
					0
					0
					0
					0
					0
					0
					0
					0
					0
					0
					0
					0
					0
					0
					0
					0
					0
					0
					0
					0
					0
					0
					0
					0
					0
					0
					0
					0
					0
					0
					0
					0
					0
					0
					0
					0
					0
					0
					0
					0
					0
					0
					0
					0
					0
					0
					0
					0
					0
					0
					0
					0
					0
					0
					0
					0
					0
					0
					0
					0
					0
					0
					0
					0
					0
2002-01-25	650	650	650	650	5000
2002-01-28	700	700	700	700	1000
2002-01-28	700	700	700	700	
					0
					0
					0
					0
					0
					0
					0
					0
					0
					0
					0
					0
					0
					0
					0
					0
					0
					0
					0
					0
					0
					0
					0
					0
					0
					0
					0
					0
					0
					0
					0
					0
					0
					0
					0
					0
					0
					0
					0
					0
					0
					0
					0
					0
					0
					0
					0
					0
					0
					0
					0
					0
					0
					0
					0
					0
					0
					0
					0
					0
					0
					0
					0
					0
					0
					0
					0
					0
					0
					0
					0
					0
					0
					0
					0
					0
					0
					0
					0
					0
					0
					0
					0
					0
					0
					0
					0
					0
					0
					0
					0
					0
					0
					0
					0
					0
					0
					0
					0
					0
					0
					0
					0
					0
					0
					0
					0
					0
					0
					0
					0
					0
					0
					0
					0
					0
					0
					0
					0
					0
					0
					0
					0
					0
					0
					0
					0
					0
					0
					0
					0
					0
					0
					0
					0
					0
					0
					0
					0
					0
					0
					0
					0
					0
					0
					0
					0
					0
					0
					0
					0
					0
					0
					0
					0
					0
					0
					0
					0
					0
					0
					0
					0
					0
					0
					0
					0
					0
					0
					0
					0
					0
					0
					0
					0
					0
					0
					0
					0
					0
					0
					0
					0
					0
					0
					0
					0
					0
					0
					0
					0
					0
					0
					0
					0
					0
					0
					0
					0
					0
					0
					0
					0
					0
					0
					0
					0
					0
					0
					0
					0
					0
					0
					0
					0
					0
					0
					0
					0
					0
					0
					0
					0
					0
					0
					0
					0
					0
					0
					0
					0
					0
					0
					0
					0
					0
					0
					0
					0
					0
					0
					0
					0
					0
					0
					0
					0
					0
					0
					0
					0
					0
					0
					0
					0
					0
					0
					0
					0
					0
					0
					0
					0
					0
					0
					0
					0
					0
					0
					0
					0
					0
					0
					0
					0
					0
					0
					0
					0
					0
					0
					0
					0
					0
					0
					0
					0
					0
					0
					0
					0
					0
					0
					0
					0
					0
					0
					0
					0
					0
					0
					0
					0
					0
					0
					0
					0
					0
					0
					0
					0
					0
					0
					0
					0
					0
					0
					0
					0
					0
					0
					0
					0
					0
					0
					0
					0
					0
					0
					0
					0
					0
					0
					0
					0
					0
					0
					0
					0
					0
					0
					0
					0
					0
					0
					0
					0
					0
					0
					0
					0
					0
					0
					0
					0
					0
					0
					0
					0
					0
					0
					0
					0
					0
					0
					0
					0
					0
					0
					0
					0
					0
					0
					0
					0
					0
					0
					0
					0
					0
					0
					0
					0
					0
					0
					0
					0
					0
					0
					0
					0
					0
					0
					0
					0
					0
					0
					0
					0
					0
					0
					0
					0
					0
					0
					0
					0
					0
					0
2003-09-29	700	700	700	700	1000
2003-09-29	700	700	700	700	
					0
					0
					0
					0
					0
					0
					0
					0
2003-10-10	700	700	700	700	200000
2003-10-13	700	700	700	700	2200000
2003-10-14	800	800	800	800	19500
2003-10-15	825	800	850	850	10000
2003-10-16	850	850	875	875	3500
2003-10-17	875	875	875	875	2500
2003-10-20	900	900	900	900	
2003-10-20	900	900	900	900	5000
					0
					0
					0
2003-10-24	875	875	925	925	8500
2003-10-24	875	875	925	925	
					0
					0
					0
					0
2003-10-31	875	875	875	875	10000
2003-11-03	875	850	875	875	13000
2003-11-04	850	850	850	850	10000
2003-11-05	850	850	850	850	3500
2003-11-06	850	850	850	850	77500
2003-11-07	850	850	875	875	15000
2003-11-10	850	850	875	875	10500
2003-11-11	850	850	900	900	27000
2003-11-12	875	850	925	925	21000
2003-11-12	875	850	925	925	
					0
					0
2003-11-17	850	850	975	975	32500
2003-11-18	975	975	1050	1050	25000
2003-11-19	1050	1050	1075	1075	18000
2003-11-20	1075	1075	1100	1100	4000
2003-11-21	1150	1150	1150	1150	2500
2003-12-01	1175	1175	1250	1250	
2003-12-01	1175	1175	1250	1250	35000
					0
2003-12-03	1225	1225	1300	1300	
2003-12-03	1225	1225	1300	1300	10500
					0
					0
					0
2003-12-09	1300	1300	1300	1300	500
2003-12-09	1300	1300	1300	1300	
					0
					0
					0
2003-12-15	1300	1300	1300	1300	
2003-12-15	1300	1300	1300	1300	25000
					0
					0
2003-12-18	1300	1250	1300	1300	26500
2003-12-19	1300	1300	1300	1300	
2003-12-19	1300	1300	1300	1300	30000
					0
2003-12-23	1275	1275	1300	1300	2500
2003-12-23	1275	1275	1300	1300	
					0
2003-12-30	1300	1300	1300	1300	2500
2003-12-30	1300	1300	1300	1300	
					0
2004-01-05	1275	1275	1300	1300	10000
2004-01-06	1300	1300	1300	1300	500
2004-01-06	1300	1300	1300	1300	
					0
2004-01-08	1300	1300	1300	1300	10000
2004-01-08	1300	1300	1300	1300	
					0
					0
2004-01-13	1300	1300	1300	1300	
2004-01-13	1300	1300	1300	1300	10000
					0
2004-01-15	1300	1300	1300	1300	10000
2004-01-16	1300	1300	1300	1300	10000
2004-01-19	1300	1300	1300	1300	10000
2004-01-20	1300	1300	1300	1300	10000
2004-01-21	1300	1300	1300	1300	15000
2004-01-21	1300	1300	1300	1300	
					0
					0
2004-01-27	1300	1300	1300	1300	7500
2004-01-27	1300	1300	1300	1300	
					0
					0
					0
					0
					0
2004-02-05	1300	1300	1300	1300	
2004-02-05	1300	1300	1300	1300	7500
					0
					0
					0
					0
					0
2004-02-13	1250	1250	1300	1300	15000
2004-02-13	1250	1250	1300	1300	
					0
2004-02-17	1300	1300	1300	1300	
2004-02-17	1300	1300	1300	1300	10000
					0
2004-02-19	1300	1300	1300	1300	
2004-02-19	1300	1300	1300	1300	10000
					0
2004-02-24	1300	1300	1300	1300	
2004-02-24	1300	1300	1300	1300	7500
					0
					0
					0
2004-03-01	1300	1300	1300	1300	
2004-03-01	1300	1300	1300	1300	7500
					0
					0
2004-03-04	1300	1275	1300	1300	70000
2004-03-04	1300	1275	1300	1300	
					0
2004-03-08	1300	1275	1300	1275	25000
2004-03-09	1275	1275	1275	1275	
2004-03-09	1275	1275	1275	1275	12500
					0
2004-03-11	1275	1275	1275	1275	7500
2004-03-11	1275	1275	1275	1275	
					0
2004-03-15	1275	1275	1275	1275	
2004-03-15	1275	1275	1275	1275	10000
					0
2004-03-17	1275	1275	1300	1300	
2004-03-17	1275	1275	1300	1300	75000
					0
					0
					0
2004-03-24	1300	1275	1300	1275	30000
2004-03-25	1275	1275	1275	1275	
2004-03-25	1275	1275	1275	1275	12500
					0
					0
2004-03-30	1275	1275	1275	1275	
2004-03-30	1275	1275	1275	1275	2500
					0
					0
					0
2004-04-06	1275	1275	1300	1300	15000
2004-04-06	1275	1275	1300	1300	
					0
2004-04-08	1275	1275	1300	1300	1000
2004-04-08	1275	1275	1300	1300	
					0
2004-04-13	1300	1300	1300	1300	12500
2004-04-14	1300	1300	1300	1300	12500
2004-04-14	1300	1300	1300	1300	
					0
2004-04-16	1300	1300	1300	1300	12500
2004-04-19	1300	1300	1300	1300	10000
2004-04-20	1325	1325	1325	1325	10000
2004-04-20	1325	1325	1325	1325	
					0
					0
					0
					0
					0
					0
					0
2004-04-30	1325	1325	1325	1325	7500
2004-05-04	1325	1325	1325	1325	
2004-05-04	1325	1325	1325	1325	5000
					0
					0
2004-05-07	1300	1300	1300	1300	
2004-05-07	1300	1300	1300	1300	5000
					0
					0
2004-05-12	1300	1300	1300	1300	
2004-05-12	1300	1300	1300	1300	1000
					0
					0
					0
					0
					0
					0
					0
					0
					0
					0
					0
					0
					0
					0
					0
					0
					0
2004-06-09	1300	1300	1300	1300	7500
2004-06-09	1300	1300	1300	1300	
					0
					0
					0
					0
					0
					0
					0
					0
					0
					0
					0
2004-06-25	1300	1300	1300	1300	500
2004-06-25	1300	1300	1300	1300	
					0
					0
					0
					0
2004-07-02	1300	1300	1300	1300	500
2004-07-05	1300	1300	1300	1300	500
2004-07-06	1300	1300	1300	1300	10000
2004-07-06	1300	1300	1300	1300	
					0
					0
					0
					0
					0
					0
					0
					0
					0
					0
					0
					0
					0
					0
					0
					0
					0
					0
					0
					0
					0
					0
					0
					0
					0
					0
					0
					0
					0
					0
					0
					0
					0
					0
					0
					0
					0
					0
					0
					0
					0
					0
					0
					0
					0
					0
					0
					0
					0
					0
2004-09-17	1300	1300	1300	1300	
2004-09-17	1300	1300	1300	1300	7500
					0
2004-09-21	1300	1300	1300	1300	10000
2004-09-21	1300	1300	1300	1300	
					0
					0
					0
					0
					0
					0
					0
					0
					0
					0
					0
					0
					0
					0
					0
					0
					0
					0
					0
					0
					0
					0
					0
					0
					0
					0
					0
					0
					0
					0
					0
					0
					0
					0
					0
					0
					0
					0
					0
					0
					0
					0
					0
					0
					0
					0
2004-12-02	1300	1300	1325	1325	
2004-12-02	1300	1300	1325	1325	15000
					0
					0
					0
					0
					0
					0
					0
					0
					0
					0
					0
					0
					0
					0
					0
					0
					0
					0
					0
					0
					0
					0
					0
					0
					0
					0
2005-01-12	1300	1300	1300	1300	1500
2005-01-13	1300	1300	1300	1300	1000
2005-01-13	1300	1300	1300	1300	
					0
					0
					0
					0
					0
					0
					0
					0
					0
					0
					0
					0
					0
					0
2005-02-04	1300	1300	1300	1300	2500
2005-02-04	1300	1300	1300	1300	
					0
					0
					0
					0
					0
					0
					0
					0
					0
					0
					0
					0
					0
					0
					0
					0
					0
					0
					0
					0
					0
					0
					0
					0
					0
					0
					0
					0
					0
					0
					0
					0
					0
					0
					0
					0
					0
					0
					0
					0
					0
					0
					0
					0
					0
					0
					0
					0
					0
					0
					0
					0
					0
					0
					0
					0
					0
					0
					0
					0
					0
					0
					0
					0
					0
					0
					0
					0
					0
					0
					0
					0
					0
					0
					0
					0
					0
					0
					0
					0
					0
					0
					0
					0
					0
					0
					0
					0
					0
					0
					0
					0
					0
					0
					0
					0
					0
					0
					0
					0
					0
					0
					0
					0
					0
					0
					0
					0
					0
					0
					0
					0
					0
					0
					0
					0
					0
					0
					0
					0
					0
					0
					0
					0
					0
					0
					0
					0
					0
					0
					0
					0
					0
					0
					0
					0
					0
					0
					0
					0
					0
					0
					0
					0
					0
					0
					0
					0
					0
					0
					0
					0
					0
					0
					0
					0
					0
					0
					0
					0
					0
					0
					0
					0
					0
					0
					0
					0
					0
					0
					0
					0
					0
					0
					0
					0
					0
					0
					0
					0
					0
					0
					0
					0
					0
					0
					0
					0
					0
					0
					0
					0
					0
					0
					0
					0
					0
					0
					0
					0
					0
					0
					0
					0
					0
					0
					0
					0
					0
					0
					0
					0
					0
					0
					0
					0
					0
					0
					0
					0
					0
					0
					0
					0
					0
					0
					0
					0
					0
					0
					0
					0
					0
					0
					0
					0
					0
					0
					0
					0
					0
					0
					0
					0
					0
					0
					0
					0
					0
					0
					0
					0
					0
					0
					0
					0
					0
					0
					0
					0
					0
					0
					0
					0
					0
					0
					0
					0
					0
					0
					0
					0
					0
					0
					0
					0
					0
					0
					0
					0
					0
					0
					0
					0
					0
					0
					0
					0
					0
					0
					0
					0
					0
					0
					0
					0
					0
					0
					0
					0
					0
					0
					0
					0
					0
					0
					0
					0
					0
					0
					0
					0
					0
					0
					0
					0
					0
					0
					0
					0
					0
					0
					0
					0
					0
					0
					0
					0
					0
					0
					0
					0
					0
					0
					0
					0
					0
					0
					0
					0
					0
					0
					0
					0
					0
					0
					0
					0
					0
					0
					0
					0
					0
					0
					0
					0
					0
					0
					0
					0
					0
					0
					0
					0
					0
					0
					0
					0
					0
					0
					0
					0
					0
					0
					0
					0
					0
					0
					0
					0
					0
					0
					0
					0
					0
					0
					0
					0
					0
					0
					0
					0
					0
					0
					0
					0
					0
					0
					0
					0
					0
					0
					0
					0
					0
					0
					0
					0
					0
					0
					0
					0
					0
					0
					0
					0
					0
					0
					0
					0
					0
					0
					0
					0
					0
					0
					0
					0
					0
					0
					0
					0
					0
					0
					0
					0
					0
					0
					0
					0
					0
					0
					0
					0
					0
					0
					0
					0
					0
					0
					0
					0
					0
					0
					0
					0
					0
					0
					0
					0
					0
					0
					0
					0
					0
					0
					0
					0
					0
					0
					0
					0
					0
					0
					0
					0
					0
					0
					0
					0
					0
					0
					0
					0
					0
					0
					0
					0
					0
					0
					0
					0
					0
					0
					0
					0
					0
					0
					0
					0
					0
					0
					0
					0
					0
					0
					0
					0
					0
					0
					0
					0
					0
					0
					0
					0
					0
					0
					0
					0
					0
					0
					0
					0
					0
					0
					0
					0
					0
					0
					0
					0
					0
					0
					0
					0
					0
					0
					0
					0
					0
					0
					0
					0
					0
					0
					0
					0
					0
					0
					0
					0
					0
					0
					0
					0
					0
					0
					0
					0
					0
					0
					0
					0
					0
					0
					0
					0
					0
					0
					0
					0
					0
					0
					0
					0
					0
					0
					0
					0
					0
					0
					0
					0
					0
					0
					0
					0
					0
					0
					0
					0
					0
					0
					0
					0
					0
					0
					0
					0
					0
					0
					0
					0
					0
					0
					0
					0
					0
					0
					0
					0
					0
					0
					0
					0
					0
					0
					0
					0
					0
					0
					0
					0
					0
					0
					0
					0
					0
					0
					0
					0
					0
					0
					0
					0
					0
					0
					0
					0
					0
					0
					0
					0
					0
					0
					0
					0
					0
					0
					0
					0
					0
					0
					0
					0
					0
					0
					0
					0
					0
					0
					0
2007-10-24	1100	1100	1100	1100	500
2007-10-24	1100	1100	1100	1100	
					0
2007-10-26	770	770	770	770	3000
2007-10-26	770	770	770	770	
					0
					0
					0
2007-11-01	900	900	1000	1000	12500
2007-11-02	1050	1050	1250	1250	
2007-11-02	1050	1050	1250	1250	33500
					0
2007-11-06	1250	1250	1250	1250	7000
2007-11-07	1250	1250	1250	1250	25000
2007-11-08	1260	1200	1270	1270	37500
2007-11-09	1280	1270	1290	1290	10000
2007-11-09	1280	1270	1290	1290	
					0
					0
2007-11-14	1300	1300	1300	1300	2500
2007-11-14	1300	1300	1300	1300	
					0
					0
					0
					0
					0
					0
					0
					0
					0
					0
					0
2007-11-30	1300	1300	1300	1300	12500
2007-11-30	1300	1300	1300	1300	
					0
					0
					0
					0
					0
					0
					0
					0
					0
2007-12-14	1300	1300	1300	1300	5000
2007-12-14	1300	1300	1300	1300	
					0
					0
					0
					0
					0
					0
					0
					0
					0
					0
					0
					0
					0
					0
					0
					0
					0
					0
					0
					0
					0
					0
					0
					0
					0
					0
					0
					0
					0
					0
					0
					0
					0
					0
					0
					0
					0
					0
					0
					0
					0
					0
					0
					0
					0
					0
					0
					0
					0
					0
					0
					0
					0
					0
					0
					0
					0
					0
					0
					0
					0
					0
					0
					0
					0
					0
					0
					0
					0
					0
					0
					0
					0
					0
					0
					0
					0
					0
					0
					0
					0
					0
					0
					0
					0
					0
					0
					0
					0
					0
					0
					0
					0
					0
					0
					0
					0
					0
					0
					0
					0
					0
					0
					0
					0
					0
					0
					0
					0
					0
					0
2008-06-10	1300	1300	1300	1300	
2008-06-10	1300	1300	1300	1300	6500
					0
					0
					0
2008-06-16	1300	1300	1300	1300	
2008-06-16	1300	1300	1300	1300	5000
					0
					0
					0
					0
					0
					0
					0
					0
					0
					0
					0
2008-07-02	1300	1300	1300	1300	
2008-07-02	1300	1300	1300	1300	2500
					0
					0
					0
					0
					0
					0
					0
					0
					0
					0
					0
					0
					0
					0
					0
					0
					0
					0
					0
					0
					0
					0
					0
					0
					0
					0
					0
					0
					0
					0
					0
					0
2008-08-20	1300	1300	1300	1300	16500
2008-08-20	1300	1300	1300	1300	
					0
					0
					0
					0
					0
					0
					0
					0
					0
					0
					0
					0
					0
					0
					0
					0
					0
					0
					0
					0
					0
					0
					0
					0
					0
					0
					0
					0
					0
					0
					0
					0
					0
					0
					0
					0
					0
					0
					0
					0
					0
					0
					0
					0
					0
					0
					0
					0
					0
					0
					0
					0
					0
					0
					0
					0
					0
					0
					0
					0
					0
					0
					0
					0
					0
					0
					0
					0
					0
					0
					0
					0
					0
					0
					0
					0
					0
					0
					0
					0
					0
					0
					0
					0
					0
					0
					0
					0
					0
					0
					0
					0
					0
					0
					0
					0
					0
					0
					0
					0
					0
					0
					0
					0
					0
					0
					0
					0
					0
					0
					0
					0
					0
					0
					0
					0
					0
					0
					0
					0
					0
					0
					0
					0
					0
					0
					0
					0
					0
					0
					0
					0
					0
					0
					0
					0
					0
					0
					0
					0
					0
					0
					0
					0
					0
					0
					0
					0
					0
					0
					0
					0
					0
					0
					0
					0
					0
					0
					0
					0
					0
					0
					0
					0
					0
					0
					0
					0
					0
					0
					0
					0
					0
					0
					0
					0
					0
					0
					0
					0
					0
					0
					0
					0
					0
					0
					0
					0
					0
					0
					0
					0
					0
					0
					0
					0
					0
					0
					0
					0
					0
					0
					0
					0
					0
					0
					0
					0
					0
					0
					0
					0
					0
					0
					0
					0
					0
					0
					0
					0
					0
					0
					0
					0
					0
					0
					0
					0
					0
					0
					0
					0
					0
					0
					0
					0
					0
					0
					0
					0
					0
					0
					0
					0
					0
					0
					0
					0
					0
					0
					0
					0
					0
					0
					0
					0
					0
					0
					0
					0
					0
					0
					0
					0
					0
					0
					0
					0
					0
					0
					0
					0
					0
					0
					0
					0
					0
					0
					0
					0
					0
					0
					0
					0
					0
					0
					0
					0
					0
					0
					0
					0
					0
					0
					0
					0
					0
					0
					0
					0
					0
					0
					0
					0
					0
					0
					0
					0
					0
					0
					0
					0
					0
					0
					0
					0
					0
					0
					0
					0
					0
					0
					0
					0
					0
					0
					0
					0
					0
					0
					0
					0
					0
					0
					0
					0
					0
					0
					0
					0
					0
					0
					0
					0
					0
					0
					0
					0
					0
					0
					0
					0
					0
					0
					0
					0
					0
					0
					0
					0
					0
					0
					0
					0
					0
					0
					0
					0
					0
					0
					0
					0
					0
					0
					0
					0
					0
					0
					0
					0
					0
					0
					0
					0
					0
					0
					0
					0
					0
					0
					0
					0
					0
					0
					0
					0
					0
					0
					0
					0
					0
					0
					0
					0
					0
					0
					0
					0
					0
					0
					0
					0
					0
					0
					0
					0
					0
					0
					0
					0
					0
					0
					0
					0
					0
					0
					0
					0
					0
					0
					0
					0
					0
					0
					0
					0
					0
					0
					0
					0
					0
					0
					0
					0
					0
					0
					0
					0
					0
					0
					0
					0
					0
					0
					0
					0
					0
					0
					0
					0
					0
					0
					0
					0
					0
					0
					0
					0
					0
					0
					0
					0
					0
					0
					0
					0
					0
					0
					0
					0
					0
					0
					0
					0
					0
					0
					0
					0
					0
					0
					0
					0
					0
					0
					0
					0
					0
					0
					0
					0
					0
					0
					0
					0
					0
					0
					0
					0
					0
					0
					0
					0
					0
					0
					0
					0
					0
					0
					0
					0
					0
					0
					0
					0
					0
					0
					0
					0
					0
					0
					0
					0
					0
					0
					0
					0
					0
					0
					0
					0
					0
					0
					0
					0
					0
					0
					0
					0
					0
					0
					0
					0
					0
					0
					0
					0
					0
					0
					0
					0
					0
					0
					0
					0
					0
					0
					0
					0
					0
					0
					0
					0
					0
					0
					0
					0
					0
					0
					0
					0
					0
					0
					0
					0
					0
					0
					0
					0
					0
					0
					0
					0
					0
					0
2011-02-02	1000	1000	1020	1000	44000
2011-02-04	980	980	980	980	8000
2011-02-04	980	980	980	980	
					0
					0
					0
					0
					0
					0
2011-02-16	940	940	940	940	5500
2011-02-16	940	940	940	940	
					0
2011-02-18	900	900	900	900	5000
2011-02-18	900	900	900	900	
					0
					0
					0
					0
					0
					0
					0
					0
					0
					0
					0
					0
					0
					0
					0
					0
					0
					0
					0
					0
					0
					0
					0
					0
					0
					0
					0
					0
					0
					0
					0
					0
					0
					0
					0
					0
					0
					0
					0
					0
					0
					0
					0
					0
					0
					0
2011-04-27	900	900	900	900	
2011-04-27	900	900	900	900	5000
					0
2011-04-29	900	900	900	900	10000
2011-04-29	900	900	900	900	
					0
					0
					0
					0
					0
					0
					0
					0
					0
					0
					0
					0
					0
					0
					0
					0
					0
					0
					0
					0
					0
					0
					0
					0
					0
					0
					0
					0
					0
					0
					0
					0
					0
					0
					0
					0
					0
					0
					0
					0
					0
					0
					0
					0
					0
2011-07-07	1000	1000	1000	1000	5000
2011-07-07	1000	1000	1000	1000	
					0
2011-07-11	900	900	900	900	5000
2011-07-11	900	900	900	900	
					0
					0
					0
					0
					0
					0
					0
					0
					0
2011-07-25	1020	1020	1100	1100	5000
2011-07-25	1020	1020	1100	1100	
					0
					0
					0
					0
					0
2011-08-02	1100	1100	1100	1100	5000
2011-08-02	1100	1100	1100	1100	
					0
					0
					0
					0
					0
					0
					0
					0
					0
					0
					0
					0
					0
					0
					0
					0
					0
					0
					0
					0
					0
					0
					0
					0
					0
					0
					0
					0
					0
					0
					0
					0
					0
					0
					0
					0
					0
					0
					0
					0
					0
					0
					0
					0
					0
					0
					0
					0
					0
					0
					0
					0
					0
					0
					0
					0
					0
					0
					0
					0
					0
					0
					0
					0
					0
					0
					0
					0
					0
					0
					0
					0
					0
					0
					0
					0
					0
					0
					0
					0
					0
					0
					0
					0
					0
					0
					0
					0
					0
					0
					0
					0
					0
					0
					0
					0
					0
					0
					0
					0
					0
					0
					0
					0
					0
					0
					0
					0
					0
					0
					0
					0
					0
					0
					0
					0
					0
					0
					0
					0
					0
					0
					0
					0
					0
					0
					0
					0
					0
					0
					0
					0
					0
					0
					0
					0
					0
					0
					0
					0
					0
					0
2012-02-29	1100	990	1100	1090	
2012-02-29	1100	990	1100	1090	550000
					0
2012-03-02	990	900	1090	1070	
2012-03-02	990	900	1090	1070	480500
					0
					0
					0
					0
					0
					0
2012-03-13	970	970	1070	1070	
2012-03-13	970	970	1070	1070	60000
					0
					0
					0
2012-03-19	1070	1070	1070	1070	
2012-03-19	1070	1070	1070	1070	500
					0
					0
					0
					0
					0
					0
					0
					0
					0
2012-04-03	970	960	1060	1060	80000
2012-04-04	960	960	1070	980	153000
2012-04-05	960	960	1150	1150	106500
2012-04-09	970	970	1070	1070	180000
2012-04-10	1300	1290	1300	1290	
2012-04-10	1300	1290	1300	1290	12500
					0
2012-04-12	1200	1200	1290	1290	8000
2012-04-13	1100	1100	1100	1100	
2012-04-13	1100	1100	1100	1100	8500
					0
					0
2012-04-18	1000	900	1090	1000	200000
2012-04-19	1000	1000	1000	1000	
2012-04-19	1000	1000	1000	1000	1500
					0
					0
					0
2012-04-25	900	900	1000	1000	243000
2012-04-26	1000	1000	1000	1000	15000
2012-04-26	1000	1000	1000	1000	
					0
					0
2012-05-01	1000	1000	1000	1000	15000
2012-05-01	1000	1000	1000	1000	
					0
2012-05-03	1000	1000	1000	1000	25000
2012-05-03	1000	1000	1000	1000	
					0
					0
					0
					0
					0
2012-05-11	1000	1000	1000	1000	25000
2012-05-11	1000	1000	1000	1000	
					0
					0
					0
					0
					0
					0
					0
					0
					0
					0
					0
					0
					0
					0
					0
					0
					0
					0
					0
					0
					0
					0
					0
					0
					0
					0
					0
					0
					0
					0
					0
					0
					0
					0
					0
					0
					0
					0
					0
					0
					0
					0
					0
					0
					0
					0
					0
					0
					0
					0
					0
					0
					0
					0
					0
					0
					0
					0
					0
					0
					0
					0
					0
					0
					0
					0
					0
					0
					0
					0
2012-08-28	1000	1000	1000	1000	5000
2012-08-28	1000	1000	1000	1000	
					0
					0
					0
					0
					0
					0
					0
					0
					0
					0
					0
					0
					0
					0
					0
					0
					0
					0
					0
					0
					0
					0
					0
					0
					0
					0
					0
					0
					0
					0
					0
					0
					0
					0
					0
					0
					0
					0
					0
					0
					0
					0
					0
					0
					0
					0
					0
					0
					0
					0
					0
					0
					0
					0
					0
					0
					0
					0
					0
					0
					0
					0
					0
					0
					0
					0
					0
					0
					0
					0
					0
					0
					0
					0
					0
					0
					0
					0
					0
					0
					0
					0
					0
					0
					0
					0
					0
					0
					0
					0
					0
					0
					0
					0
					0
					0
					0
					0
					0
					0
					0
					0
					0
					0
					0
					0
					0
					0
					0
					0
					0
					0
					0
					0
					0
					0
					0
					0
					0
					0
					0
					0
					0
					0
					0
					0
					0
					0
					0
					0
					0
					0
					0
					0
2013-03-18	1000	1000	1000	1000	678500
2013-03-18	1000	1000	1000	1000	
					0
					0
2013-03-21	990	990	990	990	1000
2013-03-22	990	990	990	990	269500
2013-03-22	990	990	990	990	
					0
					0
					0
					0
					0
					0
					0
					0
2013-04-05	990	990	990	990	10000
2013-04-05	990	990	990	990	
					0
					0
					0
					0
					0
					0
					0
					0
					0
2013-04-19	990	990	990	990	
2013-04-19	990	990	990	990	10000
					0
					0
					0
					0
					0
					0
					0
					0
					0
					0
					0
					0
					0
					0
					0
					0
					0
					0
					0
					0
					0
2013-05-22	990	990	990	990	
2013-05-22	990	990	990	990	6000
					0
					0
					0
					0
					0
					0
					0
					0
					0
					0
					0
					0
					0
					0
					0
					0
					0
					0
					0
					0
					0
					0
					0
2013-06-26	1000	1000	1000	1000	20000
2013-06-26	1000	1000	1000	1000	
					0
					0
					0
					0
					0
					0
					0
					0
					0
					0
					0
					0
					0
					0
					0
					0
					0
					0
					0
					0
					0
					0
					0
					0
					0
					0
					0
					0
					0
					0
					0
					0
					0
					0
					0
					0
					0
					0
					0
					0
					0
					0
					0
					0
					0
					0
					0
					0
					0
					0
					0
					0
					0
					0
					0
					0
					0
					0
					0
					0
					0
					0
					0
					0
					0
					0
					0
					0
					0
					0
					0
					0
					0
					0
					0
					0
					0
					0
					0
					0
					0
					0
					0
					0
					0
					0
					0
					0
					0
					0
					0
					0
					0
					0
					0
					0
					0
					0
					0
					0
					0
2013-11-27	1200	1200	1200	1200	
2013-11-27	1200	1200	1200	1200	2228000
					0
					0
					0
					0
					0
					0
					0
					0
					0
					0
					0
					0
					0
					0
					0
					0
					0
					0
					0
					0
					0
					0
					0
					0
					0
					0
2014-01-09	1200	1200	1200	1200	200
2014-01-09	1200	1200	1200	1200	
					0
					0
					0
					0
					0
					0
					0
					0
					0
					0
					0
					0
					0
					0
					0
					0
					0
					0
					0
					0
					0
					0
					0
					0
					0
					0
2014-02-19	1100	1100	1150	1150	
2014-02-19	1100	1100	1150	1150	121500
					0
					0
					0
					0
					0
					0
					0
					0
					0
					0
					0
					0
					0
					0
					0
					0
					0
					0
					0
					0
					0
					0
					0
					0
					0
					0
					0
					0
					0
					0
					0
					0
					0
					0
					0
					0
					0
					0
					0
					0
					0
					0
					0
					0
					0
					0
					0
					0
					0
					0
					0
					0
					0
					0
					0
					0
					0
					0
					0
					0
					0
					0
					0
					0
					0
					0
					0
					0
					0
					0
					0
					0
					0
					0
					0
					0
					0
					0
					0
					0
					0
					0
					0
					0
					0
					0
					0
					0
					0
					0
					0
					0
					0
					0
					0
					0
					0
					0
					0
					0
					0
					0
					0
					0
					0
					0
					0
					0
					0
					0
					0
					0
					0
					0
					0
					0
					0
					0
					0
					0
					0
					0
					0
					0
					0
					0
					0
					0
					0
					0
					0
					0
					0
					0
					0
					0
					0
					0
					0
					0
					0
					0
					0
					0
					0
					0
					0
					0
					0
					0
					0
					0
					0
					0
					0
					0
					0
					0
					0
					0
					0
					0
					0
					0
					0
					0
					0
					0
					0
					0
					0
					0
					0
					0
					0
					0
					0
					0
					0
					0
					0
					0
					0
					0
					0
					0
					0
					0
					0
					0
					0
					0
					0
					0
					0
					0
					0
					0
					0
					0
					0
					0
					0
					0
					0
					0
					0
					0
					0
					0
					0
					0
					0
					0
					0
					0
					0
					0
					0
					0
					0
					0
					0
					0
					0
					0
					0
					0
					0
					0
					0
					0
					0
					0
					0
					0
					0
					0
					0
					0
					0
					0
					0
					0
					0
					0
					0
					0
					0
					0
					0
					0
					0
2015-03-06	1150	1150	1150	1150	20000
2015-03-06	1150	1150	1150	1150	
					0
					0
					0
					0
					0
					0
					0
					0
					0
					0
					0
					0
					0
					0
					0
					0
					0
					0
					0
					0
					0
					0
					0
					0
					0
					0
					0
					0
					0
					0
					0
					0
					0
					0
					0
					0
					0
					0
					0
					0
					0
					0
					0
					0
					0
2015-05-13	865	865	865	865	40000
2015-05-15	850	850	850	850	80000
2015-05-18	850	850	850	850	80000
2015-05-19	850	850	850	850	80000
2015-05-20	850	850	850	850	100000
2015-05-21	850	850	850	850	100000
2015-05-21	850	850	850	850	
					0
					0
					0
					0
					0
					0
					0
					0
					0
					0
					0
					0
					0
					0
					0
					0
					0
					0
					0
					0
					0
					0
					0
					0
					0
					0
					0
					0
					0
					0
					0
					0
					0
					0
					0
					0
					0
					0
					0
					0
					0
					0
					0
					0
					0
					0
					0
					0
					0
					0
					0
					0
					0
					0
					0
					0
					0
					0
					0
					0
					0
					0
					0
					0
					0
2015-08-28	900	900	900	900	1000
2015-08-28	900	900	900	900	
					0
					0
					0
					0
					0
					0
					0
					0
					0
					0
					0
					0
					0
					0
					0
					0
					0
					0
					0
					0
					0
					0
					0
					0
					0
					0
					0
					0
					0
					0
					0
					0
					0
					0
					0
					0
					0
					0
					0
					0
					0
					0
					0
					0
					0
					0
					0
					0
					0
					0
					0
					0
					0
					0
					0
					0
					0
					0
					0
					0
					0
					0
					0
					0
					0
					0
					0
					0
					0
					0
					0
					0
					0
					0
					0
					0
					0
					0
					0
					0
					0
					0
					0
					0
					0
					0
					0
					0
					0
					0
					0
					0
					0
					0
					0
					0
					0
					0
					0
					0
					0
					0
					0
					0
					0
					0
					0
					0
					0
					0
					0
					0
					0
					0
					0
					0
					0
					0
					0
					0
					0
					0
					0
					0
					0
					0
					0
					0
					0
					0
					0
					0
					0
					0
					0
					0
					0
					0
					0
					0
					0
					0
					0
					0
					0
					0
					0
					0
					0
					0
					0
					0
					0
					0
					0
					0
					0
					0
					0
					0
					0
					0
					0
					0
					0
					0
					0
					0
					0
					0
					0
					0
					0
					0
					0
					0
					0
					0
					0
					0
					0
					0
					0
					0
					0
					0
					0
					0
					0
					0
					0
					0
					0
					0
					0
					0
					0
					0
					0
					0
					0
					0
					0
					0
					0
					0
					0
					0
					0
					0
					0
					0
					0
					0
					0
					0
					0
					0
					0
					0
					0
					0
					0
					0
					0
					0
					0
					0
					0
					0
					0
					0
					0
					0
					0
					0
					0
					0
					0
					0
					0
					0
					0
					0
					0
					0
					0
					0
					0
					0
					0
					0
					0
					0
					0
					0
					0
					0
					0
					0
					0
					0
					0
					0
					0
					0
					0
					0
					0
					0
					0
					0
					0
					0
					0
					0
					0
					0
					0
					0
					0
					0
					0
					0
					0
					0
					0
					0
					0
					0
					0
					0
					0
					0
					0
					0
					0
					0
					0
					0
					0
					0
					0
					0
					0
					0
					0
					0
					0
					0
					0
					0
					0
					0
					0
					0
					0
					0
					0
					0
					0
					0
					0
					0
					0
					0
					0
					0
					0
					0
					0
					0
					0
					0
					0
					0
					0
					0
					0
					0
					0
					0
					0
					0
					0
					0
					0
					0
					0
					0
					0
					0
					0
					0
					0
					0
					0
					0
					0
					0
					0
					0
					0
					0
					0
					0
					0
					0
					0
					0
					0
					0
2017-03-06	875	875	875	875	1500
2017-03-06	875	875	875	875	
					0
					0
					0
					0
					0
					0
					0
					0
					0
					0
					0
					0
					0
					0
					0
					0
					0
					0
					0
					0
					0
					0
					0
					0
					0
					0
					0
					0
					0
2017-04-20	875	875	875	875	
2017-04-20	875	875	875	875	100
					0
					0
					0
2017-04-27	875	875	875	875	
2017-04-27	875	875	875	875	100
					0
					0
					0
					0
					0
					0
					0
					0
					0
					0
					0
					0
					0
					0
2017-05-22	825	825	825	825	
2017-05-22	825	825	825	825	1000
					0
					0
					0
					0
					0
					0
					0
					0
					0
					0
					0
					0
					0
					0
					0
					0
					0
					0
					0
					0
					0
					0
					0
					0
					0
					0
					0
					0
					0
					0
					0
					0
					0
					0
					0
					0
					0
2017-07-25	825	825	825	825	
2017-07-25	825	825	825	825	2500
					0
					0
					0
					0
					0
					0
					0
					0
					0
					0
					0
					0
					0
					0
					0
					0
					0
					0
					0
					0
					0
					0
					0
					0
					0
					0
					0
					0
					0
					0
					0
					0
					0
					0
					0
					0
					0
					0
					0
					0
					0
					0
					0
					0
					0
					0
					0
					0
2017-10-05	825	825	825	825	
2017-10-05	825	825	825	825	100
					0
					0
					0
					0
					0
					0
					0
					0
					0
					0
					0
					0
					0
					0
					0
					0
2017-10-30	825	825	825	825	
2017-10-30	825	825	825	825	7500
					0
					0
					0
					0
					0
					0
					0
					0
					0
					0
					0
					0
					0
					0
					0
					0
					0
					0
					0
					0
					0
					0
					0
					0
					0
					0
					0
					0
					0
					0
					0
					0
					0
					0
					0
					0
					0
					0
					0
					0
					0
					0
					0
					0
					0
					0
					0
					0
					0
					0
					0
					0
					0
					0
					0
					0
					0
					0
					0
					0
					0
					0
					0
					0
					0
					0
					0
					0
					0
					0
					0
					0
					0
					0
					0
					0
					0
					0
					0
					0
					0
					0
					0
					0
					0
					0
					0
					0
					0
					0
					0
					0
					0
					0
					0
					0
					0
					0
					0
					0
					0
					0
					0
					0
					0
					0
					0
					0
					0
					0
					0
					0
					0
					0
					0
					0
					0
					0
					0
					0
					0
					0
					0
					0
					0
					0
					0
					0
					0
					0
					0
					0
					0
					0
					0
					0
					0
					0
					0
					0
					0
					0
					0
					0
					0
					0
					0
					0
					0
					0
					0
					0
					0
					0
					0
					0
					0
					0
					0
					0
					0
					0
					0
					0
					0
					0
					0
					0
					0
					0
					0
					0
					0
					0
					0
					0
					0
					0
					0
					0
					0
					0
					0
					0
					0
					0
					0
					0
					0
					0
					0
					0
					0
					0
					0
					0
					0
					0
					0
					0
					0
					0
					0
					0
					0
					0
					0
					0
					0
					0
					0
					0
					0
					0
					0
					0
					0
					0
					0
					0
					0
					0
					0
					0
					0
					0
					0
					0
					0
					0
					0
					0
					0
					0
					0
					0
					0
					0
					0
					0
					0
					0
					0
					0
					0
					0
					0
					0
					0
					0
					0
					0
					0
					0
					0
					0
					0
					0
					0
					0
					0
					0
					0
					0
					0
2018-12-04	825	825	825	825	300
2018-12-04	825	825	825	825	
					0
					0
					0
					0
					0
					0
					0
					0
					0
					0
					0
					0
					0
					0
					0
					0
					0
					0
					0
					0
					0
					0
					0
					0
					0
					0
					0
					0
					0
					0
					0
					0
					0
					0
					0
					0
					0
					0
					0
					0
					0
					0
					0
					0
					0
					0
					0
					0
					0
					0
					0
					0
					0
					0
					0
					0
					0
					0
					0
					0
					0
					0
					0
					0
					0
					0
					0
					0
					0
					0
					0
					0
					0
					0
					0
					0
					0
					0
					0
					0
					0
					0
					0
					0
					0
					0
					0
					0
					0
					0
					0
					0
					0
					0
					0
					0
					0
					0
					0
					0
					0
					0
					0
					0
					0
					0
					0
					0
					0
					0
					0
					0
					0
					0
					0
					0
					0
					0
					0
					0
					0
					0
					0
					0
					0
					0
					0
					0
					0
					0
					0
					0
					0
					0
					0
					0
					0
					0
					0
					0
					0
					0
					0
					0
					0
					0
					0
					0
					0
					0
					0
					0
					0
					0
					0
					0
					0
					0
					0
					0
					0
					0
					0
					0
					0
					0
					0
					0
					0
					0
					0
					0
					0
					0
					0
					0
					0
					0
					0
					0
					0
					0
					0
					0
					0
					0
					0
					0
					0
					0
					0
					0
					0
					0
					0
					0
					0
					0
					0
					0
					0
					0
					0
					0
					0
					0
					0
					0
					0
					0
					0
					0
					0
					0
					0
					0
					0
					0
					0
					0
					0
					0
					0
					0
					0
					0
					0
					0
					0
					0
					0
					0
					0
					0
					0
					0
					0
					0
					0
					0
					0
					0
					0
					0
					0
					0
					0
					0
					0
					0
					0
					0
					0
					0
					0
					0
					0
					0
					0
					0
					0
					0
					0
					0
					0
					0
					0
					0
					0
					0
					0
					0
					0
					0
					0
					0
					0
					0
					0
					0
					0
					0
					0
					0
					0
					0
					0
					0
					0
					0
					0
					0
					0
					0
					0
					0
					0
					0
					0
					0
					0
					0
					0
					0
					0
					0
					0
					0
					0
					0
					0
					0
					0
					0
					0
					0
					0
					0
					0
					0
					0
					0
					0
					0
					0
2020-04-02	825	825	825	825	
2020-04-02	825	825	825	825	100
					0
					0
					0
					0
					0
2020-04-13	825	825	825	825	100
2020-04-13	825	825	825	825	
					0
					0
					0
					0
					0
					0
					0
					0
					0
					0
					0
					0
					0
					0
					0
					0
2020-05-08	825	825	825	825	
2020-05-08	825	825	825	825	100
					0
					0
					0
					0
					0
					0
					0
					0
					0
2020-05-27	825	825	825	825	100
2020-05-27	825	825	825	825	
					0
					0
					0
					0
					0
					0
2020-06-08	825	825	825	825	100
2020-06-09	825	825	825	825	
2020-06-09	825	825	825	825	100
					0
					0
					0
					0
					0
					0
2020-06-18	810	810	810	810	
2020-06-18	810	810	810	810	100
					0
					0
					0
					0
					0
					0
					0
					0
					0
2020-07-02	820	820	820	820	100
2020-07-02	820	820	820	820	
					0
2020-07-06	820	820	820	820	100
2020-07-07	800	800	1025	1025	1000
2020-07-08	1025	1025	1025	1025	
2020-07-08	1025	1025	1025	1025	100
					0
2020-07-10	1075	1075	1280	1280	600
2020-07-10	1075	1075	1280	1280	
					0
2020-07-14	1195	1195	1195	1195	2600
2020-07-15	1195	1195	1195	1195	500
2020-07-16	1195	1195	1195	1195	100
2020-07-16	1195	1195	1195	1195	
					0
					0
2020-07-21	1195	1195	1200	1200	600
2020-07-21	1195	1195	1200	1200	
					0
					0
					0
2020-07-27	1200	1200	1200	1200	100
2020-07-28	1200	1200	1200	1200	1000
2020-07-29	1200	1200	1495	1490	1000
2020-07-30	1485	1485	1485	1485	
2020-07-30	1485	1485	1485	1485	200
					0
					0
					0
					0
					0
2020-08-10	1485	1385	1810	1805	3100
2020-08-11	1805	1680	2250	1700	3500
2020-08-12	1700	1700	1800	1800	1100
2020-08-13	2240	1680	2240	1690	1400
2020-08-14	1700	1700	1700	1700	400
2020-08-18	1700	1700	1700	1700	100
2020-08-18	1700	1700	1700	1700	
					0
					0
2020-08-25	1700	1700	1700	1700	1900
2020-08-25	1700	1700	1700	1700	
					0
2020-08-27	1690	1690	1690	1690	1400
2020-08-28	1690	1690	1690	1690	100
2020-08-28	1690	1690	1690	1690	
					0
2020-09-01	1690	1690	1690	1690	3500
2020-09-01	1690	1690	1690	1690	
					0
2020-09-03	1650	1650	1650	1650	700
2020-09-03	1650	1650	1650	1650	
					0
					0
					0
2020-09-09	1650	1650	2050	2000	
2020-09-09	1650	1650	2050	2000	3500
					0
2020-09-11	2490	1860	2490	1860	3300
2020-09-14	1860	1730	1860	1730	3200
2020-09-15	1700	1700	1730	1730	200
2020-09-16	1730	1730	1730	1730	200
2020-09-17	1610	1610	1660	1610	1300
2020-09-18	1610	1610	1610	1610	500
2020-09-21	1510	1510	1865	1865	4400
2020-09-22	1865	1740	1875	1740	2400
2020-09-23	1690	1690	2160	2000	5200
2020-09-24	2000	2000	2000	2000	3500
2020-09-25	1900	1900	1900	1900	
2020-09-25	1900	1900	1900	1900	100
					0
2020-09-29	1770	1770	1770	1770	700
2020-09-30	1650	1650	1650	1650	100
2020-10-01	1650	1535	2000	2000	9100
2020-10-02	1985	1900	1985	1985	500
2020-10-05	2000	2000	2000	2000	100
2020-10-06	2000	2000	2000	2000	100
2020-10-06	2000	2000	2000	2000	
					0
2020-10-08	2000	1860	2490	1860	15600
2020-10-09	1860	1730	1900	1735	5300
2020-10-12	1735	1735	1735	1735	100
2020-10-13	1735	1735	1800	1800	6700
2020-10-14	1800	1800	2240	1810	11200
2020-10-15	1810	1700	2000	1700	6900
2020-10-16	1590	1590	1750	1745	10100
2020-10-16	1590	1590	1750	1745	
					0
					0
2020-10-21	1740	1630	1745	1630	5500
2020-10-22	1525	1525	1750	1750	2700
2020-10-23	1750	1750	1750	1750	100
2020-10-26	1750	1630	2000	1630	15300
2020-10-27	1700	1600	1700	1630	1100
2020-10-27	1700	1600	1700	1630	
					0
2020-11-03	1525	1525	1525	1525	300
2020-11-04	1525	1525	1530	1530	600
2020-11-05	1530	1530	1550	1550	600
2020-11-06	1450	1450	1450	1450	100
2020-11-09	1450	1355	1450	1355	1600
2020-11-10	1400	1400	1685	1685	6000
2020-11-11	1680	1680	2090	2030	28800
2020-11-12	2030	1895	2070	1910	22900
2020-11-13	1900	1800	1950	1810	8700
2020-11-16	1810	1685	2200	1950	16100
2020-11-17	1950	1820	2000	1850	10900
2020-11-18	1850	1820	1850	1820	2800
2020-11-19	1820	1695	1820	1725	500
2020-11-20	1750	1750	1750	1750	700
2020-11-23	1760	1760	2000	1975	11100
2020-11-24	1965	1845	1965	1850	10600
2020-11-25	1850	1850	1900	1895	2900
2020-11-26	1900	1850	2000	1850	9900
2020-11-27	1850	1730	1900	1730	2300
2020-11-30	1730	1730	2000	1990	5700
2020-12-01	1890	1890	1900	1900	500
2020-12-02	1900	1770	1900	1770	400
2020-12-03	1775	1770	1800	1800	700
2020-12-04	1800	1680	1800	1680	900
2020-12-07	1685	1685	1990	1960	8500
2020-12-08	2000	2000	2450	2000	58900
2020-12-10	2000	1865	2050	2000	8000
2020-12-11	2000	2000	2050	2020	2200
2020-12-14	2010	1880	2010	1880	12000
2020-12-15	1880	1750	1900	1900	68900
2020-12-16	1900	1850	1900	1860	23800
2020-12-17	1860	1860	2320	1860	45200
2020-12-18	1860	1730	2000	1845	48000
2020-12-21	1845	1760	1875	1760	10900
2020-12-22	1760	1650	2110	1970	20400
2020-12-23	1970	1840	1970	1875	8400
2020-12-28	1875	1875	2200	1975	14700
2020-12-29	1975	1925	1980	1925	5700
2020-12-30	1925	1800	2000	1955	6700
2021-01-04	1955	1825	2100	1825	7500
2021-01-05	1860	1825	1860	1830	1300
2021-01-06	1705	1705	1900	1880	6600
2021-01-07	1900	1750	1900	1890	12700
2021-01-08	1890	1870	1900	1870	4700
2021-01-11	1745	1745	1910	1860	12100
2021-01-12	1860	1750	1860	1770	3800
2021-01-13	1770	1770	1800	1800	2200
2021-01-14	1680	1680	2250	2040	39600
2021-01-15	2040	1900	2060	2040	34500
2021-01-18	2040	1900	2040	1900	6900
2021-01-19	1900	1770	1900	1895	9000
2021-01-20	1900	1765	1900	1870	7200
2021-01-21	1875	1765	1875	1810	12400
2021-01-22	1805	1690	1805	1710	4600
2021-01-25	1710	1600	2130	1830	11400
2021-01-26	1830	1710	1850	1810	8500
2021-01-27	1850	1780	1850	1790	3400
2021-01-28	1790	1780	1790	1780	600
2021-01-29	1800	1780	1800	1780	700
2021-02-01	1780	1660	1780	1740	5100
2021-02-02	1730	1625	1740	1740	10100
2021-02-03	1890	1625	2160	1820	17600
2021-02-04	1820	1700	1820	1705	8200
2021-02-05	1705	1595	1705	1690	6100
2021-02-08	1690	1580	1750	1700	8600
2021-02-09	1700	1590	1700	1600	900
2021-02-10	1600	1600	1850	1630	13100
2021-02-11	1630	1525	1650	1610	3300
2021-02-15	1500	1500	1700	1560	5100
2021-02-16	1600	1600	1815	1800	31200
2021-02-17	1800	1700	1820	1710	6300
2021-02-18	1710	1600	1750	1750	6300
2021-02-19	1750	1635	1795	1720	7900
2021-02-22	1720	1605	1800	1775	16500
2021-02-23	2200	1655	2200	1870	45900
2021-02-24	1870	1745	1900	1805	24200
2021-02-25	1805	1805	1890	1890	8600
2021-02-26	1890	1765	1890	1805	3100
2021-03-01	1805	1685	1810	1790	5500
2021-03-02	1790	1710	1850	1725	3900
2021-03-03	1725	1725	1780	1780	1300
2021-03-04	1780	1780	1780	1780	1100
2021-03-05	1660	1660	1780	1780	900
2021-03-08	1780	1665	1850	1770	5300
2021-03-09	1770	1675	1770	1765	2300
2021-03-10	1765	1720	1940	1830	29700
2021-03-12	1820	1820	1880	1860	9100
2021-03-15	1820	1780	1820	1820	7700
2021-03-16	1820	1700	1820	1800	5300
2021-03-17	1800	1800	1800	1800	200
2021-03-18	1790	1790	1810	1800	12600
2021-03-19	1800	1680	1845	1690	10000
2021-03-22	1690	1690	1690	1690	100
2021-03-23	1580	1580	1680	1680	3300
2021-03-24	1700	1590	1700	1600	2600
2021-03-25	1500	1500	1520	1520	700
2021-03-26	1520	1415	1520	1480	900
2021-03-29	1480	1480	1500	1500	300
2021-03-30	1500	1405	1500	1420	600
2021-03-31	1420	1420	1420	1420	200
2021-04-01	1330	1330	1775	1775	1900
2021-04-05	1775	1775	1820	1820	18700
2021-04-06	1820	1700	1820	1700	1500
2021-04-07	1700	1700	2000	1905	18100
2021-04-08	1905	1780	1905	1780	3300
2021-04-09	1780	1660	2000	1690	4100
2021-04-12	1690	1690	1900	1700	14700
2021-04-13	1700	1600	2100	2090	9300
2021-04-14	2070	1945	2070	1945	7900
2021-04-15	1945	1930	1945	1930	10200
2021-04-16	1800	1800	1950	1930	18900
2021-04-19	1930	1800	1930	1810	300
2021-04-20	1810	1810	1810	1810	100
2021-04-21	1700	1700	1700	1700	300
2021-04-22	1700	1700	1760	1760	900
2021-04-23	1760	1760	1760	1760	200
2021-04-26	1640	1640	2190	2120	7700
2021-04-27	2120	1975	2120	1980	27600
2021-04-28	2050	1890	2300	1990	18500
2021-04-29	1980	1860	1980	1860	17500
2021-04-30	1860	1730	2020	2020	2200
2021-05-03	2000	1880	2000	2000	12600
2021-05-04	1990	1950	1990	1950	
2021-05-04	1990	1950	1990	1950	200
					0
2021-05-06	1930	1930	1930	1930	200
2021-05-07	1890	1890	1930	1930	1600
2021-05-10	1900	1900	1900	1900	100
2021-05-11	1850	1800	1850	1830	1600
2021-05-17	1785	1725	1825	1825	5200
2021-05-18	1820	1820	1825	1825	5300
2021-05-19	1715	1715	1725	1725	300
2021-05-20	1725	1710	1725	1710	400
2021-05-21	1710	1610	1710	1630	600
2021-05-24	1625	1620	1630	1630	500
2021-05-25	1530	1530	1530	1530	100
2021-05-27	1520	1520	1530	1530	200
2021-05-28	1530	1425	1530	1430	600
2021-05-31	1425	1425	1425	1425	100
2021-06-02	1420	1420	1425	1425	300
2021-06-03	1425	1425	1775	1775	15200
2021-06-04	1775	1775	2200	1800	39600
2021-06-07	1810	1810	2150	2150	14300
2021-06-08	2150	2000	2150	2000	8600
2021-06-09	1970	1950	1970	1950	13100
2021-06-10	1820	1815	1950	1860	6500
2021-06-11	1800	1730	1910	1760	32400
2021-06-14	1760	1645	2000	1965	16800
2021-06-15	1950	1860	1950	1880	3000
2021-06-16	1875	1750	1880	1760	16500
2021-06-17	1760	1645	1760	1700	2800
2021-06-18	1700	1600	1700	1680	1900
2021-06-21	1570	1570	1580	1580	200
2021-06-22	1580	1575	1600	1600	1500
2021-06-22	1580	1575	1600	1600	
					0
2021-06-24	1600	1495	1600	1525	1100
2021-06-25	1475	1475	1525	1495	500
2021-06-28	1495	1495	1500	1500	800
2021-06-29	1500	1400	1500	1425	900
2021-06-30	1425	1425	1425	1425	300
2021-07-01	1425	1425	1430	1430	300
2021-07-02	1430	1430	1430	1430	200
2021-07-05	1430	1330	1430	1400	1500
2021-07-06	1400	1330	1750	1725	32800
2021-07-07	1720	1650	1750	1650	5900
2021-07-08	1650	1535	1650	1535	14100
2021-07-09	1535	1430	1550	1530	15100
2021-07-12	1530	1530	1900	1550	10700
2021-07-13	1550	1445	1550	1450	1000
2021-07-14	1450	1450	1500	1500	600
2021-07-15	1500	1450	1775	1580	19300
2021-07-16	1580	1580	1970	1750	65900
2021-07-19	1745	1630	1745	1735	25200
2021-07-21	1625	1625	1720	1720	3700
2021-07-22	1720	1600	1720	1600	11100
2021-07-23	1625	1500	1950	1840	25800
2021-07-26	1840	1715	1840	1715	20300
2021-07-27	1715	1600	1715	1650	3200
2021-07-28	1650	1650	1995	1755	42300
2021-07-29	1755	1640	1900	1790	36800
2021-07-30	1790	1790	1895	1840	4300
2021-08-02	1840	1800	1900	1825	22000
2021-08-03	1825	1705	1900	1840	5900
2021-08-04	1885	1720	1885	1745	6100
2021-08-05	1745	1625	1890	1800	6000
2021-08-06	1780	1710	1850	1850	33100
2021-08-09	1730	1730	1900	1855	29800
2021-08-10	1900	1735	1900	1760	4400
2021-08-12	1730	1645	1895	1875	18600
2021-08-13	1865	1800	1925	1840	8500
2021-08-16	1845	1790	1975	1790	11700
2021-08-18	1670	1670	1895	1735	29100
2021-08-19	1735	1735	1750	1750	1900
2021-08-20	1635	1635	1900	1890	5000
2021-08-23	1890	1765	1890	1840	13800
2021-08-24	1840	1720	1915	1800	20000
2021-08-25	1800	1700	1900	1760	7300
2021-08-26	1920	1650	1920	1840	18600
2021-08-27	1825	1820	1825	1820	1200
2021-08-30	1855	1850	1855	1850	200
2021-08-31	1830	1830	1830	1830	400
2021-09-01	1900	1745	1900	1760	5200
2021-09-02	1740	1660	1820	1820	2000
2021-09-03	1885	1820	1885	1820	700
2021-09-06	1750	1700	1805	1715	6700
2021-09-07	1905	1715	1910	1720	6000
2021-09-08	1680	1600	1680	1655	500
2021-09-09	1655	1655	1850	1840	2000
2021-09-10	1840	1720	1840	1720	5400
2021-09-13	1720	1680	1900	1700	25600
2021-09-14	1710	1710	1750	1750	1200
2021-09-15	1755	1700	1755	1700	4300
2021-09-16	1755	1755	1870	1770	2200
2021-09-17	1685	1685	1885	1825	6000
2021-09-20	1810	1800	1810	1800	1200
2021-09-21	1800	1775	1800	1775	2400
2021-09-22	1770	1770	1900	1830	2200
2021-09-23	1825	1760	1825	1765	3000
2021-09-24	1645	1645	1860	1820	24400
2021-09-27	1820	1795	1820	1800	13400
2021-09-28	1800	1680	1800	1800	7400
2021-09-29	1795	1740	1795	1745	4200
2021-09-30	1740	1685	1740	1700	27300
2021-10-01	1700	1700	1710	1710	2100
2021-10-04	1710	1710	1710	1710	5700
2021-10-05	1650	1650	1700	1660	1800
2021-10-06	1670	1670	1670	1670	700
2021-10-07	1680	1680	1810	1780	3300
2021-10-08	1680	1680	1780	1770	1200
2021-10-11	1750	1680	1770	1680	3700
2021-10-12	1690	1690	1700	1700	1100
2021-10-13	1720	1650	1720	1700	3100
2021-10-14	1590	1590	1770	1750	6700
2021-10-15	1750	1700	1850	1705	8500
2021-10-18	1705	1705	1800	1775	7000
2021-10-19	1720	1720	1775	1775	1500
2021-10-21	1775	1770	1775	1775	3100
2021-10-22	1730	1730	1775	1770	2500
2021-10-25	1735	1735	1760	1760	400
2021-10-26	1760	1760	1760	1760	800
2021-10-27	1730	1730	1730	1730	5000
2021-10-28	1730	1730	1730	1730	300
2021-10-29	1730	1705	1730	1705	300
2021-11-01	1705	1675	1790	1775	3200
2021-11-02	1770	1715	1775	1770	1100
2021-11-03	1760	1760	1760	1760	100
2021-11-04	1740	1690	1800	1740	3200
2021-11-05	1695	1695	1710	1705	900
2021-11-05	1695	1695	1710	1705	
					0
2021-11-09	1695	1595	1790	1790	1600
2021-11-10	1670	1670	1670	1670	100
2021-11-11	1680	1680	1680	1680	200
2021-11-12	1680	1570	1695	1670	1200
2021-11-15	1670	1565	1670	1575	3900
2021-11-16	1740	1580	1790	1580	11300
2021-11-17	1580	1580	1580	1580	2000
2021-11-18	1585	1585	1585	1585	200
2021-11-19	1590	1590	1800	1605	5400
2021-11-22	1575	1575	1610	1610	1300
2021-11-23	1600	1575	1900	1630	16200
2021-11-24	1580	1580	1710	1710	10500
2021-11-25	1600	1600	1620	1620	2300
2021-11-26	1900	1620	1900	1620	7300
2021-11-29	1620	1515	1620	1555	1500
2021-11-30	1555	1500	1555	1500	200
2021-12-01	1510	1510	1610	1610	400
2021-12-02	1505	1505	1580	1560	300
2021-12-02	1505	1505	1580	1560	
					0
2021-12-06	1460	1460	1720	1705	9200
2021-12-07	1705	1595	1705	1680	8700
2021-12-08	1675	1605	1875	1650	8800
2021-12-09	1780	1580	1780	1650	6100
2021-12-10	1650	1540	1650	1560	4300
2021-12-13	1510	1510	1570	1570	900
2021-12-14	1570	1500	1575	1500	2200
2021-12-15	1510	1510	1710	1675	3600
2021-12-16	1670	1670	1670	1670	100
2021-12-17	1670	1660	1670	1660	300
2021-12-20	1710	1655	1710	1655	600
2021-12-21	1655	1605	1655	1640	400
2021-12-22	1620	1535	1620	1570	3500
2021-12-23	1550	1470	1550	1545	1200
2021-12-24	1545	1495	1560	1560	3300
2021-12-27	1560	1560	1790	1700	13100
2021-12-28	1600	1600	1690	1665	10800
2021-12-29	1645	1645	1645	1645	1200
2021-12-30	1645	1640	1645	1640	400
2022-01-03	1640	1610	1640	1610	300
2022-01-04	1610	1565	1660	1565	7600
2022-01-05	1565	1515	1600	1520	3600
2022-01-06	1525	1525	1530	1530	200
2022-01-07	1530	1500	1850	1735	6700
2022-01-10	1730	1645	1730	1700	9800
2022-01-11	1680	1680	1680	1680	1900
2022-01-12	1720	1570	1720	1590	2100
2022-01-13	1590	1485	1590	1560	1200
2022-01-13	1590	1485	1590	1560	
					0
2022-01-17	1570	1570	1570	1570	200
2022-01-18	1500	1470	1520	1520	400
2022-01-19	1485	1415	1700	1550	6700
2022-01-20	1500	1445	1550	1550	
2022-01-20	1500	1445	1550	1550	1400
					0
					0
2022-01-25	1505	1505	1700	1625	1100
2022-01-26	1570	1555	1570	1570	400
2022-01-27	1580	1520	1700	1690	28100
2022-01-28	1615	1615	1675	1670	700
2022-01-31	1700	1670	1700	1690	1200
2022-02-02	1660	1660	1660	1660	1200
2022-02-03	1550	1550	1550	1550	400
2022-02-04	1550	1520	1700	1640	8900
2022-02-07	1635	1530	1635	1580	4100
2022-02-08	1520	1520	1700	1685	5700
2022-02-09	1670	1660	1670	1660	4100
2022-02-10	1660	1560	1660	1560	2500
2022-02-11	1460	1460	1530	1530	3400
2022-02-14	1500	1475	1645	1595	5500
2022-02-15	1660	1500	1660	1610	3400
2022-02-16	1610	1565	2000	1565	11200
2022-02-17	1565	1550	1565	1550	3200
2022-02-18	1500	1500	1555	1550	2400
2022-02-21	1560	1550	1660	1610	10400
2022-02-22	1610	1555	1610	1560	2000
2022-02-23	1510	1510	1685	1620	4600
2022-02-24	1565	1565	1570	1565	1800
2022-02-25	1680	1590	1680	1595	11000
2022-03-01	1490	1490	1535	1535	700
2022-03-02	1540	1540	1540	1540	100
2022-03-04	1530	1530	1530	1530	1100
2022-03-07	1535	1450	1535	1450	1800
2022-03-08	1460	1460	1460	1460	400
2022-03-09	1460	1420	1460	1420	1600
2022-03-10	1420	1350	1770	1470	4100
2022-03-11	1370	1370	1415	1415	300
2022-03-14	1330	1330	1600	1600	5800
2022-03-15	1610	1600	1610	1600	200
2022-03-16	1545	1495	1595	1595	2000
2022-03-17	1595	1585	1595	1585	200
2022-03-18	1585	1585	1585	1585	2300
2022-03-21	1585	1525	1585	1525	300
2022-03-22	1525	1485	1525	1485	
2022-03-22	1525	1485	1525	1485	600
					0
2022-03-24	1425	1425	1475	1475	700
2022-03-25	1425	1425	1425	1425	100
2022-03-28	1415	1365	1415	1415	500
2022-03-29	1415	1415	1415	1415	100
2022-03-30	1355	1355	1375	1375	300
2022-03-31	1380	1380	1380	1380	100
2022-04-01	1390	1390	1390	1390	100
2022-04-04	1330	1330	1330	1330	
2022-04-04	1330	1330	1330	1330	100
					0
2022-04-06	1255	1255	1300	1300	200
2022-04-07	1305	1305	1305	1305	600
2022-04-08	1225	1225	1225	1225	100
2022-04-08	1225	1225	1225	1225	
					0
2022-04-12	1400	1305	1500	1375	4500
2022-04-13	1425	1280	1425	1350	800
2022-04-14	1375	1260	1500	1370	1800
2022-04-18	1370	1300	1370	1350	400
2022-04-19	1350	1260	1350	1305	400
2022-04-20	1305	1220	1305	1290	300
2022-04-21	1250	1250	1610	1575	23800
2022-04-22	1570	1500	1575	1500	3400
2022-04-25	1500	1400	1590	1435	7000
2022-04-26	1435	1340	1435	1395	1600
2022-04-27	1400	1400	1400	1400	100
2022-04-28	1400	1305	1420	1375	600
2022-05-09	1305	1305	1315	1315	1500
2022-05-10	1315	1230	1315	1310	1000
2022-05-11	1230	1230	1250	1250	200
2022-05-12	1250	1250	1250	1250	100
2022-05-13	1300	1175	1350	1270	800
2022-05-17	1185	1185	1185	1185	100
2022-05-18	1185	1110	1445	1190	5300
2022-05-19	1295	1275	1410	1365	1600
2022-05-20	1365	1365	1450	1445	400
2022-05-23	1450	1450	1550	1540	400
2022-05-23	1450	1450	1550	1540	
					0
2022-05-25	1560	1435	1560	1435	800
2022-05-25	1560	1435	1560	1435	
					0
2022-05-30	1415	1415	1575	1575	800
2022-05-31	1500	1465	1505	1470	3100
2022-06-02	1460	1375	1460	1420	800
2022-06-03	1330	1330	1465	1465	1100
2022-06-06	1370	1370	1400	1400	200
2022-06-07	1425	1400	1425	1400	600
2022-06-08	1310	1310	1500	1355	1000
2022-06-09	1310	1270	1310	1290	
2022-06-09	1310	1270	1310	1290	400
					0
2022-06-13	1205	1205	1205	1205	100
2022-06-14	1130	1130	1205	1205	200
2022-06-15	1205	1205	1205	1205	900
2022-06-16	1130	1130	1130	1130	100
2022-06-17	1175	1175	1175	1175	100
2022-06-20	1165	1165	1170	1165	700
2022-06-21	1100	1100	1150	1130	1300
2022-06-22	1060	1060	1100	1100	200
2022-06-23	1050	1050	1210	1210	2000
2022-06-24	1210	1135	1325	1160	6900
2022-06-27	1175	1125	1195	1195	2500
2022-06-28	1235	1175	1290	1290	5000
2022-06-28	1235	1175	1290	1290	
					0
2022-06-30	1340	1300	1340	1330	1200
2022-07-01	1360	1240	1360	1240	2500
2022-07-04	1160	1160	1310	1310	2200
2022-07-05	1310	1220	1310	1275	2900
2022-07-06	1205	1190	1255	1255	400
2022-07-07	1285	1225	1285	1225	200
2022-07-08	1225	1145	1310	1145	2900
2022-07-11	1070	1070	1175	1175	3000
2022-07-12	1170	1170	1250	1170	1700
2022-07-13	1170	1090	1255	1195	800
2022-07-14	1195	1195	1240	1240	200
2022-07-15	1270	1270	1270	1270	200
2022-07-18	1270	1215	1270	1215	400
2022-07-19	1220	1220	1295	1225	2100
2022-07-20	1140	1140	1210	1195	1000
2022-07-21	1195	1150	1195	1150	600
2022-07-22	1220	1220	1220	1220	100
2022-07-25	1205	1190	1225	1225	2200
2022-07-26	1275	1265	1275	1270	600
2022-07-27	1260	1260	1260	1260	500
2022-07-28	1255	1250	1255	1250	600
2022-07-29	1250	1250	1250	1250	100
2022-07-29	1250	1250	1250	1250	
					0
2022-08-02	1205	1165	1240	1165	3100
2022-08-03	1165	1150	1165	1150	300
2022-08-04	1150	1100	1150	1100	2500
2022-08-04	1150	1100	1150	1100	
					0
2022-08-08	1055	1050	1055	1050	7000
2022-08-09	1085	1085	1145	1145	3400
2022-08-10	1145	1145	1145	1145	
2022-08-10	1145	1145	1145	1145	200
					0
					0
2022-08-15	1140	1140	1140	1140	200
2022-08-16	1140	1115	1235	1150	2200
2022-08-18	1150	1140	1150	1140	
2022-08-18	1150	1140	1150	1140	2100
					0
2022-08-22	1140	1085	1140	1125	500
2022-08-23	1125	1125	1125	1125	3900
2022-08-24	1085	1085	1120	1120	2300
2022-08-25	1120	1045	1120	1115	500
2022-08-26	1055	1055	1055	1055	100
2022-08-29	1055	1055	1055	1055	200
2022-08-30	985	985	1010	1010	200
2022-08-31	1025	1010	1045	1045	600
2022-09-01	1075	1075	1075	1075	500
2022-09-02	1030	1030	1030	1030	
2022-09-02	1030	1030	1030	1030	100
					0
					0
2022-09-07	1030	1015	1130	1095	4700
2022-09-08	1070	1070	1070	1070	100
2022-09-09	1070	1030	1135	1105	1100
2022-09-12	1075	1075	1155	1110	
2022-09-12	1075	1075	1155	1110	1400
					0
2022-09-14	1090	1090	1090	1090	200
2022-09-15	1055	1040	1055	1040	1400
2022-09-16	1080	970	1080	1030	1700
2022-09-19	1030	1030	1030	1030	100
2022-09-20	1030	975	1030	1025	
2022-09-20	1030	975	1030	1025	300
					0
					0
2022-09-23	1025	1025	1025	1025	200
2022-09-26	1020	1020	1025	1025	300
2022-09-26	1020	1020	1025	1025	
					0
					0
					0
2022-09-30	1025	1025	1025	1025	100
2022-10-03	1025	1025	1025	1025	100
2022-10-04	1025	955	1025	965	1400
2022-10-05	955	955	1055	1055	500
2022-10-06	1045	1005	1095	1085	1300
2022-10-07	1080	1045	1080	1045	300
2022-10-10	1045	1045	1090	1090	200
2022-10-11	1090	1090	1090	1090	200
2022-10-12	1055	1015	1055	1015	300
2022-10-13	1015	1015	1040	1040	600
2022-10-13	1015	1015	1040	1040	
					0
					0
2022-10-18	1040	1040	1040	1040	1000
2022-10-19	990	990	1125	1125	1400
2022-10-20	1125	1125	1125	1125	100
2022-10-21	1125	1125	1225	1225	900
2022-10-24	1225	1140	1240	1240	3700
2022-10-25	1240	1240	1250	1240	
2022-10-25	1240	1240	1250	1240	1900
					0
2022-10-27	1230	1155	1240	1155	6600
2022-10-28	1160	1080	1225	1175	10800
2022-10-31	1170	1095	1170	1155	3400
2022-11-01	1080	1075	1120	1075	7400
2022-11-02	1070	1070	1130	1075	1400
2022-11-03	1075	1015	1075	1015	200
2022-11-04	1000	1000	1105	1105	700
2022-11-07	1105	1105	1175	1175	1200
2022-11-08	1175	1175	1210	1210	400
2022-11-09	1210	1210	1250	1245	1600
2022-11-10	1245	1245	1245	1245	100
2022-11-11	1255	1255	1255	1255	2100
2022-11-14	1175	1175	1175	1175	200
2022-11-15	1150	1100	1285	1285	2000
2022-11-16	1255	1200	1255	1200	12300
2022-11-17	1175	1150	1180	1150	400
2022-11-18	1125	1070	1125	1070	1100
2022-11-21	1100	1000	1100	1000	600
2022-11-22	1005	1005	1030	1020	700
2022-11-23	1025	1025	1115	1115	1000
2022-11-24	1110	1070	1185	1070	1300
2022-11-25	1005	1000	1115	1115	10600
2022-11-28	1105	1055	1115	1095	800
2022-11-29	1065	1020	1185	1185	5800
2022-11-30	1185	1160	1185	1160	1400
2022-12-01	1160	1080	1160	1160	2200
2022-12-02	1085	1085	1110	1110	800
2022-12-05	1110	1110	1110	1110	200
2022-12-05	1110	1110	1110	1110	
					0
					0
2022-12-08	1035	1035	1040	1035	300
2022-12-09	1000	975	1000	975	400
2022-12-12	985	985	1070	1070	800
2022-12-12	985	985	1070	1070	
					0
2022-12-14	1070	1070	1070	1070	100
2022-12-15	1070	1070	1125	1125	
2022-12-15	1070	1070	1125	1125	1100
					0
					0
					0
2022-12-21	1205	1105	1205	1105	1100
2022-12-22	1105	1105	1200	1195	3500
2022-12-23	1150	1150	1150	1150	100
2022-12-26	1205	1165	1205	1165	200
2022-12-26	1205	1165	1205	1165	
					0
					0
2022-12-29	1280	1165	1280	1225	900
2022-12-30	1215	1215	1225	1225	1000
