Date	Price Open	Price Low	Price High	Price Close	Volume
1999-12-21	775.0	775.0	775.0	775.0	
					0
					0
					0
					0
					0
					0
2000-01-14	750.0	750.0	750.0	750.0	2000
2000-01-14	750.0	750.0	750.0	750.0	
					0
					0
					0
					0
					0
					0
2000-01-25	600.0	600.0	762.5	762.5	
2000-01-25	600.0	600.0	762.5	762.5	12000
					0
					0
					0
					0
					0
					0
					0
					0
					0
					0
					0
					0
					0
					0
					0
					0
					0
					0
					0
					0
					0
					0
					0
					0
					0
					0
					0
					0
					0
					0
2000-03-09	550.0	550.0	550.0	550.0	20000
2000-03-10	600.0	600.0	650.0	650.0	20000
2000-03-13	487.5	487.5	487.5	487.5	2000
2000-03-13	487.5	487.5	487.5	487.5	
					0
					0
					0
					0
					0
					0
					0
					0
					0
					0
					0
					0
					0
					0
					0
					0
					0
					0
2000-04-13	575.0	575.0	575.0	575.0	8000
2000-04-13	575.0	575.0	575.0	575.0	
					0
2000-04-17	650.0	550.0	650.0	550.0	5000
2000-04-18	675.0	537.5	675.0	537.5	4000
2000-04-18	675.0	537.5	675.0	537.5	
					0
					0
2000-04-24	600.0	600.0	600.0	600.0	3000
2000-04-24	600.0	600.0	600.0	600.0	
					0
2000-04-26	625.0	500.0	650.0	625.0	9000
2000-04-27	512.5	512.5	575.0	575.0	4000
2000-04-28	512.5	512.5	550.0	550.0	3000
2000-04-28	512.5	512.5	550.0	550.0	
					0
					0
					0
2000-05-04	587.5	587.5	587.5	587.5	1000
2000-05-04	587.5	587.5	587.5	587.5	
					0
					0
					0
					0
					0
					0
					0
					0
					0
					0
					0
					0
					0
					0
					0
					0
					0
					0
					0
					0
					0
					0
					0
					0
					0
					0
2000-06-14	625.0	625.0	625.0	625.0	2000
2000-06-14	625.0	625.0	625.0	625.0	
					0
					0
					0
2000-06-21	662.5	662.5	662.5	662.5	1000
2000-06-21	662.5	662.5	662.5	662.5	
					0
					0
					0
					0
					0
2000-06-29	650.0	650.0	675.0	675.0	
2000-06-29	650.0	650.0	675.0	675.0	6000
					0
					0
					0
					0
					0
					0
					0
					0
					0
					0
					0
					0
					0
					0
					0
					0
					0
					0
					0
					0
					0
					0
					0
					0
					0
					0
					0
					0
					0
					0
					0
					0
					0
					0
					0
					0
					0
2000-08-23	700.0	700.0	700.0	700.0	3000
2000-08-23	700.0	700.0	700.0	700.0	
					0
					0
					0
					0
					0
					0
2000-09-01	750.0	725.0	750.0	725.0	
2000-09-01	750.0	725.0	750.0	725.0	5000
					0
					0
					0
					0
					0
					0
					0
					0
					0
					0
					0
					0
					0
					0
					0
					0
					0
					0
					0
					0
					0
					0
2000-10-04	725.0	725.0	725.0	725.0	5000
2000-10-04	725.0	725.0	725.0	725.0	
					0
					0
					0
					0
					0
					0
					0
					0
2000-10-17	725.0	725.0	725.0	725.0	5000
2000-10-17	725.0	725.0	725.0	725.0	
					0
					0
					0
					0
					0
					0
					0
					0
					0
					0
					0
					0
					0
					0
					0
					0
					0
					0
					0
					0
					0
					0
					0
2000-11-21	712.5	712.5	712.5	712.5	
2000-11-21	712.5	712.5	712.5	712.5	3000
					0
					0
					0
2000-11-27	750.0	750.0	750.0	750.0	2000
2000-11-27	750.0	750.0	750.0	750.0	
					0
					0
					0
					0
					0
					0
					0
					0
					0
					0
					0
					0
					0
					0
					0
					0
					0
					0
					0
					0
					0
					0
					0
					0
					0
					0
					0
					0
					0
					0
					0
					0
					0
					0
					0
					0
					0
					0
					0
					0
					0
					0
					0
					0
					0
					0
					0
					0
					0
					0
					0
					0
					0
					0
					0
					0
					0
					0
					0
					0
					0
					0
					0
2001-03-06	725.0	725.0	725.0	725.0	10000
2001-03-07	700.0	700.0	725.0	725.0	4000
2001-03-08	725.0	725.0	725.0	725.0	
2001-03-08	725.0	725.0	725.0	725.0	4000
					0
					0
					0
2001-03-14	750.0	750.0	750.0	750.0	5000
2001-03-15	762.5	762.5	762.5	762.5	5000
2001-03-15	762.5	762.5	762.5	762.5	
					0
2001-03-19	775.0	775.0	775.0	775.0	3000
2001-03-20	725.0	725.0	762.5	762.5	21000
2001-03-20	725.0	725.0	762.5	762.5	
					0
					0
2001-03-23	725.0	712.5	787.5	787.5	
2001-03-23	725.0	712.5	787.5	787.5	26000
					0
					0
					0
					0
					0
					0
					0
					0
					0
					0
					0
2001-04-11	800.0	800.0	800.0	800.0	5000
2001-04-12	725.0	725.0	800.0	800.0	2518000
2001-04-16	812.5	812.5	825.0	825.0	7000
2001-04-16	812.5	812.5	825.0	825.0	
					0
					0
					0
2001-04-20	837.5	837.5	850.0	850.0	
2001-04-20	837.5	837.5	850.0	850.0	10000
					0
					0
					0
					0
					0
					0
					0
					0
2001-05-03	750.0	750.0	750.0	750.0	5000
2001-05-04	787.5	787.5	787.5	787.5	5000
2001-05-04	787.5	787.5	787.5	787.5	
					0
					0
2001-05-10	837.5	750.0	837.5	750.0	9000
2001-05-10	837.5	750.0	837.5	750.0	
					0
					0
					0
					0
					0
					0
					0
					0
					0
					0
					0
2001-05-29	800.0	800.0	800.0	800.0	
2001-05-29	800.0	800.0	800.0	800.0	1000
					0
2001-05-31	700.0	700.0	737.5	737.5	6000
2001-06-01	750.0	725.0	837.5	725.0	
2001-06-01	750.0	725.0	837.5	725.0	6000
					0
2001-06-06	750.0	700.0	750.0	725.0	6026000
2001-06-07	725.0	725.0	737.5	737.5	
2001-06-07	725.0	725.0	737.5	737.5	2005000
					0
					0
					0
2001-06-13	725.0	725.0	737.5	725.0	4002000
2001-06-14	700.0	650.0	737.5	737.5	19000
2001-06-14	700.0	650.0	737.5	737.5	
					0
					0
2001-06-19	725.0	650.0	725.0	650.0	7002000
2001-06-20	700.0	650.0	725.0	650.0	7000
2001-06-21	700.0	700.0	750.0	750.0	4000
2001-06-22	750.0	750.0	837.5	837.5	11000
2001-06-22	750.0	750.0	837.5	837.5	
					0
2001-06-26	862.5	862.5	900.0	900.0	10000
2001-06-27	650.0	650.0	650.0	650.0	3000
2001-06-28	650.0	650.0	650.0	650.0	6000
2001-06-29	600.0	600.0	600.0	600.0	
2001-06-29	600.0	600.0	600.0	600.0	2000
					0
2001-07-03	637.5	637.5	637.5	637.5	1000
2001-07-03	637.5	637.5	637.5	637.5	
					0
					0
					0
					0
2001-07-10	712.5	650.0	712.5	650.0	
2001-07-10	712.5	650.0	712.5	650.0	4001000
					0
					0
					0
					0
2001-07-17	725.0	662.5	725.0	662.5	2000
2001-07-18	700.0	700.0	700.0	700.0	5000000
2001-07-19	712.5	712.5	712.5	712.5	3000000
2001-07-19	712.5	712.5	712.5	712.5	
					0
2001-07-23	650.0	650.0	650.0	650.0	1000
2001-07-24	700.0	700.0	700.0	700.0	6000000
2001-07-24	700.0	700.0	700.0	700.0	
					0
2001-07-26	650.0	650.0	650.0	650.0	1000
2001-07-27	650.0	500.0	650.0	500.0	8000
2001-07-30	550.0	525.0	550.0	525.0	10025000
2001-07-31	525.0	525.0	525.0	525.0	5000
2001-07-31	525.0	525.0	525.0	525.0	
					0
2001-08-02	450.0	450.0	450.0	450.0	2000
2001-08-03	525.0	450.0	575.0	550.0	
2001-08-03	525.0	450.0	575.0	550.0	10025000
					0
2001-08-07	562.5	512.5	562.5	512.5	8001000
2001-08-08	500.0	500.0	500.0	500.0	
2001-08-08	500.0	500.0	500.0	500.0	1000
					0
					0
					0
					0
					0
					0
					0
					0
					0
					0
2001-08-24	462.5	462.5	462.5	462.5	1000
2001-08-27	425.0	425.0	425.0	425.0	2000
2001-08-28	400.0	400.0	400.0	400.0	1000
2001-08-28	400.0	400.0	400.0	400.0	
					0
					0
					0
					0
					0
2001-09-05	412.5	412.5	425.0	425.0	
2001-09-05	412.5	412.5	425.0	425.0	2000
					0
					0
					0
					0
					0
					0
					0
					0
					0
					0
					0
					0
					0
					0
					0
					0
					0
2001-10-01	450.0	450.0	475.0	475.0	5000
2001-10-02	500.0	500.0	500.0	500.0	2000
2001-10-02	500.0	500.0	500.0	500.0	
					0
2001-10-04	512.5	512.5	537.5	537.5	4000
2001-10-05	412.5	412.5	475.0	475.0	3000
2001-10-05	412.5	412.5	475.0	475.0	
					0
					0
					0
					0
2001-10-12	475.0	475.0	512.5	512.5	
2001-10-12	475.0	475.0	512.5	512.5	5000
					0
					0
2001-10-18	512.5	512.5	550.0	550.0	9000
2001-10-19	400.0	400.0	412.5	412.5	
2001-10-19	400.0	400.0	412.5	412.5	30000
					0
					0
					0
					0
					0
2001-10-29	412.5	412.5	550.0	550.0	14000
2001-10-30	412.5	400.0	600.0	600.0	72000
2001-10-31	475.0	462.5	475.0	462.5	2000
2001-11-01	462.5	462.5	462.5	462.5	20000
2001-11-02	487.5	487.5	600.0	600.0	9000
2001-11-02	487.5	487.5	600.0	600.0	
					0
					0
					0
					0
					0
					0
					0
					0
					0
					0
2001-11-19	400.0	400.0	487.5	450.0	12000
2001-11-20	412.5	412.5	425.0	425.0	
2001-11-20	412.5	412.5	425.0	425.0	8000
					0
					0
					0
					0
					0
					0
					0
					0
					0
					0
					0
					0
2001-12-07	312.5	312.5	312.5	312.5	2000
2001-12-10	350.0	325.0	400.0	337.5	14000
2001-12-11	350.0	325.0	400.0	400.0	46000
2001-12-12	425.0	400.0	475.0	462.5	65000
2001-12-13	575.0	387.5	575.0	525.0	54000
2001-12-19	525.0	525.0	575.0	575.0	11000
2001-12-20	575.0	575.0	600.0	600.0	19000
2001-12-21	600.0	600.0	700.0	700.0	
2001-12-21	600.0	600.0	700.0	700.0	25000
					0
2001-12-27	687.5	687.5	712.5	712.5	10000
2001-12-28	687.5	687.5	750.0	750.0	
2001-12-28	687.5	687.5	750.0	750.0	46000
					0
					0
					0
					0
					0
					0
					0
					0
					0
					0
					0
					0
					0
2002-01-21	725.0	725.0	750.0	750.0	4006000
2002-01-21	725.0	725.0	750.0	750.0	
					0
2002-01-23	737.5	737.5	750.0	750.0	2011000
2002-01-24	737.5	737.5	750.0	750.0	4006000
2002-01-24	737.5	737.5	750.0	750.0	
					0
					0
					0
2002-01-30	750.0	750.0	750.0	750.0	10000000
2002-01-31	737.5	737.5	750.0	750.0	
2002-01-31	737.5	737.5	750.0	750.0	5000000
					0
					0
					0
2002-02-06	737.5	737.5	750.0	750.0	10000000
2002-02-07	737.5	737.5	750.0	750.0	4046000
2002-02-08	737.5	737.5	750.0	750.0	6020000
2002-02-08	737.5	737.5	750.0	750.0	
					0
2002-02-13	737.5	737.5	750.0	750.0	8312000
2002-02-14	750.0	750.0	750.0	750.0	8000000
2002-02-14	750.0	750.0	750.0	750.0	
					0
					0
2002-02-19	737.5	737.5	750.0	750.0	8200000
2002-02-20	737.5	525.0	737.5	525.0	8303000
2002-02-21	600.0	600.0	675.0	675.0	12000
2002-02-25	700.0	700.0	725.0	725.0	8200000
2002-02-26	700.0	700.0	737.5	737.5	7065000
2002-02-27	712.5	712.5	725.0	712.5	8018000
2002-02-28	712.5	712.5	725.0	725.0	3000
2002-02-28	712.5	712.5	725.0	725.0	
					0
2002-03-04	700.0	700.0	712.5	700.0	
2002-03-04	700.0	700.0	712.5	700.0	8021000
					0
2002-03-06	687.5	650.0	700.0	700.0	8010000
2002-03-07	650.0	650.0	650.0	650.0	1000
2002-03-08	650.0	650.0	662.5	662.5	4016000
2002-03-11	650.0	650.0	662.5	662.5	8001000
2002-03-12	650.0	650.0	662.5	662.5	8001000
2002-03-13	625.0	625.0	625.0	625.0	1000
2002-03-14	650.0	650.0	662.5	662.5	8001000
2002-03-18	637.5	600.0	650.0	600.0	
2002-03-18	637.5	600.0	650.0	600.0	5002000
					0
2002-03-20	612.5	550.0	637.5	625.0	8036000
2002-03-21	562.5	562.5	612.5	612.5	3000
2002-03-22	600.0	550.0	600.0	600.0	5002000
2002-03-25	575.0	575.0	575.0	575.0	1000
2002-03-26	587.5	562.5	600.0	587.5	3004000
2002-03-27	562.5	562.5	575.0	575.0	2000
2002-03-28	550.0	550.0	737.5	737.5	218000
2002-04-01	712.5	712.5	725.0	725.0	
2002-04-01	712.5	712.5	725.0	725.0	10194000
					0
					0
					0
					0
					0
					0
					0
2002-04-11	687.5	687.5	687.5	687.5	2000
2002-04-12	675.0	675.0	687.5	687.5	13201000
2002-04-15	687.5	687.5	687.5	687.5	8000000
2002-04-16	625.0	625.0	625.0	625.0	8000000
2002-04-16	625.0	625.0	625.0	625.0	
					0
2002-04-18	612.5	612.5	612.5	612.5	4000000
2002-04-18	612.5	612.5	612.5	612.5	
					0
2002-04-22	612.5	612.5	612.5	612.5	8000000
2002-04-23	612.5	612.5	612.5	612.5	8000000
2002-04-24	637.5	637.5	637.5	637.5	4000000
2002-04-25	612.5	612.5	612.5	612.5	1000
2002-04-26	612.5	612.5	612.5	612.5	8001000
2002-04-29	600.0	600.0	600.0	600.0	1000000
2002-04-30	600.0	600.0	600.0	600.0	4000000
2002-05-01	600.0	600.0	600.0	600.0	6000000
2002-05-02	600.0	600.0	600.0	600.0	5500000
2002-05-03	600.0	600.0	600.0	600.0	8000000
2002-05-06	587.5	587.5	587.5	587.5	
2002-05-06	587.5	587.5	587.5	587.5	4000000
					0
2002-05-08	587.5	587.5	587.5	587.5	8000000
2002-05-10	587.5	587.5	587.5	587.5	6000000
2002-05-13	587.5	587.5	587.5	587.5	8000000
2002-05-14	562.5	562.5	562.5	562.5	7100000
2002-05-15	537.5	537.5	537.5	537.5	4000000
2002-05-16	537.5	537.5	537.5	537.5	4000000
2002-05-17	537.5	537.5	537.5	537.5	2000000
2002-05-20	537.5	537.5	537.5	537.5	6000000
2002-05-21	537.5	537.5	537.5	537.5	8000000
2002-05-22	537.5	537.5	537.5	537.5	11000000
2002-05-23	525.0	525.0	525.0	525.0	8000000
2002-05-24	525.0	525.0	525.0	525.0	4000000
2002-05-27	537.5	537.5	537.5	537.5	8000000
2002-05-28	537.5	537.5	537.5	537.5	8000000
2002-05-29	525.0	525.0	525.0	525.0	7500000
2002-05-30	525.0	525.0	525.0	525.0	4000000
2002-05-31	525.0	525.0	525.0	525.0	6500000
2002-06-03	537.5	537.5	537.5	537.5	8000000
2002-06-03	537.5	537.5	537.5	537.5	
					0
					0
2002-06-06	537.5	537.5	537.5	537.5	8000000
2002-06-07	525.0	525.0	525.0	525.0	8000000
2002-06-10	550.0	550.0	575.0	575.0	7000000
2002-06-11	600.0	600.0	600.0	600.0	6000000
2002-06-12	600.0	600.0	600.0	600.0	8000000
2002-06-13	600.0	600.0	600.0	600.0	5900000
2002-06-14	625.0	600.0	625.0	600.0	8000000
2002-06-17	600.0	600.0	600.0	600.0	7500000
2002-06-18	600.0	587.5	600.0	587.5	10100000
2002-06-19	587.5	587.5	587.5	587.5	10400000
2002-06-20	600.0	600.0	600.0	600.0	5500000
2002-06-21	600.0	600.0	600.0	600.0	8000000
2002-06-24	587.5	587.5	587.5	587.5	7200000
2002-06-25	600.0	600.0	600.0	600.0	8000000
2002-06-26	600.0	600.0	600.0	600.0	8000000
2002-06-27	600.0	600.0	600.0	600.0	7700000
2002-06-28	600.0	600.0	600.0	600.0	7700000
2002-07-01	600.0	600.0	600.0	600.0	10200000
2002-07-02	600.0	600.0	600.0	600.0	8000000
2002-07-03	600.0	600.0	600.0	600.0	8000000
2002-07-04	600.0	600.0	600.0	600.0	6500000
2002-07-05	600.0	600.0	600.0	600.0	10000000
2002-07-08	600.0	600.0	600.0	600.0	13700000
2002-07-09	600.0	600.0	600.0	600.0	7400000
2002-07-10	600.0	600.0	600.0	600.0	8283000
2002-07-11	600.0	600.0	600.0	600.0	8000000
2002-07-12	600.0	600.0	600.0	600.0	8000000
2002-07-15	600.0	600.0	600.0	600.0	8000000
2002-07-16	600.0	600.0	600.0	600.0	7850000
2002-07-17	600.0	600.0	600.0	600.0	7000000
2002-07-18	600.0	600.0	600.0	600.0	8150000
2002-07-19	600.0	600.0	600.0	600.0	6100000
2002-07-22	600.0	600.0	600.0	600.0	11700000
2002-07-23	600.0	600.0	600.0	600.0	4800000
2002-07-24	600.0	587.5	600.0	587.5	10100000
2002-07-25	600.0	600.0	600.0	600.0	7500000
2002-07-26	600.0	600.0	600.0	600.0	10000000
2002-07-29	600.0	600.0	600.0	600.0	10900000
2002-07-30	600.0	600.0	600.0	600.0	10900000
2002-07-31	600.0	600.0	600.0	600.0	22200000
2002-08-01	600.0	600.0	600.0	600.0	9700000
2002-08-02	600.0	587.5	600.0	587.5	10800000
2002-08-05	587.5	587.5	587.5	587.5	8400000
2002-08-06	600.0	600.0	600.0	600.0	20500000
2002-08-07	600.0	600.0	600.0	600.0	9000000
2002-08-08	587.5	587.5	587.5	587.5	18300000
2002-08-09	600.0	587.5	600.0	587.5	25300000
2002-08-12	600.0	575.0	625.0	625.0	21687000
2002-08-13	625.0	625.0	625.0	625.0	2000000
2002-08-14	625.0	625.0	625.0	625.0	28500000
2002-08-15	625.0	587.5	625.0	587.5	16302000
2002-08-16	600.0	600.0	612.5	612.5	23300000
2002-08-19	587.5	587.5	587.5	587.5	6771000
2002-08-20	612.5	612.5	625.0	625.0	15716000
2002-08-21	587.5	587.5	625.0	625.0	17020000
2002-08-22	612.5	600.0	650.0	600.0	20018000
2002-08-23	587.5	587.5	600.0	587.5	9812000
2002-08-26	575.0	575.0	625.0	625.0	2523000
2002-08-27	587.5	587.5	587.5	587.5	
2002-08-27	587.5	587.5	587.5	587.5	2000
					0
					0
					0
					0
					0
					0
					0
					0
					0
					0
					0
					0
					0
					0
					0
					0
					0
					0
					0
					0
					0
					0
					0
					0
					0
					0
					0
					0
					0
					0
					0
					0
					0
					0
					0
					0
					0
					0
					0
					0
					0
					0
					0
					0
					0
					0
					0
					0
					0
					0
					0
					0
					0
					0
					0
					0
					0
					0
					0
					0
					0
					0
					0
					0
					0
					0
					0
					0
					0
					0
					0
					0
					0
					0
					0
					0
					0
					0
					0
					0
					0
					0
					0
					0
					0
					0
					0
					0
					0
					0
					0
					0
					0
					0
					0
					0
					0
					0
					0
					0
					0
					0
					0
					0
					0
					0
					0
					0
					0
					0
					0
					0
					0
					0
					0
					0
					0
					0
					0
					0
					0
					0
					0
					0
					0
					0
					0
					0
					0
					0
					0
					0
					0
					0
					0
					0
					0
					0
					0
					0
					0
					0
					0
					0
					0
					0
					0
					0
					0
					0
					0
					0
					0
					0
					0
					0
					0
					0
					0
					0
					0
					0
					0
					0
					0
					0
					0
					0
					0
					0
					0
					0
					0
					0
					0
					0
					0
					0
					0
					0
					0
					0
					0
					0
					0
					0
					0
					0
					0
					0
					0
					0
					0
					0
					0
					0
					0
					0
					0
					0
					0
					0
					0
					0
					0
					0
					0
					0
					0
					0
					0
					0
					0
					0
					0
					0
					0
					0
					0
					0
					0
					0
					0
					0
					0
					0
					0
					0
					0
					0
					0
					0
					0
					0
					0
					0
					0
					0
					0
					0
					0
					0
					0
					0
					0
					0
					0
					0
					0
					0
					0
					0
					0
					0
					0
					0
					0
					0
					0
					0
					0
					0
					0
					0
					0
					0
					0
					0
					0
					0
					0
					0
					0
					0
					0
					0
					0
					0
					0
					0
					0
					0
					0
					0
					0
					0
					0
					0
					0
					0
					0
					0
					0
					0
					0
					0
					0
					0
					0
					0
					0
					0
					0
					0
					0
					0
					0
					0
					0
					0
					0
					0
					0
					0
					0
					0
					0
					0
					0
					0
					0
					0
					0
					0
					0
					0
					0
					0
					0
					0
					0
					0
					0
					0
					0
					0
					0
					0
					0
					0
					0
					0
					0
					0
					0
					0
					0
					0
					0
					0
					0
					0
					0
					0
					0
					0
					0
					0
					0
					0
					0
					0
					0
					0
					0
					0
					0
					0
					0
					0
					0
					0
					0
					0
					0
					0
					0
					0
					0
					0
					0
					0
					0
					0
					0
					0
					0
					0
					0
					0
					0
					0
					0
					0
					0
					0
					0
					0
					0
					0
					0
					0
					0
					0
					0
					0
					0
					0
					0
					0
					0
					0
					0
					0
					0
					0
					0
					0
					0
					0
					0
					0
					0
					0
					0
					0
					0
					0
					0
					0
					0
					0
					0
					0
					0
					0
					0
					0
					0
					0
					0
					0
					0
					0
					0
					0
					0
					0
					0
					0
					0
					0
					0
					0
					0
					0
					0
					0
					0
					0
					0
					0
					0
					0
					0
					0
					0
					0
					0
					0
					0
					0
					0
					0
					0
					0
					0
					0
					0
					0
					0
					0
					0
					0
					0
					0
					0
					0
					0
					0
					0
					0
					0
					0
					0
					0
					0
					0
					0
					0
					0
					0
					0
					0
					0
					0
					0
					0
					0
					0
					0
					0
					0
					0
					0
					0
					0
					0
					0
					0
					0
					0
					0
					0
					0
					0
					0
					0
					0
					0
					0
					0
					0
					0
					0
					0
					0
					0
					0
					0
					0
					0
					0
					0
					0
					0
					0
					0
					0
					0
					0
					0
					0
					0
					0
					0
					0
					0
					0
					0
					0
					0
					0
					0
					0
					0
					0
					0
					0
					0
					0
					0
					0
					0
					0
					0
					0
					0
					0
					0
					0
					0
					0
					0
					0
					0
					0
					0
					0
					0
					0
					0
					0
					0
					0
					0
					0
					0
					0
					0
					0
					0
					0
					0
					0
					0
					0
					0
					0
					0
					0
					0
					0
					0
					0
					0
					0
					0
					0
					0
					0
					0
					0
					0
					0
					0
					0
					0
					0
					0
					0
					0
					0
					0
					0
					0
					0
					0
					0
					0
					0
					0
					0
					0
					0
					0
					0
					0
					0
					0
					0
					0
					0
					0
					0
					0
					0
					0
					0
					0
					0
					0
					0
					0
					0
					0
					0
					0
2005-06-07	575.0	575.0	575.0	575.0	
2005-06-07	575.0	575.0	575.0	575.0	1000
					0
					0
					0
					0
					0
					0
					0
					0
					0
					0
					0
					0
					0
					0
					0
					0
					0
					0
					0
					0
					0
					0
					0
					0
					0
					0
					0
					0
					0
					0
					0
					0
					0
					0
					0
					0
					0
					0
					0
					0
					0
					0
					0
					0
					0
					0
					0
					0
					0
					0
					0
					0
					0
					0
					0
					0
					0
					0
					0
					0
					0
					0
					0
					0
					0
					0
					0
					0
					0
					0
					0
					0
					0
					0
					0
					0
					0
					0
					0
					0
					0
					0
					0
					0
					0
					0
					0
					0
					0
					0
					0
					0
					0
					0
					0
					0
					0
					0
					0
					0
					0
					0
					0
					0
					0
					0
					0
					0
					0
					0
					0
					0
					0
					0
					0
					0
					0
					0
					0
					0
					0
					0
					0
					0
					0
					0
					0
					0
					0
					0
					0
					0
					0
					0
					0
					0
					0
					0
					0
					0
					0
					0
					0
					0
					0
					0
					0
					0
					0
					0
					0
					0
					0
					0
					0
					0
					0
					0
					0
					0
					0
					0
					0
					0
					0
					0
					0
					0
					0
					0
					0
					0
					0
					0
					0
					0
					0
					0
					0
					0
					0
					0
					0
					0
					0
					0
					0
					0
					0
					0
					0
					0
					0
					0
					0
					0
					0
					0
					0
					0
					0
					0
					0
					0
					0
					0
					0
					0
					0
					0
					0
					0
					0
					0
					0
					0
					0
					0
					0
					0
					0
					0
					0
					0
					0
					0
					0
					0
					0
					0
					0
					0
					0
					0
					0
					0
					0
					0
					0
					0
					0
					0
					0
					0
					0
					0
					0
					0
					0
					0
					0
					0
					0
					0
					0
					0
					0
					0
					0
					0
					0
					0
					0
					0
					0
					0
					0
					0
					0
					0
					0
					0
					0
					0
					0
					0
					0
					0
					0
					0
					0
					0
					0
					0
					0
					0
					0
					0
					0
					0
					0
					0
					0
					0
					0
					0
					0
					0
					0
					0
					0
					0
					0
					0
					0
					0
					0
					0
					0
					0
					0
					0
					0
					0
					0
					0
					0
					0
					0
					0
					0
					0
					0
					0
					0
					0
					0
					0
					0
					0
					0
					0
					0
					0
					0
					0
					0
					0
					0
					0
					0
					0
					0
					0
					0
					0
					0
					0
					0
					0
					0
					0
					0
					0
					0
					0
					0
					0
					0
					0
					0
					0
					0
					0
					0
					0
					0
					0
					0
					0
					0
					0
					0
					0
					0
					0
					0
					0
					0
					0
					0
					0
					0
					0
					0
					0
					0
					0
					0
					0
					0
					0
					0
					0
					0
					0
					0
					0
					0
					0
					0
					0
					0
					0
2007-02-02	450.0	450.0	450.0	450.0	
2007-02-02	450.0	450.0	450.0	450.0	1000
					0
					0
					0
					0
					0
					0
					0
					0
					0
					0
					0
					0
					0
					0
					0
					0
					0
					0
					0
					0
					0
					0
					0
					0
					0
					0
					0
					0
					0
					0
					0
					0
					0
					0
					0
					0
					0
					0
					0
					0
					0
					0
					0
					0
					0
					0
					0
					0
					0
					0
					0
					0
					0
					0
					0
					0
					0
					0
					0
					0
					0
					0
					0
					0
					0
					0
					0
					0
					0
					0
					0
					0
					0
					0
					0
					0
					0
					0
					0
					0
					0
					0
					0
					0
					0
					0
					0
					0
					0
					0
					0
					0
					0
					0
					0
					0
					0
					0
					0
					0
					0
					0
					0
					0
					0
					0
					0
					0
					0
					0
					0
					0
					0
					0
					0
					0
					0
					0
					0
					0
					0
					0
					0
					0
					0
					0
					0
					0
					0
					0
					0
					0
					0
					0
					0
					0
					0
					0
					0
					0
					0
					0
					0
					0
					0
					0
					0
					0
					0
					0
					0
					0
					0
					0
					0
					0
					0
					0
					0
					0
					0
					0
					0
					0
					0
					0
					0
					0
					0
					0
					0
					0
					0
					0
					0
					0
					0
					0
					0
					0
					0
					0
					0
					0
					0
					0
					0
					0
					0
2007-11-08	450.0	450.0	450.0	450.0	1000
2007-11-08	450.0	450.0	450.0	450.0	
					0
					0
					0
					0
					0
					0
					0
					0
					0
					0
					0
					0
					0
					0
					0
					0
					0
					0
					0
					0
					0
					0
					0
					0
					0
					0
					0
					0
					0
					0
					0
					0
					0
					0
					0
					0
					0
					0
					0
					0
					0
					0
					0
					0
					0
					0
					0
					0
					0
					0
					0
					0
					0
					0
					0
					0
					0
					0
					0
					0
					0
					0
					0
					0
					0
					0
					0
					0
					0
					0
					0
					0
					0
					0
					0
					0
					0
					0
					0
					0
					0
					0
					0
					0
					0
					0
					0
					0
					0
					0
					0
					0
					0
					0
					0
					0
					0
					0
					0
					0
					0
					0
					0
					0
					0
					0
					0
					0
					0
					0
					0
					0
					0
					0
					0
					0
					0
					0
					0
					0
					0
					0
					0
					0
					0
					0
					0
					0
					0
					0
					0
					0
					0
					0
					0
					0
					0
					0
					0
					0
					0
					0
					0
					0
					0
					0
					0
					0
					0
					0
					0
					0
					0
					0
					0
					0
					0
					0
					0
					0
					0
					0
					0
					0
					0
					0
					0
					0
					0
					0
					0
					0
					0
					0
					0
					0
					0
					0
					0
					0
					0
					0
					0
					0
					0
					0
					0
					0
					0
					0
					0
					0
					0
					0
					0
					0
					0
					0
					0
					0
					0
					0
					0
					0
					0
					0
					0
					0
					0
					0
					0
					0
					0
					0
					0
					0
					0
					0
					0
					0
					0
					0
					0
					0
					0
					0
					0
					0
					0
					0
					0
					0
					0
					0
					0
					0
					0
					0
					0
					0
					0
					0
					0
					0
					0
					0
					0
					0
					0
					0
					0
					0
					0
					0
					0
					0
					0
					0
					0
					0
					0
					0
					0
					0
					0
					0
					0
					0
					0
					0
					0
					0
					0
					0
					0
					0
					0
					0
					0
					0
					0
					0
					0
					0
					0
					0
					0
					0
					0
					0
					0
					0
					0
					0
					0
					0
					0
					0
					0
					0
					0
					0
					0
					0
					0
					0
					0
					0
					0
					0
					0
					0
					0
					0
					0
					0
					0
					0
					0
					0
					0
					0
					0
					0
					0
					0
					0
					0
					0
					0
					0
					0
					0
					0
					0
					0
					0
					0
					0
					0
					0
					0
					0
					0
					0
					0
					0
					0
					0
					0
					0
					0
					0
					0
					0
					0
					0
					0
					0
					0
					0
					0
					0
					0
					0
					0
					0
					0
					0
					0
					0
					0
					0
					0
					0
					0
					0
					0
					0
					0
					0
					0
					0
					0
					0
					0
					0
					0
					0
					0
					0
					0
					0
					0
					0
					0
					0
					0
					0
					0
					0
					0
					0
					0
					0
					0
					0
					0
					0
					0
					0
					0
					0
					0
					0
					0
					0
					0
					0
					0
					0
					0
					0
					0
					0
					0
					0
					0
					0
					0
					0
					0
					0
					0
					0
					0
					0
					0
					0
					0
					0
					0
					0
					0
					0
					0
					0
					0
					0
					0
					0
					0
					0
					0
					0
					0
					0
					0
					0
					0
					0
					0
					0
					0
					0
					0
					0
					0
					0
					0
					0
					0
					0
					0
					0
					0
					0
					0
					0
					0
					0
					0
					0
					0
					0
					0
					0
					0
					0
					0
					0
					0
					0
					0
					0
					0
					0
					0
					0
					0
					0
					0
					0
					0
					0
					0
					0
					0
					0
					0
					0
					0
					0
					0
					0
					0
					0
					0
					0
					0
					0
					0
					0
					0
					0
					0
					0
					0
					0
					0
					0
					0
					0
					0
					0
					0
					0
					0
					0
					0
					0
					0
					0
					0
					0
					0
					0
					0
					0
					0
					0
					0
					0
					0
					0
					0
					0
					0
					0
					0
					0
					0
					0
					0
					0
					0
					0
					0
					0
					0
					0
					0
					0
					0
					0
					0
					0
					0
					0
					0
					0
					0
					0
					0
					0
					0
					0
					0
					0
					0
					0
					0
					0
					0
					0
					0
					0
					0
					0
					0
					0
					0
					0
					0
					0
					0
					0
					0
					0
					0
					0
					0
					0
					0
					0
					0
					0
					0
					0
					0
					0
					0
					0
					0
					0
					0
					0
					0
					0
					0
					0
					0
					0
					0
					0
					0
					0
					0
					0
					0
					0
					0
					0
					0
					0
					0
					0
					0
					0
					0
					0
					0
					0
					0
					0
					0
					0
					0
					0
					0
					0
					0
					0
					0
					0
					0
					0
					0
					0
					0
					0
					0
					0
					0
					0
					0
					0
					0
					0
					0
					0
					0
					0
					0
					0
					0
					0
					0
					0
					0
					0
					0
					0
					0
					0
					0
					0
					0
					0
					0
					0
					0
					0
					0
					0
					0
					0
					0
					0
					0
					0
					0
					0
					0
					0
					0
					0
					0
					0
					0
					0
					0
					0
					0
					0
					0
					0
					0
					0
					0
					0
					0
					0
					0
					0
					0
					0
					0
					0
					0
					0
					0
					0
					0
					0
					0
					0
					0
					0
					0
					0
					0
					0
					0
					0
					0
					0
					0
					0
					0
					0
					0
					0
					0
					0
					0
					0
					0
					0
					0
					0
					0
					0
					0
					0
					0
					0
					0
					0
					0
					0
					0
					0
					0
					0
					0
					0
					0
					0
					0
					0
					0
					0
					0
					0
					0
					0
					0
					0
					0
					0
					0
					0
					0
					0
					0
					0
					0
					0
					0
					0
					0
					0
					0
					0
					0
					0
					0
					0
					0
					0
					0
					0
					0
					0
					0
					0
					0
					0
					0
					0
					0
					0
					0
					0
					0
					0
					0
					0
					0
					0
					0
					0
					0
					0
					0
					0
					0
					0
					0
					0
					0
					0
					0
					0
					0
					0
					0
					0
					0
					0
					0
					0
					0
					0
					0
					0
					0
					0
					0
					0
					0
					0
					0
					0
					0
					0
					0
					0
					0
					0
					0
					0
					0
					0
					0
					0
					0
					0
					0
					0
					0
					0
					0
					0
					0
					0
					0
					0
					0
					0
					0
					0
					0
					0
					0
					0
					0
					0
					0
					0
					0
					0
					0
					0
					0
					0
					0
					0
					0
					0
					0
					0
					0
					0
					0
					0
					0
					0
					0
					0
					0
					0
					0
					0
					0
					0
					0
					0
					0
					0
					0
					0
					0
					0
					0
					0
					0
					0
					0
					0
					0
					0
					0
					0
					0
					0
					0
					0
					0
					0
					0
					0
					0
					0
					0
					0
					0
					0
					0
					0
					0
					0
					0
					0
					0
					0
					0
					0
					0
					0
					0
					0
					0
					0
					0
					0
					0
					0
					0
					0
					0
					0
					0
					0
					0
					0
					0
					0
					0
					0
					0
					0
					0
					0
					0
					0
					0
					0
					0
					0
					0
					0
					0
					0
					0
					0
					0
					0
					0
					0
					0
					0
					0
					0
					0
					0
					0
					0
					0
					0
					0
					0
					0
					0
					0
					0
					0
					0
					0
					0
					0
					0
					0
					0
					0
					0
					0
					0
					0
					0
					0
					0
					0
					0
					0
					0
					0
					0
					0
					0
2012-03-20	450.0	450.0	450.0	450.0	1000
2012-03-20	450.0	450.0	450.0	450.0	
					0
					0
					0
					0
					0
					0
					0
					0
					0
					0
					0
					0
					0
					0
					0
					0
					0
					0
					0
					0
					0
					0
					0
					0
					0
					0
					0
					0
					0
					0
					0
					0
					0
					0
					0
					0
					0
					0
					0
					0
					0
					0
					0
					0
					0
					0
					0
					0
					0
					0
					0
					0
					0
					0
					0
					0
					0
					0
					0
					0
					0
					0
					0
					0
					0
					0
					0
					0
					0
					0
					0
					0
					0
					0
					0
					0
					0
					0
					0
					0
					0
					0
					0
					0
					0
					0
					0
					0
					0
					0
					0
					0
					0
					0
					0
					0
					0
					0
					0
					0
					0
					0
					0
					0
					0
					0
					0
					0
					0
					0
					0
					0
					0
					0
					0
					0
					0
					0
					0
					0
					0
					0
					0
					0
					0
					0
					0
					0
					0
					0
					0
					0
					0
					0
					0
					0
					0
					0
					0
					0
					0
					0
					0
					0
					0
					0
					0
					0
					0
					0
					0
					0
					0
					0
					0
					0
					0
					0
					0
					0
					0
					0
					0
					0
					0
					0
					0
					0
					0
					0
					0
					0
					0
					0
					0
					0
					0
					0
					0
					0
					0
					0
					0
					0
					0
					0
					0
					0
					0
					0
					0
					0
					0
					0
					0
					0
					0
					0
					0
					0
					0
					0
					0
					0
					0
					0
					0
					0
					0
					0
					0
					0
					0
					0
					0
					0
					0
					0
					0
					0
					0
					0
					0
					0
					0
					0
					0
					0
					0
					0
					0
					0
					0
					0
					0
					0
					0
					0
					0
					0
					0
					0
					0
					0
					0
					0
					0
					0
					0
					0
					0
					0
					0
					0
					0
					0
					0
					0
					0
					0
					0
					0
					0
					0
					0
					0
					0
					0
					0
					0
					0
					0
					0
					0
					0
					0
					0
					0
					0
					0
					0
					0
					0
					0
					0
					0
					0
					0
					0
					0
					0
					0
					0
					0
					0
					0
					0
					0
					0
					0
					0
					0
					0
					0
					0
					0
					0
					0
					0
					0
					0
					0
					0
					0
					0
					0
					0
					0
					0
					0
					0
					0
					0
					0
					0
					0
					0
					0
					0
					0
					0
					0
					0
					0
					0
					0
					0
					0
					0
					0
					0
					0
					0
					0
					0
					0
					0
					0
					0
					0
					0
					0
					0
					0
					0
					0
					0
					0
					0
					0
					0
					0
					0
					0
					0
					0
2013-09-19	400.0	400.0	400.0	400.0	10000
2013-09-19	400.0	400.0	400.0	400.0	
					0
					0
					0
					0
					0
					0
					0
					0
					0
					0
					0
					0
					0
					0
					0
					0
					0
					0
					0
					0
					0
					0
					0
					0
					0
					0
					0
					0
					0
					0
					0
					0
					0
					0
					0
					0
					0
					0
					0
					0
					0
					0
					0
					0
					0
					0
					0
					0
					0
					0
					0
					0
					0
					0
					0
					0
					0
					0
					0
					0
					0
					0
					0
2013-12-23	350.0	350.0	350.0	350.0	10000
2013-12-23	350.0	350.0	350.0	350.0	
					0
					0
					0
					0
					0
					0
					0
					0
					0
					0
					0
					0
					0
					0
					0
					0
					0
					0
					0
					0
					0
					0
					0
					0
					0
					0
					0
					0
					0
					0
					0
					0
					0
					0
					0
					0
					0
					0
					0
					0
					0
					0
					0
					0
					0
					0
					0
					0
					0
					0
					0
					0
					0
					0
					0
					0
					0
					0
					0
					0
					0
					0
					0
					0
					0
					0
					0
					0
					0
					0
					0
					0
					0
					0
					0
					0
					0
					0
					0
					0
					0
					0
					0
					0
					0
					0
					0
					0
					0
					0
					0
					0
					0
					0
					0
					0
					0
					0
					0
					0
					0
					0
					0
					0
					0
					0
					0
					0
					0
					0
					0
					0
					0
					0
					0
					0
					0
					0
					0
					0
					0
					0
					0
					0
					0
					0
					0
					0
					0
					0
					0
					0
					0
					0
					0
					0
					0
					0
					0
					0
					0
					0
					0
					0
					0
					0
					0
					0
					0
					0
					0
					0
					0
					0
					0
					0
					0
					0
					0
					0
					0
					0
					0
					0
					0
					0
					0
					0
					0
					0
					0
					0
					0
					0
					0
					0
					0
					0
					0
					0
					0
					0
					0
					0
					0
					0
					0
					0
					0
					0
					0
					0
					0
					0
					0
					0
					0
					0
					0
					0
					0
					0
					0
					0
					0
					0
					0
					0
					0
					0
					0
					0
					0
					0
					0
					0
					0
					0
					0
					0
					0
					0
					0
					0
					0
					0
					0
					0
					0
					0
					0
					0
					0
					0
					0
					0
					0
					0
					0
					0
					0
					0
					0
					0
					0
					0
					0
					0
					0
					0
					0
					0
					0
					0
					0
					0
					0
					0
					0
					0
					0
					0
					0
					0
					0
					0
					0
					0
					0
					0
					0
					0
					0
					0
					0
					0
					0
					0
					0
					0
					0
					0
					0
					0
					0
					0
					0
					0
					0
					0
					0
					0
					0
					0
					0
					0
					0
					0
					0
					0
					0
					0
					0
					0
					0
					0
					0
					0
					0
					0
					0
					0
					0
					0
					0
					0
					0
					0
					0
					0
					0
					0
					0
					0
					0
					0
					0
					0
					0
					0
					0
					0
					0
					0
					0
					0
					0
					0
					0
					0
					0
					0
					0
					0
					0
					0
					0
					0
					0
					0
					0
					0
					0
					0
					0
					0
					0
					0
					0
					0
					0
					0
					0
2015-06-24	335.0	335.0	335.0	335.0	
2015-06-24	335.0	335.0	335.0	335.0	1000
					0
					0
					0
					0
					0
					0
					0
					0
					0
					0
					0
					0
					0
					0
					0
					0
					0
2015-07-23	325.0	310.0	325.0	310.0	
2015-07-23	325.0	310.0	325.0	310.0	1200
					0
					0
					0
					0
					0
					0
					0
					0
					0
					0
					0
					0
					0
					0
					0
					0
					0
					0
					0
					0
					0
					0
					0
					0
					0
					0
					0
					0
					0
					0
					0
					0
					0
					0
					0
					0
					0
					0
					0
					0
					0
2015-09-22	280.0	280.0	280.0	280.0	
2015-09-22	280.0	280.0	280.0	280.0	4000
					0
					0
					0
					0
					0
					0
					0
					0
					0
					0
					0
					0
					0
					0
					0
					0
					0
					0
					0
					0
					0
					0
					0
					0
					0
					0
					0
					0
					0
2015-11-05	252.5	252.5	252.5	252.5	2000
2015-11-06	237.5	227.5	237.5	227.5	800
2015-11-06	237.5	227.5	237.5	227.5	
					0
					0
					0
					0
					0
					0
2015-11-17	220.0	220.0	220.0	220.0	200
2015-11-18	210.0	210.0	210.0	210.0	200
2015-11-18	210.0	210.0	210.0	210.0	
					0
					0
2015-11-23	200.0	190.0	200.0	190.0	2000
2015-11-23	200.0	190.0	200.0	190.0	
					0
					0
					0
					0
					0
					0
					0
					0
2015-12-04	180.0	180.0	180.0	180.0	200
2015-12-04	180.0	180.0	180.0	180.0	
					0
					0
					0
					0
					0
					0
					0
					0
2015-12-18	175.0	175.0	175.0	175.0	
2015-12-18	175.0	175.0	175.0	175.0	24000
					0
					0
					0
					0
					0
					0
					0
					0
					0
					0
					0
					0
					0
					0
					0
					0
					0
					0
					0
					0
					0
					0
					0
					0
					0
					0
2016-02-01	165.0	157.5	210.0	210.0	
2016-02-01	165.0	157.5	210.0	210.0	10200
					0
2016-02-03	189.0	189.0	189.0	189.0	3200
2016-02-04	232.5	198.0	232.5	215.0	600
2016-02-05	250.0	240.0	250.0	240.0	400
2016-02-09	250.0	216.0	300.0	290.0	2400
2016-02-10	262.5	262.5	262.5	262.5	2800
2016-02-11	295.0	236.5	295.0	236.5	1000
2016-02-12	225.0	225.0	225.0	225.0	400
2016-02-15	207.5	207.5	207.5	207.5	400
2016-02-16	192.5	192.5	192.5	192.5	400
2016-02-17	191.5	177.5	191.5	177.5	25600
2016-02-18	177.5	177.5	177.5	177.5	5000
2016-02-18	177.5	177.5	177.5	177.5	
					0
					0
					0
					0
					0
					0
					0
					0
					0
					0
					0
					0
					0
					0
					0
					0
					0
					0
					0
					0
					0
					0
					0
					0
					0
					0
					0
					0
2016-04-01	175.0	175.0	175.0	175.0	1000
2016-04-04	175.0	175.0	175.0	175.0	200
2016-04-05	167.5	167.5	167.5	167.5	
2016-04-05	167.5	167.5	167.5	167.5	1000
					0
					0
2016-04-08	172.5	172.5	172.5	172.5	
2016-04-08	172.5	172.5	172.5	172.5	200
					0
					0
2016-04-13	157.5	155.5	157.5	155.5	3000
2016-04-13	157.5	155.5	157.5	155.5	
					0
					0
					0
					0
2016-04-20	162.5	162.5	162.5	162.5	400
2016-04-20	162.5	162.5	162.5	162.5	
					0
					0
					0
					0
					0
					0
					0
					0
					0
					0
					0
					0
					0
					0
					0
					0
					0
					0
					0
					0
					0
					0
					0
					0
					0
					0
2016-05-31	176.0	176.0	176.0	176.0	
2016-05-31	176.0	176.0	176.0	176.0	200
					0
					0
					0
					0
					0
					0
					0
					0
					0
					0
					0
					0
					0
					0
					0
					0
					0
2016-06-24	176.0	176.0	176.0	176.0	200
2016-06-27	176.0	176.0	176.0	176.0	363200
2016-06-27	176.0	176.0	176.0	176.0	
					0
					0
					0
					0
					0
					0
2016-07-13	176.0	176.0	176.0	176.0	
2016-07-13	176.0	176.0	176.0	176.0	14000
					0
					0
					0
					0
					0
					0
					0
					0
					0
					0
					0
2016-07-29	180.0	180.0	180.0	180.0	
2016-07-29	180.0	180.0	180.0	180.0	200
					0
					0
					0
					0
					0
					0
					0
					0
2016-08-11	180.0	180.0	180.0	180.0	
2016-08-11	180.0	180.0	180.0	180.0	4000
					0
					0
					0
					0
					0
					0
					0
2016-08-24	185.0	185.0	185.0	185.0	1200
2016-08-25	185.0	185.0	185.0	185.0	200
2016-08-25	185.0	185.0	185.0	185.0	
					0
2016-08-29	195.0	195.0	195.0	195.0	
2016-08-29	195.0	195.0	195.0	195.0	1600
					0
					0
					0
					0
					0
					0
					0
2016-09-08	204.0	204.0	204.0	204.0	
2016-09-08	204.0	204.0	204.0	204.0	100
					0
					0
					0
2016-09-15	208.0	208.0	208.0	208.0	400
2016-09-15	208.0	208.0	208.0	208.0	
					0
2016-09-19	208.0	208.0	208.0	208.0	100
2016-09-20	190.0	190.0	190.0	190.0	100
2016-09-21	180.0	180.0	180.0	180.0	100
2016-09-22	170.0	165.0	170.0	165.0	
2016-09-22	170.0	165.0	170.0	165.0	1300
					0
					0
					0
					0
					0
					0
					0
					0
					0
					0
					0
					0
					0
					0
2016-10-13	177.0	177.0	177.0	177.0	
2016-10-13	177.0	177.0	177.0	177.0	100
					0
					0
					0
					0
					0
2016-10-21	179.0	179.0	179.0	179.0	
2016-10-21	179.0	179.0	179.0	179.0	2100
					0
2016-10-25	179.0	179.0	179.0	179.0	1800
2016-10-25	179.0	179.0	179.0	179.0	
					0
2016-10-27	175.0	175.0	175.0	175.0	200
2016-10-28	158.0	158.0	158.0	158.0	2800
2016-10-31	148.0	148.0	148.0	148.0	1000
2016-10-31	148.0	148.0	148.0	148.0	
					0
					0
					0
					0
					0
					0
2016-11-09	134.0	134.0	134.0	134.0	
2016-11-09	134.0	134.0	134.0	134.0	100
					0
					0
2016-11-14	125.0	125.0	125.0	125.0	
2016-11-14	125.0	125.0	125.0	125.0	200
					0
					0
2016-11-17	125.0	115.0	160.0	160.0	30100
2016-11-17	125.0	115.0	160.0	160.0	
					0
2016-11-21	160.0	160.0	160.0	160.0	100
2016-11-22	168.0	168.0	168.0	168.0	100
2016-11-23	168.0	168.0	168.0	168.0	100
2016-11-24	168.0	152.0	168.0	152.0	32100
2016-11-25	138.0	137.0	168.0	165.0	26500
2016-11-28	171.0	151.0	172.0	170.0	57300
2016-11-29	226.0	200.0	226.0	200.0	6400
2016-11-30	220.0	200.0	220.0	200.0	1100
2016-12-01	200.0	192.0	200.0	198.0	300
2016-12-02	187.0	187.0	187.0	187.0	1100
2016-12-05	197.0	186.0	198.0	186.0	500
2016-12-06	186.0	186.0	186.0	186.0	200
2016-12-07	186.0	186.0	186.0	186.0	300
2016-12-08	196.0	196.0	196.0	196.0	100
2016-12-09	196.0	196.0	196.0	196.0	100
2016-12-09	196.0	196.0	196.0	196.0	
					0
					0
2016-12-15	194.0	194.0	194.0	194.0	100
2016-12-16	194.0	175.0	194.0	194.0	1300
2016-12-19	194.0	194.0	194.0	194.0	100
2016-12-20	175.0	175.0	175.0	175.0	200
2016-12-21	175.0	175.0	199.0	175.0	1500
2016-12-22	200.0	190.0	200.0	190.0	
2016-12-22	200.0	190.0	200.0	190.0	200
					0
					0
2016-12-28	190.0	190.0	190.0	190.0	100
2016-12-29	200.0	195.0	200.0	195.0	
2016-12-29	200.0	195.0	200.0	195.0	200
					0
					0
					0
					0
					0
2017-01-09	190.0	190.0	190.0	190.0	2500
2017-01-10	190.0	190.0	190.0	190.0	100
2017-01-11	190.0	190.0	190.0	190.0	
2017-01-11	190.0	190.0	190.0	190.0	100
					0
2017-01-13	190.0	190.0	190.0	190.0	
2017-01-13	190.0	190.0	190.0	190.0	100
					0
2017-01-17	190.0	190.0	190.0	190.0	100
2017-01-18	190.0	190.0	190.0	190.0	
2017-01-18	190.0	190.0	190.0	190.0	100
					0
2017-01-20	194.0	194.0	194.0	194.0	
2017-01-20	194.0	194.0	194.0	194.0	100
					0
2017-01-24	200.0	200.0	200.0	200.0	100
2017-01-25	198.0	198.0	198.0	198.0	400
2017-01-26	198.0	198.0	198.0	198.0	100
2017-01-27	200.0	200.0	200.0	200.0	100
2017-01-27	200.0	200.0	200.0	200.0	
					0
					0
2017-02-01	198.0	180.0	198.0	180.0	8600
2017-02-02	190.0	121.0	190.0	121.0	226600
2017-02-03	161.0	116.0	161.0	117.0	429900
2017-02-06	125.0	118.0	125.0	118.0	55900
2017-02-07	118.0	108.0	118.0	116.0	303000
2017-02-08	108.0	107.0	108.0	108.0	66300
2017-02-09	118.0	115.0	118.0	116.0	10400
2017-02-10	125.0	117.0	125.0	117.0	36200
2017-02-13	107.0	103.0	115.0	108.0	155700
2017-02-14	125.0	117.0	125.0	117.0	400
2017-02-16	112.0	108.0	116.0	114.0	66100
2017-02-17	123.0	123.0	123.0	123.0	100
2017-02-20	113.0	113.0	120.0	120.0	5600
2017-02-20	113.0	113.0	120.0	120.0	
					0
2017-02-22	120.0	120.0	120.0	120.0	100
2017-02-23	111.0	111.0	111.0	111.0	200
2017-02-24	121.0	117.0	121.0	118.0	60200
2017-02-24	121.0	117.0	121.0	118.0	
					0
					0
					0
					0
2017-03-03	113.0	113.0	113.0	113.0	100
2017-03-06	108.0	108.0	108.0	108.0	28500
2017-03-07	108.0	107.0	109.0	109.0	9300
2017-03-08	109.0	96.0	109.0	102.0	82500
2017-03-09	102.0	102.0	114.0	114.0	19500
2017-03-09	102.0	102.0	114.0	114.0	
					0
2017-03-13	112.0	112.0	112.0	112.0	1000
2017-03-14	110.0	110.0	110.0	110.0	100
2017-03-15	117.0	112.0	117.0	112.0	21100
2017-03-16	110.0	110.0	116.0	112.0	2100
2017-03-17	112.0	108.0	113.0	108.0	32400
2017-03-20	109.0	109.0	115.0	115.0	1100
2017-03-21	113.0	108.0	114.0	108.0	2700
2017-03-22	114.0	107.0	114.0	107.0	8300
2017-03-23	111.0	107.0	111.0	107.0	300
2017-03-24	108.0	101.0	108.0	105.0	4500
2017-03-27	101.0	101.0	105.0	101.0	12900
2017-03-29	102.0	101.0	105.0	105.0	31800
2017-03-30	124.0	101.0	124.0	101.0	11600
2017-03-31	103.0	103.0	106.0	105.0	1600
2017-04-03	100.0	100.0	105.0	102.0	30100
2017-04-04	121.0	103.0	121.0	103.0	20500
2017-04-05	106.0	103.0	121.0	103.0	16400
2017-04-06	103.0	103.0	103.0	103.0	400
2017-04-07	104.0	104.0	105.0	105.0	9400
2017-04-10	105.0	105.0	105.0	105.0	800
2017-04-11	105.0	105.0	105.0	105.0	31300
2017-04-12	115.0	104.0	115.0	105.0	1700
2017-04-13	100.0	100.0	103.0	103.0	10100
2017-04-17	104.0	104.0	105.0	105.0	700
2017-04-17	104.0	104.0	105.0	105.0	
					0
2017-04-20	105.0	103.0	105.0	103.0	11600
2017-04-21	101.0	101.0	104.0	104.0	3800
2017-04-25	101.0	101.0	104.0	101.0	35500
2017-04-26	103.0	103.0	103.0	103.0	1000
2017-04-27	102.0	101.0	102.0	101.0	119700
2017-04-28	103.0	101.0	103.0	103.0	3100
2017-05-02	99.0	99.0	102.0	102.0	4000
2017-05-02	99.0	99.0	102.0	102.0	
					0
					0
2017-05-05	92.0	92.0	102.0	102.0	2000
2017-05-05	92.0	92.0	102.0	102.0	
					0
2017-05-09	102.0	102.0	110.0	110.0	200
2017-05-09	102.0	102.0	110.0	110.0	
					0
2017-05-12	107.0	107.0	107.0	107.0	100
2017-05-12	107.0	107.0	107.0	107.0	
					0
					0
2017-05-17	106.0	106.0	110.0	106.0	1500
2017-05-17	106.0	106.0	110.0	106.0	
					0
2017-05-19	105.0	82.0	105.0	82.0	31800
2017-05-22	108.0	83.0	108.0	101.0	262200
2017-05-23	101.0	90.0	101.0	93.0	130800
2017-05-24	105.0	92.0	105.0	94.0	95600
2017-05-26	96.0	91.0	96.0	93.0	3500
2017-05-29	82.0	82.0	91.0	91.0	2200
2017-05-30	92.0	92.0	92.0	92.0	32400
2017-05-31	93.0	92.0	93.0	93.0	18900
2017-06-02	93.0	85.0	101.0	94.0	55700
2017-06-05	98.0	91.0	98.0	91.0	11200
2017-06-06	100.0	95.0	104.0	95.0	4100
2017-06-07	95.0	95.0	95.0	95.0	300
2017-06-08	95.0	66.0	97.0	92.0	63100
2017-06-09	95.0	95.0	95.0	95.0	100
2017-06-12	94.0	94.0	94.0	94.0	2700
2017-06-13	90.0	90.0	90.0	90.0	6600
2017-06-14	91.0	91.0	92.0	91.0	
2017-06-14	91.0	91.0	92.0	91.0	15900
					0
2017-06-16	91.0	91.0	101.0	101.0	2200
2017-06-19	99.0	97.0	99.0	97.0	2000
2017-06-20	102.0	97.0	102.0	97.0	300
2017-06-21	99.0	89.0	99.0	91.0	
2017-06-21	99.0	89.0	99.0	91.0	69400
					0
2017-07-03	91.0	62.0	91.0	91.0	2200
2017-07-04	91.0	91.0	91.0	91.0	400
2017-07-04	91.0	91.0	91.0	91.0	
					0
2017-07-06	91.0	91.0	91.0	91.0	100
2017-07-06	91.0	91.0	91.0	91.0	
					0
					0
					0
2017-07-12	91.0	91.0	91.0	91.0	5400
2017-07-13	91.0	90.0	91.0	91.0	2300
2017-07-14	97.0	76.0	97.0	81.0	76600
2017-07-17	86.0	82.0	91.0	90.0	48000
2017-07-18	90.0	85.0	91.0	85.0	29400
2017-07-19	92.0	86.0	96.0	86.0	88600
2017-07-20	90.0	85.0	90.0	85.0	11600
2017-07-21	85.0	83.0	88.0	83.0	17900
2017-07-24	81.0	81.0	91.0	89.0	17600
2017-07-25	94.0	91.0	94.0	91.0	
2017-07-25	94.0	91.0	94.0	91.0	1400
					0
2017-07-27	82.0	82.0	89.0	87.0	73400
2017-07-28	87.0	82.0	90.0	87.0	32300
2017-07-31	91.0	83.0	91.0	83.0	24300
2017-08-01	93.0	81.0	109.0	82.0	139000
2017-08-02	90.0	84.0	90.0	84.0	36700
2017-08-03	87.0	84.0	101.0	88.0	847600
2017-08-04	90.0	89.0	110.0	95.0	1550100
2017-08-07	96.0	91.0	99.0	91.0	232900
2017-08-08	91.0	80.0	94.0	93.0	295200
2017-08-09	93.0	93.0	94.0	94.0	22000
2017-08-10	95.0	88.0	95.0	88.0	64000
2017-08-11	88.0	87.0	93.0	93.0	26300
2017-08-14	94.0	90.0	97.0	95.0	87200
2017-08-15	94.0	93.0	104.0	97.0	72400
2017-08-16	98.0	91.0	99.0	91.0	19700
2017-08-18	92.0	90.0	122.0	116.0	2329400
2017-08-21	116.0	91.0	117.0	92.0	1153800
2017-08-22	96.0	91.0	96.0	94.0	503800
2017-08-23	96.0	88.0	96.0	91.0	207300
2017-08-24	95.0	89.0	95.0	95.0	109200
2017-08-25	92.0	91.0	95.0	94.0	123700
2017-08-28	94.0	91.0	97.0	95.0	20500
2017-08-29	92.0	91.0	94.0	92.0	73200
2017-08-30	94.0	89.0	94.0	94.0	32600
2017-08-30	94.0	89.0	94.0	94.0	
					0
2017-09-04	92.0	92.0	93.0	92.0	1600
2017-09-05	83.0	83.0	117.0	91.0	2930600
2017-09-06	92.0	90.0	95.0	91.0	307700
2017-09-07	92.0	90.0	92.0	91.0	30900
2017-09-08	91.0	88.0	97.0	91.0	472500
2017-09-11	91.0	88.0	92.0	91.0	109500
2017-09-12	91.0	89.0	92.0	90.0	30800
2017-09-13	88.0	87.0	91.0	90.0	103000
2017-09-14	88.0	88.0	89.0	89.0	800
2017-09-15	89.0	87.0	89.0	88.0	43000
2017-09-18	88.0	85.0	89.0	89.0	12500
2017-09-19	89.0	88.0	89.0	88.0	6500
2017-09-20	88.0	87.0	93.0	91.0	186700
2017-09-22	91.0	89.0	95.0	92.0	81900
2017-09-25	92.0	89.0	92.0	89.0	1800
2017-09-26	92.0	89.0	92.0	89.0	22600
2017-09-27	87.0	86.0	90.0	90.0	2900
2017-09-28	90.0	90.0	91.0	91.0	300
2017-09-29	90.0	87.0	91.0	90.0	13400
2017-10-02	88.0	86.0	88.0	86.0	5500
2017-10-03	86.0	86.0	97.0	92.0	65000
2017-10-04	92.0	89.0	95.0	90.0	25600
2017-10-05	89.0	87.0	94.0	91.0	54400
2017-10-06	94.0	88.0	94.0	88.0	31700
2017-10-09	92.0	87.0	92.0	90.0	57100
2017-10-10	89.0	87.0	90.0	89.0	45700
2017-10-11	88.0	87.0	89.0	89.0	40300
2017-10-12	89.0	88.0	89.0	88.0	12800
2017-10-13	89.0	89.0	89.0	89.0	100
2017-10-16	88.0	87.0	88.0	87.0	8100
2017-10-17	89.0	89.0	89.0	89.0	100
2017-10-18	88.0	86.0	88.0	86.0	24000
2017-10-19	89.0	85.0	89.0	87.0	14700
2017-10-20	88.0	85.0	88.0	85.0	4900
2017-10-23	85.0	85.0	85.0	85.0	200
2017-10-24	86.0	86.0	86.0	86.0	200
2017-10-25	86.0	85.0	86.0	85.0	7000
2017-10-26	85.0	85.0	85.0	85.0	5400
2017-10-27	85.0	85.0	87.0	87.0	7800
2017-10-30	87.0	82.0	105.0	94.0	806400
2017-10-31	93.0	80.0	100.0	82.0	998800
2017-11-01	84.0	83.0	87.0	84.0	119900
2017-11-02	85.0	84.0	87.0	84.0	112200
2017-11-03	85.0	83.0	85.0	83.0	28000
2017-11-06	83.0	83.0	83.0	83.0	14000
2017-11-07	83.0	82.0	83.0	82.0	6800
2017-11-08	83.0	80.0	83.0	82.0	33200
2017-11-09	82.0	80.0	82.0	81.0	43600
2017-11-10	81.0	80.0	81.0	80.0	37500
2017-11-13	80.0	80.0	81.0	81.0	9000
2017-11-14	81.0	79.0	81.0	79.0	26100
2017-11-15	79.0	79.0	80.0	79.0	10800
2017-11-16	79.0	78.0	80.0	80.0	4300
2017-11-17	80.0	78.0	80.0	78.0	6000
2017-11-20	80.0	80.0	80.0	80.0	2100
2017-11-21	79.0	79.0	79.0	79.0	700
2017-11-22	80.0	79.0	80.0	79.0	300
2017-11-23	79.0	79.0	80.0	80.0	7800
2017-11-24	80.0	78.0	81.0	78.0	17500
2017-11-27	79.0	78.0	79.0	79.0	2300
2017-11-28	79.0	78.0	79.0	78.0	3000
2017-11-29	78.0	78.0	78.0	78.0	6600
2017-11-30	78.0	77.0	78.0	78.0	1600
2017-12-04	78.0	77.0	78.0	77.0	4000
2017-12-05	77.0	76.0	77.0	76.0	400
2017-12-06	76.0	74.0	76.0	75.0	7700
2017-12-07	75.0	75.0	75.0	75.0	
2017-12-07	75.0	75.0	75.0	75.0	200
					0
2017-12-11	75.0	73.0	75.0	75.0	1900
2017-12-12	75.0	75.0	75.0	75.0	100
2017-12-13	73.0	72.0	73.0	72.0	18100
2017-12-14	71.0	71.0	71.0	71.0	9400
2017-12-14	71.0	71.0	71.0	71.0	
					0
2017-12-18	72.0	72.0	74.0	74.0	2900
2017-12-19	73.0	63.0	78.0	69.0	52900
2017-12-20	71.0	66.0	73.0	72.0	26900
2017-12-21	72.0	72.0	73.0	72.0	5900
2017-12-22	72.0	69.0	72.0	69.0	9700
2017-12-27	69.0	69.0	70.0	70.0	2400
2017-12-28	72.0	70.0	72.0	70.0	8100
2017-12-29	69.0	69.0	69.0	69.0	13800
2018-01-02	69.0	68.0	70.0	70.0	20400
2018-01-03	68.0	68.0	68.0	68.0	4100
2018-01-04	69.0	69.0	70.0	70.0	3100
2018-01-05	70.0	68.0	70.0	68.0	7700
2018-01-08	68.0	65.0	70.0	70.0	17500
2018-01-09	70.0	69.0	70.0	69.0	17000
2018-01-10	68.0	67.0	79.0	76.0	114500
2018-01-11	76.0	75.0	88.0	87.0	171900
2018-01-12	87.0	80.0	89.0	80.0	193600
2018-01-15	80.0	80.0	81.0	81.0	500
2018-01-16	83.0	80.0	83.0	80.0	15700
2018-01-17	81.0	81.0	81.0	81.0	200
2018-01-18	81.0	80.0	81.0	80.0	1100
2018-01-19	80.0	80.0	80.0	80.0	7800
2018-01-22	80.0	80.0	80.0	80.0	600
2018-01-23	80.0	80.0	81.0	81.0	5500
2018-01-24	83.0	83.0	83.0	83.0	200
2018-01-24	83.0	83.0	83.0	83.0	
					0
2018-01-26	83.0	82.0	83.0	83.0	1200
2018-01-29	82.0	77.0	83.0	81.0	30900
2018-01-30	80.0	80.0	81.0	81.0	1100
2018-01-31	80.0	80.0	80.0	80.0	500
2018-02-01	80.0	80.0	80.0	80.0	400
2018-02-02	80.0	80.0	81.0	80.0	6300
2018-02-05	80.0	80.0	83.0	80.0	18000
2018-02-06	82.0	82.0	82.0	82.0	7600
2018-02-06	82.0	82.0	82.0	82.0	
					0
2018-02-08	82.0	81.0	82.0	81.0	700
2018-02-09	78.0	78.0	84.0	84.0	1200
2018-02-12	84.0	84.0	84.0	84.0	100
2018-02-13	84.0	84.0	84.0	84.0	17700
2018-02-13	84.0	84.0	84.0	84.0	
					0
2018-02-15	84.0	82.0	84.0	82.0	500
2018-02-19	82.0	82.0	84.0	84.0	2000
2018-02-20	84.0	84.0	84.0	84.0	100
2018-02-21	83.0	83.0	84.0	83.0	43100
2018-02-22	82.0	82.0	85.0	85.0	1700
2018-02-23	85.0	84.0	90.0	90.0	12800
2018-02-26	92.0	86.0	92.0	89.0	15000
2018-02-27	87.0	84.0	89.0	88.0	16500
2018-02-28	85.0	85.0	94.0	85.0	8700
2018-03-01	85.0	85.0	96.0	89.0	260400
2018-03-02	91.0	89.0	93.0	91.0	8100
2018-03-05	91.0	85.0	91.0	89.0	59700
2018-03-06	89.0	81.0	90.0	87.0	239600
2018-03-07	90.0	83.0	90.0	86.0	18200
2018-03-08	88.0	81.0	93.0	86.0	
2018-03-08	88.0	81.0	93.0	86.0	11900
					0
2018-03-12	80.0	70.0	80.0	79.0	258900
2018-03-13	84.0	79.0	84.0	79.0	87800
2018-03-14	77.0	76.0	84.0	80.0	55800
2018-03-15	82.0	78.0	83.0	78.0	100900
2018-03-16	78.0	75.0	78.0	75.0	96800
2018-03-19	76.0	75.0	76.0	75.0	3700
2018-03-20	72.0	72.0	73.0	72.0	43300
2018-03-21	78.0	71.0	78.0	72.0	391000
2018-03-22	74.0	70.0	74.0	70.0	2372300
2018-03-23	70.0	67.0	73.0	73.0	380900
2018-03-26	73.0	69.0	73.0	69.0	195000
2018-03-27	70.0	69.0	72.0	70.0	731500
2018-03-28	70.0	70.0	85.0	75.0	2118900
2018-03-29	78.0	72.0	79.0	74.0	760700
2018-04-02	72.0	68.0	72.0	69.0	834200
2018-04-03	70.0	67.0	70.0	69.0	134900
2018-04-04	69.0	67.0	69.0	69.0	181000
2018-04-05	69.0	68.0	70.0	70.0	52600
2018-04-06	69.0	65.0	69.0	68.0	122200
2018-04-09	70.0	65.0	70.0	67.0	542300
2018-04-10	67.0	64.0	67.0	65.0	357500
2018-04-11	65.0	61.0	65.0	63.0	744200
2018-04-12	64.0	62.0	74.0	65.0	3513300
2018-04-13	68.0	65.0	87.0	87.0	16973900
2018-04-16	90.0	74.0	96.0	77.0	14619100
2018-04-17	80.0	74.0	80.0	75.0	1285900
2018-04-18	75.0	69.0	76.0	69.0	1296800
2018-04-19	74.0	69.0	76.0	71.0	924500
2018-04-20	71.0	71.0	78.0	72.0	578700
2018-04-23	75.0	72.0	97.0	97.0	16504300
2018-04-24	102.0	94.0	130.0	118.0	56135300
2018-04-25	118.0	97.0	118.0	102.0	8479500
2018-04-26	102.0	82.0	102.0	84.0	4222600
2018-04-27	86.0	80.0	111.0	104.0	20676400
2018-04-30	105.0	92.0	109.0	94.0	5689900
2018-05-02	94.0	86.0	112.0	97.0	10276900
2018-05-03	98.0	87.0	100.0	88.0	3757900
2018-05-04	89.0	81.0	92.0	81.0	1843800
2018-05-07	82.0	77.0	91.0	81.0	2704600
2018-05-08	82.0	77.0	86.0	77.0	1041100
2018-05-09	78.0	70.0	79.0	74.0	1110600
2018-05-11	75.0	74.0	82.0	76.0	1343200
2018-05-14	77.0	73.0	78.0	76.0	504600
2018-05-15	77.0	73.0	80.0	76.0	1027000
2018-05-16	75.0	73.0	78.0	74.0	932900
2018-05-17	75.0	74.0	78.0	75.0	1181500
2018-05-18	79.0	74.0	83.0	76.0	3792800
2018-05-21	77.0	77.0	91.0	83.0	8649400
2018-05-22	86.0	84.0	98.0	90.0	10100400
2018-05-23	92.0	82.0	93.0	88.0	4304100
2018-05-24	88.0	81.0	89.0	84.0	2495400
2018-05-25	84.0	81.0	86.0	82.0	470900
2018-05-28	84.0	77.0	84.0	79.0	1522800
2018-05-30	79.0	77.0	83.0	78.0	500600
2018-05-31	80.0	78.0	82.0	80.0	780700
2018-06-04	80.0	77.0	86.0	80.0	296900
2018-06-05	79.0	75.0	80.0	76.0	910900
2018-06-06	76.0	76.0	78.0	76.0	180800
2018-06-07	76.0	76.0	86.0	80.0	1710500
2018-06-08	80.0	77.0	84.0	77.0	769600
2018-06-08	80.0	77.0	84.0	77.0	
					0
2018-06-20	77.0	74.0	82.0	75.0	179400
2018-06-21	75.0	74.0	81.0	75.0	395900
2018-06-22	75.0	71.0	77.0	73.0	289200
2018-06-25	73.0	61.0	75.0	67.0	926700
2018-06-26	67.0	60.0	69.0	64.0	653400
2018-06-27	64.0	60.0	86.0	75.0	9904800
2018-06-28	77.0	67.0	77.0	67.0	5359900
2018-06-29	72.0	64.0	72.0	64.0	836700
2018-07-02	64.0	61.0	66.0	65.0	409800
2018-07-03	65.0	60.0	65.0	61.0	343700
2018-07-04	63.0	58.0	64.0	62.0	539900
2018-07-05	64.0	59.0	73.0	60.0	2575600
2018-07-06	60.0	59.0	64.0	61.0	528900
2018-07-09	62.0	60.0	64.0	64.0	350700
2018-07-10	63.0	61.0	64.0	62.0	113500
2018-07-11	65.0	61.0	65.0	63.0	221000
2018-07-12	63.0	60.0	64.0	62.0	173000
2018-07-13	63.0	62.0	70.0	62.0	1581900
2018-07-16	65.0	61.0	69.0	63.0	1303700
2018-07-17	63.0	63.0	65.0	64.0	287000
2018-07-18	65.0	62.0	67.0	64.0	490800
2018-07-19	65.0	61.0	65.0	62.0	209900
2018-07-20	64.0	61.0	64.0	63.0	58500
2018-07-23	63.0	61.0	64.0	63.0	183000
2018-07-24	63.0	61.0	64.0	62.0	242500
2018-07-25	62.0	61.0	64.0	63.0	134400
2018-07-26	65.0	61.0	65.0	64.0	217400
2018-07-27	65.0	62.0	65.0	63.0	285000
2018-07-30	64.0	60.0	65.0	63.0	541600
2018-07-31	63.0	61.0	74.0	64.0	7444800
2018-08-01	64.0	61.0	69.0	63.0	3353600
2018-08-02	63.0	61.0	64.0	62.0	281400
2018-08-03	65.0	61.0	65.0	62.0	476900
2018-08-06	62.0	61.0	64.0	63.0	171800
2018-08-07	63.0	61.0	63.0	62.0	178500
2018-08-08	63.0	61.0	63.0	62.0	89800
2018-08-09	62.0	61.0	76.0	75.0	7964100
2018-08-10	75.0	71.0	89.0	72.0	17047100
2018-08-13	72.0	63.0	72.0	66.0	3362500
2018-08-14	67.0	64.0	72.0	67.0	5558600
2018-08-15	68.0	63.0	68.0	63.0	974900
2018-08-16	63.0	61.0	67.0	65.0	531800
2018-08-20	65.0	62.0	71.0	66.0	2491200
2018-08-21	66.0	62.0	68.0	65.0	352700
2018-08-23	64.0	62.0	66.0	64.0	279800
2018-08-24	65.0	62.0	65.0	64.0	380100
2018-08-27	65.0	62.0	66.0	64.0	360100
2018-08-28	62.0	61.0	65.0	64.0	268800
2018-08-29	64.0	61.0	65.0	63.0	136500
2018-08-30	64.0	58.0	64.0	62.0	387200
2018-08-31	63.0	59.0	64.0	61.0	323900
2018-09-03	61.0	58.0	62.0	62.0	72000
2018-09-04	62.0	60.0	63.0	62.0	82100
2018-09-05	61.0	55.0	62.0	59.0	242700
2018-09-06	59.0	56.0	61.0	59.0	214300
2018-09-07	59.0	58.0	62.0	60.0	203700
2018-09-10	60.0	58.0	62.0	61.0	628500
2018-09-12	61.0	59.0	62.0	61.0	489900
2018-09-13	60.0	59.0	61.0	60.0	500000
2018-09-14	60.0	58.0	60.0	59.0	235000
2018-09-17	65.0	59.0	65.0	60.0	150000
2018-09-18	60.0	59.0	78.0	64.0	8572500
2018-09-19	65.0	63.0	69.0	65.0	3585500
2018-09-20	64.0	63.0	67.0	65.0	1006700
2018-09-21	65.0	62.0	66.0	64.0	538400
2018-09-24	65.0	61.0	66.0	64.0	1196500
2018-09-25	65.0	63.0	65.0	64.0	237900
2018-09-26	63.0	62.0	66.0	65.0	642100
2018-09-27	66.0	61.0	66.0	64.0	279700
2018-09-28	64.0	61.0	64.0	63.0	274200
2018-10-01	63.0	62.0	65.0	65.0	251700
2018-10-02	65.0	63.0	65.0	64.0	173600
2018-10-03	65.0	62.0	65.0	62.0	175600
2018-10-04	65.0	61.0	65.0	64.0	240000
2018-10-05	64.0	62.0	64.0	63.0	283300
2018-10-08	62.0	60.0	64.0	63.0	854100
2018-10-09	62.0	61.0	63.0	62.0	339600
2018-10-10	62.0	60.0	63.0	63.0	134100
2018-10-11	63.0	60.0	63.0	62.0	38300
2018-10-12	62.0	61.0	63.0	63.0	78400
2018-10-15	63.0	61.0	64.0	62.0	58700
2018-10-16	64.0	60.0	64.0	61.0	132100
2018-10-17	64.0	60.0	64.0	61.0	58400
2018-10-18	63.0	60.0	64.0	62.0	151600
2018-10-19	63.0	60.0	63.0	62.0	91200
2018-10-22	62.0	60.0	62.0	61.0	83500
2018-10-23	61.0	61.0	66.0	63.0	902600
2018-10-24	63.0	62.0	63.0	62.0	34900
2018-10-25	62.0	60.0	63.0	62.0	497900
2018-10-26	62.0	60.0	63.0	61.0	68500
2018-10-29	63.0	60.0	63.0	60.0	126400
2018-10-30	62.0	57.0	62.0	60.0	466600
2018-10-31	61.0	59.0	62.0	59.0	190700
2018-11-01	60.0	58.0	61.0	61.0	125100
2018-11-02	61.0	60.0	64.0	62.0	552200
2018-11-05	62.0	60.0	65.0	61.0	1353700
2018-11-06	62.0	61.0	63.0	62.0	1195200
2018-11-07	63.0	60.0	63.0	62.0	491800
2018-11-08	62.0	59.0	63.0	61.0	320500
2018-11-09	61.0	59.0	62.0	61.0	376100
2018-11-12	62.0	58.0	62.0	59.0	266000
2018-11-13	61.0	58.0	61.0	60.0	221800
2018-11-14	60.0	57.0	62.0	57.0	547200
2018-11-15	60.0	57.0	62.0	60.0	143900
2018-11-16	60.0	58.0	62.0	60.0	323100
2018-11-19	61.0	60.0	61.0	60.0	14000
2018-11-21	60.0	57.0	61.0	58.0	117900
2018-11-22	58.0	58.0	62.0	59.0	286500
2018-11-23	59.0	57.0	62.0	58.0	266100
2018-11-26	60.0	55.0	60.0	59.0	151500
2018-11-27	59.0	57.0	60.0	58.0	281500
2018-11-28	59.0	57.0	62.0	60.0	1336600
2018-11-29	60.0	57.0	62.0	59.0	99100
2018-11-30	60.0	57.0	61.0	59.0	166500
2018-12-03	59.0	58.0	60.0	60.0	125400
2018-12-04	60.0	59.0	61.0	59.0	244400
2018-12-05	62.0	58.0	62.0	58.0	40800
2018-12-06	60.0	59.0	61.0	60.0	310600
2018-12-07	60.0	58.0	61.0	60.0	106000
2018-12-10	57.0	57.0	61.0	60.0	29000
2018-12-11	60.0	56.0	61.0	59.0	251000
2018-12-12	60.0	57.0	60.0	57.0	73200
2018-12-13	57.0	57.0	60.0	59.0	31800
2018-12-14	59.0	57.0	59.0	59.0	19100
2018-12-17	59.0	55.0	60.0	57.0	926000
2018-12-18	58.0	56.0	60.0	59.0	66300
2018-12-19	60.0	57.0	60.0	57.0	14200
2018-12-20	58.0	56.0	60.0	60.0	103400
2018-12-21	60.0	55.0	60.0	58.0	90800
2018-12-26	59.0	56.0	60.0	58.0	46000
2018-12-27	59.0	55.0	60.0	56.0	101600
2018-12-28	57.0	53.0	59.0	56.0	287200
2019-01-02	58.0	55.0	59.0	58.0	26300
2019-01-03	59.0	58.0	59.0	59.0	54000
2019-01-04	59.0	56.0	60.0	59.0	96500
2019-01-07	60.0	57.0	60.0	58.0	51100
2019-01-08	59.0	57.0	59.0	58.0	13900
2019-01-09	60.0	53.0	60.0	58.0	630500
2019-01-10	57.0	53.0	60.0	56.0	442200
2019-01-11	56.0	54.0	58.0	55.0	340500
2019-01-14	56.0	53.0	57.0	54.0	92900
2019-01-15	54.0	54.0	59.0	58.0	696900
2019-01-16	58.0	57.0	59.0	58.0	37500
2019-01-17	59.0	56.0	59.0	56.0	94200
2019-01-18	57.0	54.0	58.0	54.0	223200
2019-01-21	54.0	54.0	58.0	58.0	86400
2019-01-22	57.0	54.0	58.0	57.0	13200
2019-01-23	58.0	53.0	58.0	54.0	519800
2019-01-24	53.0	53.0	57.0	54.0	531600
2019-01-25	54.0	54.0	54.0	54.0	30200
2019-01-28	54.0	50.0	56.0	54.0	328900
2019-01-29	54.0	52.0	55.0	54.0	25300
2019-01-30	54.0	53.0	55.0	54.0	275200
2019-01-31	55.0	53.0	57.0	54.0	30300
2019-02-01	54.0	54.0	57.0	55.0	52800
2019-02-04	55.0	55.0	55.0	55.0	20000
2019-02-06	55.0	55.0	57.0	55.0	111800
2019-02-07	55.0	54.0	56.0	56.0	2600
2019-02-08	56.0	54.0	56.0	54.0	9200
2019-02-11	55.0	55.0	55.0	55.0	52900
2019-02-12	55.0	55.0	55.0	55.0	2100
2019-02-13	55.0	53.0	57.0	56.0	18700
2019-02-14	56.0	51.0	56.0	56.0	52200
2019-02-15	55.0	53.0	55.0	53.0	350900
2019-02-18	53.0	51.0	55.0	53.0	225000
2019-02-19	55.0	53.0	55.0	55.0	177600
2019-02-20	54.0	54.0	57.0	55.0	19400
2019-02-21	55.0	54.0	57.0	55.0	15800
2019-02-22	55.0	54.0	55.0	55.0	9500
2019-02-25	55.0	55.0	55.0	55.0	100
2019-02-26	55.0	54.0	55.0	55.0	17700
2019-02-27	51.0	51.0	56.0	55.0	14000
2019-02-28	55.0	55.0	55.0	55.0	300
2019-03-01	55.0	54.0	55.0	54.0	7600
2019-03-04	55.0	54.0	55.0	54.0	171800
2019-03-05	55.0	53.0	55.0	53.0	551500
2019-03-06	53.0	52.0	55.0	54.0	63700
2019-03-08	54.0	54.0	66.0	63.0	408800
2019-03-11	62.0	55.0	62.0	57.0	57200
2019-03-12	57.0	52.0	57.0	53.0	794000
2019-03-13	53.0	52.0	55.0	53.0	162600
2019-03-14	55.0	51.0	57.0	53.0	166600
2019-03-15	53.0	51.0	54.0	54.0	44900
2019-03-18	54.0	53.0	56.0	54.0	128300
2019-03-19	54.0	52.0	55.0	54.0	37000
2019-03-20	54.0	54.0	54.0	54.0	15100
2019-03-21	53.0	53.0	55.0	54.0	4300
2019-03-22	54.0	52.0	54.0	54.0	3500
2019-03-25	55.0	53.0	55.0	54.0	11800
2019-03-26	51.0	51.0	55.0	53.0	77300
2019-03-27	54.0	54.0	55.0	54.0	56700
2019-03-28	54.0	52.0	54.0	52.0	25300
2019-03-29	52.0	51.0	54.0	52.0	73400
2019-04-01	52.0	51.0	54.0	54.0	33200
2019-04-02	54.0	54.0	54.0	54.0	256400
2019-04-04	53.0	53.0	54.0	54.0	20600
2019-04-05	54.0	51.0	54.0	53.0	2600
2019-04-08	51.0	50.0	53.0	51.0	416900
2019-04-09	51.0	50.0	54.0	51.0	219500
2019-04-10	52.0	52.0	53.0	53.0	12400
2019-04-11	53.0	52.0	53.0	53.0	37500
2019-04-12	53.0	50.0	54.0	53.0	329000
2019-04-15	53.0	51.0	53.0	52.0	13500
2019-04-16	52.0	51.0	53.0	51.0	20500
2019-04-18	53.0	51.0	53.0	51.0	7300
2019-04-22	53.0	52.0	53.0	52.0	17200
2019-04-23	56.0	51.0	56.0	52.0	82400
2019-04-24	53.0	53.0	53.0	53.0	16700
2019-04-25	52.0	51.0	53.0	52.0	129400
2019-04-26	52.0	50.0	53.0	52.0	147800
2019-04-29	51.0	50.0	51.0	50.0	620500
2019-04-30	51.0	50.0	51.0	51.0	66300
2019-05-02	51.0	51.0	51.0	51.0	13100
2019-05-03	51.0	50.0	51.0	50.0	152000
2019-05-06	51.0	50.0	51.0	50.0	98000
2019-05-07	51.0	50.0	51.0	51.0	8000
2019-05-08	51.0	50.0	51.0	51.0	4800
2019-05-09	51.0	50.0	51.0	50.0	28700
2019-05-10	50.0	50.0	50.0	50.0	21000
2019-05-13	50.0	50.0	51.0	51.0	3700
2019-05-14	51.0	50.0	53.0	50.0	315200
2019-05-15	52.0	50.0	53.0	50.0	257200
2019-05-16	50.0	50.0	51.0	51.0	1700
2019-05-16	50.0	50.0	51.0	51.0	
					0
2019-05-20	51.0	51.0	53.0	52.0	176400
2019-05-21	52.0	50.0	52.0	50.0	325100
2019-05-22	52.0	51.0	52.0	52.0	7500
2019-05-23	52.0	50.0	52.0	50.0	205500
2019-05-24	50.0	50.0	51.0	50.0	91900
2019-05-27	50.0	50.0	51.0	51.0	23000
2019-05-28	51.0	50.0	51.0	51.0	10300
2019-05-29	50.0	50.0	50.0	50.0	300
2019-05-31	50.0	50.0	51.0	50.0	33600
2019-06-10	51.0	50.0	51.0	50.0	48200
2019-06-11	50.0	50.0	51.0	50.0	35500
2019-06-12	51.0	50.0	51.0	51.0	122400
2019-06-13	51.0	50.0	51.0	51.0	22300
2019-06-14	51.0	51.0	51.0	51.0	100
2019-06-17	51.0	50.0	51.0	50.0	7100
2019-06-18	50.0	50.0	51.0	50.0	17400
2019-06-19	50.0	50.0	50.0	50.0	500
2019-06-20	51.0	50.0	51.0	50.0	16900
2019-06-21	50.0	50.0	50.0	50.0	5700
2019-06-24	50.0	50.0	51.0	51.0	37300
2019-06-25	50.0	50.0	51.0	50.0	6300
2019-06-26	50.0	50.0	51.0	50.0	5900
2019-06-27	50.0	50.0	50.0	50.0	1700
2019-06-28	50.0	50.0	50.0	50.0	101000
2019-07-01	50.0	50.0	51.0	50.0	14200
2019-07-02	50.0	50.0	50.0	50.0	5000
2019-07-03	50.0	50.0	50.0	50.0	25900
2019-07-04	50.0	50.0	50.0	50.0	1700
2019-07-05	50.0	50.0	50.0	50.0	23300
2019-07-08	50.0	50.0	51.0	50.0	37300
2019-07-09	60.0	50.0	60.0	50.0	181000
2019-07-10	50.0	50.0	52.0	50.0	65500
2019-07-11	50.0	50.0	50.0	50.0	50600
2019-07-12	50.0	50.0	50.0	50.0	20100
2019-07-15	50.0	50.0	50.0	50.0	20100
2019-07-16	50.0	50.0	50.0	50.0	2500
2019-07-17	50.0	50.0	50.0	50.0	2000
2019-07-18	50.0	50.0	50.0	50.0	1600
2019-07-19	50.0	50.0	50.0	50.0	100
2019-07-22	50.0	50.0	50.0	50.0	2000
2019-07-23	50.0	50.0	50.0	50.0	300
2019-07-23	50.0	50.0	50.0	50.0	
					0
2019-07-25	50.0	50.0	50.0	50.0	18500
2019-07-26	50.0	50.0	50.0	50.0	500
2019-07-26	50.0	50.0	50.0	50.0	
					0
2019-07-30	50.0	50.0	50.0	50.0	
2019-07-30	50.0	50.0	50.0	50.0	7100
					0
2019-08-01	50.0	50.0	50.0	50.0	400
2019-08-02	50.0	50.0	50.0	50.0	1900
2019-08-05	50.0	50.0	50.0	50.0	500
2019-08-06	50.0	50.0	50.0	50.0	400
2019-08-07	50.0	50.0	50.0	50.0	
2019-08-07	50.0	50.0	50.0	50.0	1700
					0
2019-08-09	50.0	50.0	50.0	50.0	100
2019-08-12	50.0	50.0	50.0	50.0	300
2019-08-13	50.0	50.0	50.0	50.0	2000
2019-08-14	50.0	50.0	50.0	50.0	100
2019-08-15	50.0	50.0	50.0	50.0	400
2019-08-16	50.0	50.0	50.0	50.0	600
2019-08-19	50.0	50.0	50.0	50.0	100
2019-08-20	50.0	50.0	50.0	50.0	100
2019-08-20	50.0	50.0	50.0	50.0	
					0
2019-08-22	50.0	50.0	50.0	50.0	300
2019-08-23	50.0	50.0	50.0	50.0	600
2019-08-26	50.0	50.0	50.0	50.0	100
2019-08-27	50.0	50.0	50.0	50.0	100
2019-08-28	50.0	50.0	50.0	50.0	600
2019-08-29	50.0	50.0	53.0	51.0	237000
2019-08-30	51.0	50.0	52.0	51.0	47600
2019-09-02	51.0	50.0	51.0	51.0	72600
2019-09-03	51.0	50.0	51.0	50.0	32300
2019-09-04	50.0	50.0	50.0	50.0	31900
2019-09-05	50.0	50.0	50.0	50.0	16000
2019-09-06	50.0	50.0	50.0	50.0	7900
2019-09-09	50.0	50.0	52.0	50.0	46500
2019-09-10	51.0	50.0	51.0	51.0	47500
2019-09-11	51.0	50.0	51.0	51.0	22900
2019-09-12	51.0	51.0	52.0	51.0	223400
2019-09-13	51.0	50.0	51.0	51.0	8900
2019-09-16	50.0	50.0	51.0	51.0	45500
2019-09-17	50.0	50.0	53.0	51.0	188900
2019-09-18	51.0	50.0	52.0	51.0	349300
2019-09-19	51.0	50.0	51.0	51.0	49800
2019-09-20	51.0	51.0	53.0	52.0	169300
2019-09-23	52.0	50.0	52.0	50.0	68500
2019-09-24	50.0	50.0	51.0	50.0	127400
2019-09-25	51.0	51.0	51.0	51.0	2300
2019-09-26	51.0	50.0	51.0	50.0	2800
2019-09-27	51.0	51.0	51.0	51.0	100
2019-09-30	51.0	50.0	51.0	50.0	13500
2019-10-01	50.0	50.0	51.0	50.0	22100
2019-10-02	50.0	50.0	50.0	50.0	9800
2019-10-03	51.0	50.0	51.0	50.0	13500
2019-10-04	50.0	50.0	51.0	50.0	28400
2019-10-07	50.0	50.0	51.0	50.0	26900
2019-10-08	50.0	50.0	51.0	50.0	17800
2019-10-09	50.0	50.0	51.0	50.0	111200
2019-10-10	50.0	50.0	50.0	50.0	100
2019-10-11	50.0	50.0	51.0	50.0	1800
2019-10-14	50.0	50.0	50.0	50.0	100
2019-10-15	50.0	50.0	50.0	50.0	100
2019-10-16	51.0	50.0	51.0	51.0	4000
2019-10-16	51.0	50.0	51.0	51.0	
					0
2019-10-18	50.0	50.0	50.0	50.0	1500
2019-10-21	50.0	50.0	50.0	50.0	100
2019-10-22	50.0	50.0	50.0	50.0	100
2019-10-22	50.0	50.0	50.0	50.0	
					0
2019-10-24	50.0	50.0	50.0	50.0	3500
2019-10-25	50.0	50.0	50.0	50.0	100
2019-10-28	50.0	50.0	51.0	50.0	2300
2019-10-29	50.0	50.0	50.0	50.0	500
2019-10-30	50.0	50.0	50.0	50.0	100
2019-10-31	50.0	50.0	51.0	50.0	91100
2019-11-01	51.0	50.0	51.0	50.0	20500
2019-11-04	50.0	50.0	50.0	50.0	
2019-11-04	50.0	50.0	50.0	50.0	700
					0
					0
2019-11-07	50.0	50.0	50.0	50.0	600
2019-11-08	50.0	50.0	50.0	50.0	2200
2019-11-11	50.0	50.0	50.0	50.0	100
2019-11-12	50.0	50.0	50.0	50.0	300
2019-11-13	50.0	50.0	52.0	50.0	36400
2019-11-14	50.0	50.0	50.0	50.0	17700
2019-11-15	50.0	50.0	50.0	50.0	500
2019-11-18	50.0	50.0	50.0	50.0	100
2019-11-19	50.0	50.0	50.0	50.0	500
2019-11-20	50.0	50.0	50.0	50.0	6100
2019-11-21	50.0	50.0	50.0	50.0	3000
2019-11-22	50.0	50.0	51.0	51.0	1100
2019-11-25	51.0	50.0	51.0	50.0	600
2019-11-26	50.0	50.0	50.0	50.0	20000
2019-11-27	52.0	50.0	52.0	50.0	5700
2019-11-28	50.0	50.0	50.0	50.0	500
2019-11-29	50.0	50.0	50.0	50.0	200
2019-12-02	50.0	50.0	50.0	50.0	300
2019-12-03	50.0	50.0	50.0	50.0	
2019-12-03	50.0	50.0	50.0	50.0	1200
					0
2019-12-05	50.0	50.0	50.0	50.0	1000
2019-12-06	50.0	50.0	50.0	50.0	100
2019-12-06	50.0	50.0	50.0	50.0	
					0
					0
					0
					0
2019-12-13	50.0	50.0	50.0	50.0	
2019-12-13	50.0	50.0	50.0	50.0	1500
					0
					0
2019-12-18	50.0	50.0	50.0	50.0	200
2019-12-18	50.0	50.0	50.0	50.0	
					0
					0
					0
2019-12-26	50.0	50.0	50.0	50.0	100
2019-12-27	50.0	50.0	50.0	50.0	700
2019-12-30	50.0	50.0	50.0	50.0	300
2020-01-02	50.0	50.0	59.0	50.0	4960300
2020-01-03	50.0	50.0	50.0	50.0	131700
2020-01-06	50.0	50.0	50.0	50.0	1100
2020-01-07	50.0	50.0	50.0	50.0	600
2020-01-08	50.0	50.0	50.0	50.0	100
2020-01-09	50.0	50.0	50.0	50.0	1000
2020-01-10	50.0	50.0	50.0	50.0	1000
2020-01-13	50.0	50.0	50.0	50.0	1700
2020-01-14	50.0	50.0	50.0	50.0	100
2020-01-15	50.0	50.0	50.0	50.0	100
2020-01-15	50.0	50.0	50.0	50.0	
					0
2020-01-17	50.0	50.0	50.0	50.0	100
2020-01-20	50.0	50.0	50.0	50.0	100
2020-01-21	50.0	50.0	50.0	50.0	100
2020-01-21	50.0	50.0	50.0	50.0	
					0
2020-01-23	50.0	50.0	50.0	50.0	100
2020-01-23	50.0	50.0	50.0	50.0	
					0
2020-01-27	50.0	50.0	50.0	50.0	100
2020-01-28	50.0	50.0	50.0	50.0	100
2020-01-28	50.0	50.0	50.0	50.0	
					0
2020-01-30	50.0	50.0	50.0	50.0	100
2020-01-31	50.0	50.0	50.0	50.0	
2020-01-31	50.0	50.0	50.0	50.0	100
					0
2020-02-04	50.0	50.0	50.0	50.0	800
2020-02-05	50.0	50.0	50.0	50.0	
2020-02-05	50.0	50.0	50.0	50.0	500
					0
2020-02-07	50.0	50.0	50.0	50.0	1000
2020-02-10	50.0	50.0	50.0	50.0	100
2020-02-11	50.0	50.0	50.0	50.0	100
2020-02-12	50.0	50.0	50.0	50.0	
2020-02-12	50.0	50.0	50.0	50.0	100
					0
					0
					0
2020-02-18	50.0	50.0	50.0	50.0	200
2020-02-19	50.0	50.0	50.0	50.0	400
2020-02-20	50.0	50.0	50.0	50.0	100
2020-02-21	50.0	50.0	50.0	50.0	
2020-02-21	50.0	50.0	50.0	50.0	200
					0
2020-02-25	50.0	50.0	50.0	50.0	
2020-02-25	50.0	50.0	50.0	50.0	100
					0
2020-02-27	50.0	50.0	50.0	50.0	100
2020-02-28	50.0	50.0	50.0	50.0	100
2020-03-02	50.0	50.0	50.0	50.0	100
2020-03-02	50.0	50.0	50.0	50.0	
					0
					0
2020-03-05	50.0	50.0	50.0	50.0	100
2020-03-06	50.0	50.0	50.0	50.0	
2020-03-06	50.0	50.0	50.0	50.0	100
					0
2020-03-10	50.0	50.0	50.0	50.0	100
2020-03-11	50.0	50.0	50.0	50.0	
2020-03-11	50.0	50.0	50.0	50.0	100
					0
2020-03-13	50.0	50.0	50.0	50.0	200
2020-03-16	50.0	50.0	50.0	50.0	
2020-03-16	50.0	50.0	50.0	50.0	200
					0
2020-03-18	50.0	50.0	50.0	50.0	100
2020-03-18	50.0	50.0	50.0	50.0	
					0
					0
					0
2020-03-24	50.0	50.0	50.0	50.0	200
2020-03-26	50.0	50.0	50.0	50.0	100
2020-03-27	50.0	50.0	50.0	50.0	100
2020-03-30	50.0	50.0	50.0	50.0	100
2020-03-31	50.0	50.0	50.0	50.0	
2020-03-31	50.0	50.0	50.0	50.0	100
					0
					0
2020-04-03	50.0	50.0	50.0	50.0	100
2020-04-06	50.0	50.0	50.0	50.0	500
2020-04-07	50.0	50.0	50.0	50.0	
2020-04-07	50.0	50.0	50.0	50.0	400
					0
					0
					0
2020-04-14	50.0	50.0	50.0	50.0	200
2020-04-15	50.0	50.0	50.0	50.0	300
2020-04-16	50.0	50.0	50.0	50.0	200
2020-04-16	50.0	50.0	50.0	50.0	
					0
2020-04-20	50.0	50.0	50.0	50.0	
2020-04-20	50.0	50.0	50.0	50.0	1400
					0
					0
					0
2020-04-24	50.0	50.0	50.0	50.0	900
2020-04-27	50.0	50.0	50.0	50.0	
2020-04-27	50.0	50.0	50.0	50.0	100
					0
					0
					0
					0
					0
2020-05-06	50.0	50.0	50.0	50.0	100
2020-05-08	50.0	50.0	50.0	50.0	
2020-05-08	50.0	50.0	50.0	50.0	100
					0
					0
2020-05-13	50.0	50.0	50.0	50.0	200
2020-05-14	50.0	50.0	50.0	50.0	100
2020-05-15	50.0	50.0	50.0	50.0	200
2020-05-18	50.0	50.0	50.0	50.0	500
2020-05-19	50.0	50.0	50.0	50.0	
2020-05-19	50.0	50.0	50.0	50.0	200
					0
					0
					0
2020-05-28	50.0	50.0	50.0	50.0	
2020-05-28	50.0	50.0	50.0	50.0	100
					0
2020-06-02	50.0	50.0	50.0	50.0	300
2020-06-03	50.0	50.0	50.0	50.0	20600
2020-06-04	50.0	50.0	50.0	50.0	1100
2020-06-05	50.0	50.0	50.0	50.0	1100
2020-06-08	50.0	50.0	50.0	50.0	500
2020-06-09	50.0	50.0	50.0	50.0	122300
2020-06-10	50.0	50.0	50.0	50.0	20100
2020-06-11	50.0	50.0	50.0	50.0	20000
2020-06-12	50.0	50.0	50.0	50.0	
2020-06-12	50.0	50.0	50.0	50.0	20000
					0
2020-06-16	50.0	50.0	50.0	50.0	100
2020-06-17	50.0	50.0	50.0	50.0	3600
2020-06-18	50.0	50.0	50.0	50.0	2700
2020-06-19	50.0	50.0	50.0	50.0	
2020-06-19	50.0	50.0	50.0	50.0	1000
					0
2020-06-23	50.0	50.0	50.0	50.0	300
2020-06-23	50.0	50.0	50.0	50.0	
					0
2020-06-25	50.0	50.0	50.0	50.0	20100
2020-06-26	50.0	50.0	50.0	50.0	20600
2020-06-29	50.0	50.0	50.0	50.0	20000
2020-06-30	50.0	50.0	50.0	50.0	20000
2020-07-01	50.0	50.0	50.0	50.0	20200
2020-07-01	50.0	50.0	50.0	50.0	
					0
					0
					0
2020-07-07	50.0	50.0	50.0	50.0	100
2020-07-07	50.0	50.0	50.0	50.0	
					0
2020-07-09	50.0	50.0	50.0	50.0	500
2020-07-10	50.0	50.0	50.0	50.0	100
2020-07-10	50.0	50.0	50.0	50.0	
					0
2020-07-14	50.0	50.0	50.0	50.0	100
2020-07-14	50.0	50.0	50.0	50.0	
					0
					0
					0
2020-07-20	50.0	50.0	50.0	50.0	100
2020-07-21	50.0	50.0	50.0	50.0	200
2020-07-21	50.0	50.0	50.0	50.0	
					0
2020-07-23	50.0	50.0	50.0	50.0	100
2020-07-24	50.0	50.0	50.0	50.0	200
2020-07-27	50.0	50.0	50.0	50.0	100
2020-07-27	50.0	50.0	50.0	50.0	
					0
					0
2020-07-30	50.0	50.0	50.0	50.0	
2020-07-30	50.0	50.0	50.0	50.0	100
					0
					0
					0
2020-08-06	50.0	50.0	50.0	50.0	100
2020-08-07	50.0	50.0	50.0	50.0	1100
2020-08-07	50.0	50.0	50.0	50.0	
					0
					0
2020-08-12	50.0	50.0	50.0	50.0	2700
2020-08-13	50.0	50.0	50.0	50.0	1000
2020-08-14	50.0	50.0	50.0	50.0	
2020-08-14	50.0	50.0	50.0	50.0	200
					0
					0
2020-08-24	50.0	50.0	50.0	50.0	217600
2020-08-25	50.0	50.0	50.0	50.0	900
2020-08-26	50.0	50.0	50.0	50.0	300
2020-08-26	50.0	50.0	50.0	50.0	
					0
2020-08-28	50.0	50.0	50.0	50.0	800
2020-08-31	50.0	50.0	50.0	50.0	1100
2020-08-31	50.0	50.0	50.0	50.0	
					0
2020-09-02	50.0	50.0	50.0	50.0	500
2020-09-03	50.0	50.0	50.0	50.0	2300
2020-09-03	50.0	50.0	50.0	50.0	
					0
					0
					0
2020-09-09	50.0	50.0	50.0	50.0	1700
2020-09-10	50.0	50.0	50.0	50.0	3400
2020-09-10	50.0	50.0	50.0	50.0	
					0
2020-09-14	50.0	50.0	50.0	50.0	1000
2020-09-15	50.0	50.0	50.0	50.0	100
2020-09-16	50.0	50.0	50.0	50.0	100
2020-09-17	50.0	50.0	50.0	50.0	100
2020-09-17	50.0	50.0	50.0	50.0	
					0
2020-09-21	50.0	50.0	50.0	50.0	100
2020-09-22	50.0	50.0	50.0	50.0	1600
2020-09-22	50.0	50.0	50.0	50.0	
					0
2020-09-24	50.0	50.0	50.0	50.0	
2020-09-24	50.0	50.0	50.0	50.0	100
					0
					0
2020-09-29	50.0	50.0	50.0	50.0	
2020-09-29	50.0	50.0	50.0	50.0	2000
					0
2020-10-01	50.0	50.0	50.0	50.0	
2020-10-01	50.0	50.0	50.0	50.0	3800
					0
2020-10-05	50.0	50.0	50.0	50.0	
2020-10-05	50.0	50.0	50.0	50.0	500
					0
2020-10-07	50.0	50.0	50.0	50.0	13500
2020-10-08	50.0	50.0	50.0	50.0	
2020-10-08	50.0	50.0	50.0	50.0	9900
					0
2020-10-12	50.0	50.0	50.0	50.0	600
2020-10-13	50.0	50.0	50.0	50.0	
2020-10-13	50.0	50.0	50.0	50.0	900
					0
2020-10-15	50.0	50.0	50.0	50.0	
2020-10-15	50.0	50.0	50.0	50.0	1000
					0
					0
2020-10-20	50.0	50.0	50.0	50.0	100
2020-10-21	50.0	50.0	50.0	50.0	
2020-10-21	50.0	50.0	50.0	50.0	1000
					0
2020-10-23	50.0	50.0	50.0	50.0	100
2020-10-26	50.0	50.0	50.0	50.0	
2020-10-26	50.0	50.0	50.0	50.0	600
					0
2020-11-02	50.0	50.0	50.0	50.0	600
2020-11-03	50.0	50.0	50.0	50.0	200
2020-11-03	50.0	50.0	50.0	50.0	
					0
2020-11-05	50.0	50.0	51.0	50.0	346300
2020-11-06	50.0	50.0	50.0	50.0	200
2020-11-09	50.0	50.0	50.0	50.0	100
2020-11-10	50.0	50.0	50.0	50.0	
2020-11-10	50.0	50.0	50.0	50.0	900
					0
2020-11-12	50.0	50.0	50.0	50.0	10700
2020-11-12	50.0	50.0	50.0	50.0	
					0
2020-11-16	50.0	50.0	50.0	50.0	
2020-11-16	50.0	50.0	50.0	50.0	400
					0
2020-11-18	50.0	50.0	50.0	50.0	100
2020-11-19	50.0	50.0	50.0	50.0	400
2020-11-20	51.0	50.0	51.0	50.0	1700
2020-11-23	50.0	50.0	50.0	50.0	202000
2020-11-24	50.0	50.0	50.0	50.0	600
2020-11-25	50.0	50.0	50.0	50.0	200
2020-11-26	50.0	50.0	50.0	50.0	6300
2020-11-27	50.0	50.0	50.0	50.0	4200
2020-11-30	50.0	50.0	50.0	50.0	3400
2020-12-01	50.0	50.0	50.0	50.0	1700
2020-12-02	50.0	50.0	50.0	50.0	2700
2020-12-03	50.0	50.0	50.0	50.0	200
2020-12-04	50.0	50.0	50.0	50.0	500
2020-12-07	50.0	50.0	50.0	50.0	200
2020-12-08	50.0	50.0	50.0	50.0	3800
2020-12-10	50.0	50.0	50.0	50.0	23300
2020-12-11	50.0	50.0	50.0	50.0	27000
2020-12-14	50.0	50.0	50.0	50.0	8100
2020-12-15	50.0	50.0	50.0	50.0	300
2020-12-16	50.0	50.0	50.0	50.0	37700
2020-12-17	50.0	50.0	50.0	50.0	6900
2020-12-18	50.0	50.0	50.0	50.0	5000
2020-12-21	50.0	50.0	50.0	50.0	300
2020-12-22	50.0	50.0	50.0	50.0	300
2020-12-23	50.0	50.0	50.0	50.0	2200
2020-12-28	50.0	50.0	50.0	50.0	
2020-12-28	50.0	50.0	50.0	50.0	300
					0
2020-12-30	50.0	50.0	50.0	50.0	300
2021-01-04	50.0	50.0	50.0	50.0	300
2021-01-05	50.0	50.0	50.0	50.0	
2021-01-05	50.0	50.0	50.0	50.0	100
					0
2021-01-07	50.0	50.0	50.0	50.0	400
2021-01-08	50.0	50.0	50.0	50.0	20100
2021-01-11	50.0	50.0	50.0	50.0	3000
2021-01-12	50.0	50.0	50.0	50.0	100
2021-01-12	50.0	50.0	50.0	50.0	
					0
2021-01-14	50.0	50.0	50.0	50.0	8100
2021-01-15	50.0	50.0	50.0	50.0	2800
2021-01-18	50.0	50.0	50.0	50.0	10400
2021-01-19	50.0	50.0	50.0	50.0	10100
2021-01-20	50.0	50.0	50.0	50.0	2800
2021-01-20	50.0	50.0	50.0	50.0	
					0
2021-01-22	50.0	50.0	50.0	50.0	500
2021-01-25	50.0	50.0	50.0	50.0	1300
2021-01-26	50.0	50.0	50.0	50.0	1400
2021-01-27	50.0	50.0	50.0	50.0	100
2021-01-28	50.0	50.0	50.0	50.0	
2021-01-28	50.0	50.0	50.0	50.0	11300
					0
2021-02-01	50.0	50.0	50.0	50.0	300
2021-02-02	50.0	50.0	50.0	50.0	200
2021-02-02	50.0	50.0	50.0	50.0	
					0
2021-02-04	50.0	50.0	50.0	50.0	200
2021-02-05	50.0	50.0	50.0	50.0	4100
2021-02-08	50.0	50.0	50.0	50.0	20500
2021-02-09	50.0	50.0	50.0	50.0	100
2021-02-10	50.0	50.0	50.0	50.0	200
2021-02-11	50.0	50.0	50.0	50.0	200
2021-02-15	50.0	50.0	50.0	50.0	7100
2021-02-16	50.0	50.0	50.0	50.0	100
2021-02-17	50.0	50.0	50.0	50.0	800
2021-02-17	50.0	50.0	50.0	50.0	
					0
2021-02-19	50.0	50.0	50.0	50.0	
2021-02-19	50.0	50.0	50.0	50.0	20100
					0
					0
2021-02-24	50.0	50.0	67.0	50.0	5087900
2021-02-25	50.0	50.0	50.0	50.0	81100
2021-02-26	50.0	50.0	50.0	50.0	5700
2021-03-01	50.0	50.0	50.0	50.0	1500
2021-03-02	50.0	50.0	50.0	50.0	20500
2021-03-03	50.0	50.0	50.0	50.0	200
2021-03-04	50.0	50.0	50.0	50.0	1000
2021-03-05	50.0	50.0	50.0	50.0	1600
2021-03-08	50.0	50.0	50.0	50.0	1000
2021-03-09	50.0	50.0	50.0	50.0	12300
2021-03-10	50.0	50.0	50.0	50.0	600
2021-03-12	50.0	50.0	50.0	50.0	24200
2021-03-15	50.0	50.0	50.0	50.0	16400
2021-03-16	50.0	50.0	50.0	50.0	9400
2021-03-17	50.0	50.0	50.0	50.0	2300
2021-03-18	50.0	50.0	50.0	50.0	4600
2021-03-19	50.0	50.0	50.0	50.0	2100
2021-03-22	50.0	50.0	50.0	50.0	23300
2021-03-23	50.0	50.0	50.0	50.0	29300
2021-03-24	50.0	50.0	50.0	50.0	600
2021-03-25	50.0	50.0	50.0	50.0	147300
2021-03-26	50.0	50.0	50.0	50.0	60700
2021-03-29	50.0	50.0	50.0	50.0	64800
2021-03-30	50.0	50.0	50.0	50.0	10600
2021-03-31	50.0	50.0	50.0	50.0	33700
2021-04-01	50.0	50.0	50.0	50.0	2600
2021-04-05	50.0	50.0	50.0	50.0	2200
2021-04-06	50.0	50.0	50.0	50.0	1300
2021-04-07	50.0	50.0	50.0	50.0	3500
2021-04-08	50.0	50.0	50.0	50.0	13200
2021-04-09	50.0	50.0	50.0	50.0	1400
2021-04-12	50.0	50.0	50.0	50.0	4200
2021-04-13	50.0	50.0	50.0	50.0	18000
2021-04-14	50.0	50.0	50.0	50.0	3300
2021-04-15	50.0	50.0	67.0	53.0	7721500
2021-04-16	54.0	53.0	71.0	71.0	24623500
2021-04-19	72.0	67.0	89.0	67.0	17870100
2021-04-20	63.0	63.0	68.0	63.0	527700
2021-04-21	60.0	59.0	61.0	59.0	1419000
2021-04-22	56.0	55.0	79.0	79.0	17230500
2021-04-23	86.0	76.0	104.0	80.0	89530600
2021-04-26	80.0	75.0	93.0	82.0	48268000
2021-04-27	84.0	79.0	92.0	85.0	54181300
2021-04-28	89.0	80.0	89.0	81.0	24394400
2021-04-29	80.0	76.0	83.0	77.0	11554700
2021-04-30	77.0	75.0	80.0	78.0	4659000
2021-05-03	79.0	76.0	79.0	76.0	2611400
2021-05-04	76.0	74.0	78.0	76.0	2484400
2021-05-05	76.0	75.0	78.0	77.0	1634300
2021-05-06	85.0	75.0	85.0	75.0	9694300
2021-05-07	75.0	70.0	77.0	70.0	3078900
2021-05-10	70.0	67.0	72.0	68.0	4126400
2021-05-11	70.0	66.0	83.0	71.0	35845400
2021-05-17	71.0	67.0	78.0	67.0	13557500
2021-05-18	67.0	63.0	67.0	63.0	4862200
2021-05-19	63.0	62.0	68.0	63.0	1320800
2021-05-20	64.0	63.0	71.0	71.0	8820000
2021-05-21	71.0	67.0	73.0	67.0	2373600
2021-05-24	64.0	63.0	66.0	64.0	5048000
2021-05-25	64.0	63.0	66.0	64.0	1240400
2021-05-27	64.0	63.0	67.0	64.0	1213700
2021-05-28	64.0	62.0	65.0	63.0	1233100
2021-05-31	63.0	59.0	65.0	61.0	1775600
2021-06-02	60.0	60.0	71.0	66.0	16953600
2021-06-03	67.0	62.0	68.0	63.0	4029100
2021-06-04	64.0	62.0	66.0	63.0	1693300
2021-06-07	63.0	63.0	66.0	65.0	1163900
2021-06-08	70.0	63.0	70.0	64.0	989400
2021-06-09	64.0	62.0	65.0	64.0	1151400
2021-06-10	64.0	61.0	64.0	62.0	1305800
2021-06-11	62.0	61.0	67.0	63.0	3093200
2021-06-14	64.0	61.0	64.0	62.0	1262800
2021-06-15	62.0	61.0	65.0	62.0	479500
2021-06-16	62.0	61.0	64.0	61.0	608900
2021-06-17	61.0	59.0	61.0	59.0	412400
2021-06-18	64.0	55.0	64.0	57.0	784700
2021-06-21	57.0	54.0	57.0	56.0	676700
2021-06-22	55.0	53.0	59.0	56.0	1692300
2021-06-23	57.0	56.0	75.0	75.0	60319200
2021-06-24	83.0	81.0	101.0	101.0	41515800
2021-06-25	111.0	111.0	136.0	136.0	103765200
2021-06-28	140.0	127.0	178.0	127.0	142085400
2021-06-29	127.0	119.0	127.0	119.0	173600
2021-06-30	111.0	111.0	111.0	111.0	195500
2021-07-01	104.0	104.0	104.0	104.0	127100
2021-07-02	97.0	97.0	97.0	97.0	466900
2021-07-05	91.0	91.0	111.0	91.0	33374500
2021-07-06	86.0	85.0	122.0	122.0	55199500
2021-07-07	135.0	114.0	146.0	114.0	22008100
2021-07-08	107.0	107.0	107.0	107.0	832300
2021-07-09	100.0	100.0	100.0	100.0	1594300
2021-07-12	93.0	93.0	133.0	118.0	108955900
2021-07-13	116.0	110.0	120.0	110.0	3122100
2021-07-14	103.0	103.0	103.0	103.0	428200
2021-07-15	96.0	96.0	132.0	102.0	58463700
2021-07-16	104.0	103.0	121.0	106.0	29957100
2021-07-19	100.0	100.0	114.0	103.0	6639700
2021-07-21	99.0	97.0	107.0	99.0	4346300
2021-07-22	97.0	97.0	104.0	104.0	4307700
2021-07-23	105.0	100.0	108.0	101.0	5423400
2021-07-26	100.0	99.0	103.0	100.0	2496600
2021-07-27	100.0	98.0	104.0	100.0	2535900
2021-07-28	99.0	98.0	102.0	100.0	1155800
2021-07-29	99.0	97.0	102.0	98.0	1332000
2021-07-30	98.0	93.0	98.0	97.0	1779700
2021-08-02	97.0	93.0	98.0	94.0	2512200
2021-08-03	96.0	93.0	96.0	94.0	1513400
2021-08-04	94.0	92.0	110.0	97.0	18436000
2021-08-05	99.0	94.0	103.0	94.0	4514400
2021-08-06	94.0	94.0	97.0	96.0	1482100
2021-08-09	94.0	92.0	96.0	95.0	1243300
2021-08-10	92.0	92.0	96.0	93.0	770700
2021-08-12	93.0	89.0	94.0	92.0	1288400
2021-08-13	89.0	86.0	92.0	86.0	2469300
2021-08-16	87.0	86.0	116.0	116.0	59354200
2021-08-18	118.0	118.0	156.0	156.0	194901500
2021-08-19	170.0	146.0	170.0	146.0	13864900
2021-08-20	136.0	136.0	136.0	136.0	62000
2021-08-23	127.0	127.0	127.0	127.0	609200
2021-08-24	119.0	119.0	144.0	119.0	66958800
2021-08-25	111.0	111.0	151.0	119.0	142820700
2021-08-26	119.0	113.0	153.0	134.0	161028800
2021-08-27	135.0	125.0	151.0	125.0	100886600
2021-08-30	120.0	118.0	146.0	127.0	112573600
2021-08-31	128.0	123.0	151.0	132.0	141523400
2021-09-01	133.0	128.0	144.0	133.0	50191800
2021-09-02	134.0	133.0	146.0	137.0	63585600
2021-09-03	137.0	128.0	139.0	129.0	14493800
2021-09-06	129.0	123.0	143.0	130.0	66861600
2021-09-07	130.0	129.0	141.0	132.0	58854800
2021-09-08	132.0	123.0	141.0	130.0	34277200
2021-09-09	130.0	127.0	138.0	131.0	32674400
2021-09-10	134.0	128.0	135.0	131.0	7255800
2021-09-13	135.0	128.0	135.0	128.0	9269000
2021-09-14	125.0	125.0	144.0	132.0	78618900
2021-09-15	132.0	130.0	143.0	134.0	45492900
2021-09-16	135.0	132.0	136.0	133.0	8412500
2021-09-17	132.0	132.0	137.0	133.0	11492900
2021-09-20	133.0	130.0	135.0	130.0	6786100
2021-09-21	134.0	130.0	175.0	166.0	361281700
2021-09-22	168.0	166.0	224.0	224.0	237466400
2021-09-23	230.0	210.0	244.0	210.0	46802200
2021-09-24	196.0	196.0	196.0	196.0	901200
2021-09-27	183.0	183.0	226.0	183.0	162473300
2021-09-28	183.0	171.0	190.0	181.0	23818200
2021-09-29	178.0	177.0	208.0	188.0	87061000
2021-09-30	198.0	181.0	200.0	182.0	23132500
2021-10-01	182.0	172.0	184.0	172.0	7876000
2021-10-04	172.0	164.0	177.0	165.0	6583800
2021-10-05	165.0	161.0	222.0	222.0	225231300
2021-10-06	240.0	208.0	240.0	208.0	34809700
2021-10-07	194.0	194.0	194.0	194.0	997700
2021-10-08	181.0	181.0	228.0	192.0	133837600
2021-10-11	193.0	181.0	206.0	184.0	16241400
2021-10-12	184.0	184.0	222.0	208.0	108752200
2021-10-13	208.0	194.0	210.0	194.0	16409500
2021-10-14	194.0	190.0	204.0	195.0	7567700
2021-10-15	195.0	189.0	202.0	192.0	10616700
2021-10-18	193.0	192.0	214.0	202.0	54136700
2021-10-19	202.0	195.0	206.0	195.0	9340600
2021-10-21	195.0	195.0	214.0	202.0	45748100
2021-10-22	202.0	198.0	208.0	200.0	14831200
2021-10-25	202.0	199.0	204.0	202.0	7022600
2021-10-26	204.0	202.0	228.0	220.0	72769800
2021-10-27	220.0	206.0	228.0	206.0	28703700
2021-10-28	206.0	202.0	216.0	204.0	8346300
2021-10-29	206.0	202.0	212.0	206.0	5348800
2021-11-01	206.0	202.0	214.0	208.0	13417600
2021-11-02	214.0	208.0	224.0	208.0	32579000
2021-11-03	218.0	204.0	222.0	208.0	6992000
2021-11-04	208.0	204.0	210.0	206.0	3561400
2021-11-05	206.0	196.0	208.0	198.0	9055800
2021-11-08	198.0	188.0	199.0	190.0	9506200
2021-11-09	192.0	183.0	196.0	191.0	6335300
2021-11-10	193.0	191.0	212.0	202.0	40069800
2021-11-11	204.0	196.0	204.0	197.0	5484700
2021-11-12	197.0	191.0	199.0	192.0	5017300
2021-11-15	193.0	183.0	193.0	185.0	5777900
2021-11-16	186.0	183.0	188.0	184.0	4119500
2021-11-17	184.0	184.0	191.0	187.0	4124300
2021-11-18	188.0	186.0	199.0	188.0	11188700
2021-11-19	189.0	186.0	190.0	186.0	3336900
2021-11-22	189.0	183.0	206.0	206.0	43823700
2021-11-23	208.0	192.0	212.0	192.0	36594000
2021-11-24	192.0	187.0	195.0	187.0	4973700
2021-11-25	187.0	185.0	192.0	187.0	4047300
2021-11-26	188.0	184.0	190.0	184.0	3518300
2021-11-29	184.0	172.0	186.0	177.0	4380100
2021-11-30	180.0	173.0	200.0	175.0	49938800
2021-12-01	175.0	166.0	182.0	169.0	6061600
2021-12-02	169.0	169.0	194.0	189.0	33245500
2021-12-03	191.0	185.0	196.0	185.0	16436800
2021-12-06	187.0	175.0	187.0	178.0	5529900
2021-12-07	180.0	179.0	190.0	189.0	15438800
2021-12-08	189.0	184.0	193.0	187.0	9282800
2021-12-09	178.0	178.0	190.0	180.0	3785900
2021-12-10	173.0	173.0	187.0	182.0	3194600
2021-12-13	184.0	180.0	186.0	184.0	1685700
2021-12-14	186.0	179.0	186.0	179.0	2461900
2021-12-15	179.0	179.0	184.0	179.0	1583700
2021-12-16	181.0	179.0	189.0	184.0	7644500
2021-12-17	184.0	180.0	185.0	182.0	1283700
2021-12-20	182.0	179.0	184.0	181.0	1710800
2021-12-21	186.0	179.0	186.0	181.0	1335600
2021-12-22	186.0	181.0	188.0	182.0	6254900
2021-12-23	186.0	181.0	186.0	183.0	1773600
2021-12-24	183.0	180.0	216.0	182.0	95052900
2021-12-27	185.0	176.0	226.0	226.0	119196000
2021-12-28	232.0	212.0	238.0	212.0	63022900
2021-12-29	198.0	198.0	264.0	264.0	185816400
2021-12-30	268.0	246.0	288.0	246.0	108182100
2022-01-03	236.0	230.0	236.0	230.0	1817900
2022-01-04	216.0	214.0	284.0	276.0	140960000
2022-01-05	280.0	258.0	306.0	258.0	131026700
2022-01-06	258.0	240.0	258.0	240.0	14689600
2022-01-07	240.0	230.0	270.0	270.0	57950000
2022-01-10	274.0	252.0	274.0	252.0	20262200
2022-01-11	252.0	236.0	276.0	248.0	40715000
2022-01-12	246.0	236.0	262.0	238.0	10435500
2022-01-13	242.0	236.0	290.0	284.0	83153600
2022-01-14	290.0	266.0	306.0	266.0	74987100
2022-01-17	266.0	256.0	332.0	332.0	155469300
2022-01-18	348.0	310.0	372.0	310.0	143792200
2022-01-19	312.0	296.0	330.0	324.0	71208300
2022-01-20	324.0	310.0	330.0	314.0	17167400
2022-01-21	314.0	296.0	322.0	298.0	8751200
2022-01-24	294.0	292.0	316.0	304.0	6834500
2022-01-25	306.0	284.0	308.0	284.0	7270300
2022-01-26	284.0	268.0	302.0	270.0	15210500
2022-01-27	260.0	258.0	294.0	268.0	13550800
2022-01-28	268.0	268.0	286.0	276.0	5879100
2022-01-31	278.0	276.0	288.0	284.0	5868000
2022-02-02	290.0	278.0	290.0	280.0	5659400
2022-02-03	280.0	274.0	290.0	278.0	10941900
2022-02-04	278.0	276.0	288.0	278.0	5750100
2022-02-07	278.0	278.0	286.0	282.0	5489000
2022-02-08	282.0	278.0	286.0	278.0	3250900
2022-02-09	278.0	276.0	302.0	302.0	29936900
2022-02-10	302.0	286.0	308.0	292.0	18375900
2022-02-11	292.0	284.0	296.0	286.0	3643000
2022-02-14	288.0	266.0	292.0	266.0	6509000
2022-02-15	258.0	250.0	266.0	254.0	4869100
2022-02-16	254.0	254.0	270.0	262.0	5191200
2022-02-17	262.0	258.0	266.0	258.0	1603800
2022-02-18	256.0	256.0	264.0	258.0	1434300
2022-02-21	260.0	242.0	262.0	252.0	4576000
2022-02-22	254.0	248.0	256.0	248.0	1455000
2022-02-23	248.0	246.0	254.0	248.0	1897400
2022-02-24	258.0	232.0	282.0	232.0	32775100
2022-02-25	236.0	224.0	244.0	230.0	2797900
2022-03-01	230.0	228.0	246.0	234.0	8139600
2022-03-02	220.0	220.0	266.0	256.0	29257000
2022-03-04	276.0	240.0	276.0	240.0	8305900
2022-03-07	236.0	226.0	248.0	234.0	3517300
2022-03-08	232.0	218.0	234.0	218.0	1672600
2022-03-09	204.0	204.0	248.0	218.0	13712800
2022-03-10	212.0	212.0	228.0	222.0	2726700
2022-03-11	210.0	210.0	228.0	222.0	1344500
2022-03-14	222.0	218.0	226.0	220.0	1364200
2022-03-15	220.0	216.0	226.0	216.0	1574500
2022-03-16	216.0	216.0	222.0	216.0	519100
2022-03-17	216.0	216.0	230.0	218.0	1975900
2022-03-18	220.0	214.0	224.0	216.0	1689200
2022-03-21	216.0	212.0	220.0	212.0	1013200
2022-03-22	212.0	210.0	224.0	214.0	1795600
2022-03-23	216.0	212.0	224.0	216.0	2325100
2022-03-24	216.0	212.0	220.0	216.0	438100
2022-03-25	216.0	212.0	216.0	212.0	781500
2022-03-28	212.0	208.0	218.0	210.0	874900
2022-03-29	210.0	206.0	220.0	210.0	2196400
2022-03-30	210.0	206.0	214.0	206.0	624300
2022-03-31	206.0	200.0	232.0	202.0	21539300
2022-04-01	202.0	200.0	238.0	238.0	17895000
2022-04-04	240.0	222.0	256.0	224.0	37991200
2022-04-05	212.0	212.0	230.0	220.0	3894900
2022-04-06	220.0	212.0	222.0	212.0	1568000
2022-04-07	212.0	212.0	218.0	216.0	990000
2022-04-08	212.0	212.0	220.0	216.0	681600
2022-04-11	216.0	202.0	216.0	206.0	1837200
2022-04-12	194.0	194.0	256.0	256.0	38316400
2022-04-13	260.0	240.0	272.0	240.0	28916100
2022-04-14	240.0	224.0	242.0	224.0	3225000
2022-04-18	218.0	218.0	248.0	230.0	7915500
2022-04-19	214.0	214.0	260.0	222.0	32617400
2022-04-20	224.0	220.0	236.0	220.0	3019800
2022-04-21	216.0	216.0	250.0	220.0	12326000
2022-04-22	220.0	220.0	274.0	274.0	39428500
2022-04-25	290.0	256.0	322.0	290.0	182816900
2022-04-26	296.0	270.0	304.0	270.0	35757500
2022-04-27	268.0	252.0	294.0	254.0	46900500
2022-04-28	252.0	252.0	312.0	310.0	96123600
2022-05-09	310.0	290.0	330.0	290.0	74879200
2022-05-10	288.0	270.0	288.0	270.0	11122200
2022-05-11	276.0	256.0	292.0	262.0	12055500
2022-05-12	264.0	252.0	282.0	258.0	10979100
2022-05-13	262.0	252.0	286.0	260.0	16162100
2022-05-17	276.0	262.0	276.0	266.0	5914300
2022-05-18	268.0	258.0	268.0	264.0	3365700
2022-05-19	264.0	258.0	272.0	264.0	5077600
2022-05-20	270.0	262.0	274.0	264.0	4431100
2022-05-23	260.0	260.0	322.0	310.0	59474000
2022-05-24	314.0	290.0	328.0	290.0	32250200
2022-05-25	280.0	270.0	288.0	270.0	27881800
2022-05-27	270.0	252.0	270.0	252.0	25425400
2022-05-30	254.0	252.0	264.0	258.0	16851000
2022-05-31	250.0	244.0	266.0	252.0	7095900
2022-06-02	254.0	246.0	258.0	248.0	4786300
2022-06-03	240.0	240.0	256.0	248.0	4161900
2022-06-06	252.0	242.0	258.0	244.0	2910300
2022-06-07	244.0	244.0	278.0	276.0	24827600
2022-06-08	276.0	258.0	328.0	324.0	119894800
2022-06-09	326.0	302.0	348.0	302.0	79838200
2022-06-10	282.0	282.0	302.0	282.0	7541600
2022-06-13	264.0	264.0	346.0	344.0	97000300
2022-06-14	344.0	320.0	360.0	320.0	77523500
2022-06-15	320.0	298.0	320.0	298.0	10922200
2022-06-16	280.0	278.0	324.0	300.0	23683000
2022-06-17	286.0	286.0	314.0	298.0	7580400
2022-06-20	298.0	298.0	314.0	302.0	11988000
2022-06-21	304.0	292.0	322.0	294.0	56846400
2022-06-22	296.0	290.0	304.0	292.0	4222400
2022-06-23	292.0	290.0	300.0	296.0	4239800
2022-06-24	294.0	276.0	348.0	276.0	99274800
2022-06-27	260.0	258.0	276.0	260.0	10998200
2022-06-28	246.0	246.0	284.0	258.0	56607500
2022-06-29	258.0	252.0	264.0	252.0	6680200
2022-06-30	250.0	250.0	262.0	250.0	7272500
2022-07-01	236.0	236.0	256.0	238.0	4863900
2022-07-04	238.0	224.0	248.0	224.0	5003400
2022-07-05	220.0	220.0	238.0	232.0	3478300
2022-07-06	230.0	230.0	252.0	238.0	6997700
2022-07-07	230.0	230.0	246.0	236.0	3650500
2022-07-08	238.0	238.0	244.0	238.0	2231500
2022-07-11	238.0	238.0	258.0	244.0	8176100
2022-07-12	244.0	244.0	254.0	244.0	4445500
2022-07-13	244.0	242.0	248.0	248.0	1982600
2022-07-14	242.0	238.0	256.0	242.0	2723000
2022-07-15	236.0	236.0	246.0	240.0	2356900
2022-07-18	232.0	232.0	242.0	240.0	1397700
2022-07-19	228.0	228.0	242.0	238.0	1284300
2022-07-20	228.0	228.0	240.0	236.0	751100
2022-07-21	236.0	236.0	246.0	240.0	2081600
2022-07-22	244.0	238.0	244.0	238.0	1050000
2022-07-25	232.0	232.0	242.0	240.0	633400
2022-07-26	240.0	238.0	246.0	238.0	1709100
2022-07-27	224.0	224.0	242.0	238.0	1245100
2022-07-28	232.0	232.0	240.0	236.0	555700
2022-07-29	236.0	236.0	240.0	236.0	865700
2022-08-01	228.0	228.0	238.0	236.0	798000
2022-08-02	222.0	222.0	236.0	230.0	1243300
2022-08-03	234.0	228.0	238.0	232.0	554700
2022-08-04	224.0	224.0	234.0	232.0	458400
2022-08-05	224.0	224.0	234.0	228.0	1144600
2022-08-08	228.0	226.0	238.0	230.0	1803800
2022-08-09	216.0	214.0	232.0	224.0	1686200
2022-08-10	226.0	222.0	232.0	226.0	896800
2022-08-11	228.0	224.0	232.0	226.0	474500
2022-08-12	220.0	220.0	228.0	224.0	306700
2022-08-15	212.0	212.0	268.0	262.0	42843300
2022-08-16	250.0	250.0	286.0	276.0	66190100
2022-08-18	316.0	280.0	324.0	316.0	104432000
2022-08-19	356.0	294.0	356.0	304.0	82200800
2022-08-22	344.0	306.0	362.0	354.0	116028400
2022-08-23	358.0	330.0	368.0	330.0	43246600
2022-08-24	330.0	308.0	336.0	308.0	3105000
2022-08-25	308.0	288.0	308.0	288.0	6810700
2022-08-26	270.0	270.0	300.0	276.0	14545500
2022-08-29	278.0	278.0	288.0	282.0	3937000
2022-08-30	274.0	274.0	298.0	286.0	5254500
2022-08-31	282.0	278.0	290.0	284.0	4622400
2022-09-01	282.0	282.0	296.0	286.0	3275300
2022-09-02	278.0	266.0	300.0	266.0	40068900
2022-09-05	248.0	248.0	274.0	248.0	18889400
2022-09-06	232.0	232.0	248.0	232.0	5613200
2022-09-07	220.0	216.0	238.0	216.0	10610600
2022-09-08	212.0	210.0	220.0	212.0	4539300
2022-09-09	198.0	198.0	222.0	212.0	5494200
2022-09-12	214.0	208.0	218.0	210.0	2271200
2022-09-13	220.0	208.0	220.0	210.0	1455500
2022-09-14	198.0	198.0	212.0	200.0	2023200
2022-09-15	200.0	199.0	210.0	202.0	2454000
2022-09-16	199.0	188.0	204.0	190.0	3244100
2022-09-19	181.0	177.0	191.0	177.0	3036200
2022-09-20	177.0	165.0	177.0	168.0	2426700
2022-09-21	168.0	160.0	174.0	168.0	2638500
2022-09-22	166.0	163.0	172.0	169.0	2438700
2022-09-23	159.0	159.0	174.0	170.0	792900
2022-09-26	170.0	169.0	180.0	174.0	3478600
2022-09-27	170.0	162.0	174.0	169.0	987800
2022-09-28	162.0	162.0	177.0	169.0	1282600
2022-09-29	169.0	163.0	172.0	163.0	410700
2022-09-30	155.0	155.0	167.0	161.0	969900
2022-10-03	151.0	151.0	163.0	154.0	705300
2022-10-04	154.0	152.0	163.0	160.0	495100
2022-10-05	155.0	155.0	169.0	168.0	558100
2022-10-06	161.0	161.0	172.0	167.0	1165500
2022-10-07	160.0	160.0	167.0	162.0	163600
2022-10-10	154.0	154.0	167.0	158.0	1387100
2022-10-11	160.0	156.0	161.0	158.0	482400
2022-10-12	149.0	147.0	173.0	157.0	3244200
2022-10-13	154.0	154.0	172.0	172.0	3417400
2022-10-14	181.0	164.0	187.0	168.0	2743400
2022-10-17	160.0	160.0	170.0	165.0	605900
2022-10-18	157.0	157.0	168.0	164.0	398500
2022-10-19	160.0	158.0	170.0	161.0	220500
2022-10-20	153.0	153.0	165.0	157.0	409800
2022-10-21	149.0	149.0	162.0	157.0	311800
2022-10-24	148.0	148.0	161.0	155.0	339600
2022-10-25	153.0	151.0	170.0	170.0	3161500
2022-10-26	174.0	163.0	187.0	187.0	4346900
2022-10-27	192.0	189.0	204.0	204.0	17796900
2022-10-28	206.0	204.0	220.0	218.0	19545800
2022-10-31	218.0	218.0	238.0	238.0	34657300
2022-11-01	240.0	222.0	246.0	222.0	15539100
2022-11-02	208.0	208.0	208.0	208.0	449800
2022-11-03	194.0	194.0	224.0	222.0	23032300
2022-11-04	226.0	208.0	226.0	208.0	6043300
2022-11-07	204.0	194.0	214.0	208.0	15974000
2022-11-08	204.0	202.0	210.0	202.0	6123000
2022-11-09	202.0	200.0	214.0	210.0	7077000
2022-11-10	212.0	210.0	220.0	212.0	18391100
2022-11-11	212.0	210.0	214.0	210.0	4928000
2022-11-14	210.0	210.0	216.0	214.0	5169100
2022-11-15	216.0	200.0	228.0	200.0	41085300
2022-11-16	186.0	186.0	186.0	186.0	2396100
2022-11-17	178.0	173.0	182.0	173.0	11978400
2022-11-18	172.0	161.0	177.0	161.0	17033200
2022-11-21	161.0	150.0	162.0	154.0	7308600
2022-11-22	156.0	150.0	156.0	152.0	2182900
2022-11-23	152.0	149.0	154.0	151.0	2045200
2022-11-24	151.0	149.0	161.0	157.0	8572400
2022-11-25	162.0	155.0	162.0	156.0	2791000
2022-11-28	157.0	152.0	159.0	152.0	1215300
2022-11-29	158.0	149.0	158.0	152.0	978700
2022-11-30	158.0	151.0	158.0	151.0	1144400
2022-12-01	156.0	141.0	156.0	146.0	2990100
2022-12-02	152.0	139.0	152.0	140.0	1676100
2022-12-05	146.0	134.0	146.0	134.0	985600
2022-12-06	134.0	125.0	136.0	126.0	1236800
2022-12-07	126.0	118.0	129.0	121.0	809300
2022-12-08	127.0	113.0	127.0	117.0	899600
2022-12-09	125.0	113.0	125.0	119.0	594200
2022-12-12	119.0	111.0	121.0	120.0	809000
2022-12-13	127.0	114.0	127.0	123.0	776500
2022-12-14	131.0	119.0	131.0	122.0	253600
2022-12-15	130.0	120.0	130.0	123.0	266800
2022-12-16	129.0	119.0	133.0	128.0	946000
2022-12-19	135.0	125.0	135.0	127.0	189500
2022-12-20	132.0	120.0	132.0	126.0	499900
2022-12-21	131.0	121.0	131.0	125.0	80400
2022-12-22	129.0	121.0	129.0	124.0	114100
2022-12-23	130.0	122.0	130.0	125.0	59000
2022-12-26	126.0	121.0	126.0	121.0	107700
2022-12-27	123.0	119.0	124.0	120.0	324400
2022-12-28	121.0	114.0	123.0	116.0	708400
2022-12-29	119.0	115.0	121.0	119.0	583500
2022-12-30	123.0	115.0	123.0	117.0	346100
