Date	Price Open	Price Low	Price High	Price Close	Volume
2000-01-04	1422.5	1422.5	1435.0	1435.0	159999
2000-01-05	1435.0	1422.5	1435.0	1422.5	164999
2000-01-06	1422.5	1422.5	1432.5	1432.5	109999
2000-01-11	1432.5	1432.5	1442.5	1442.5	109999
2000-01-12	1442.5	1435.0	1442.5	1435.0	84999
2000-01-13	1435.0	1435.0	1442.5	1442.5	84999
2000-01-13	1435.0	1435.0	1442.5	1442.5	
					0
					0
2000-01-18	1442.5	1432.5	1442.5	1432.5	124999
2000-01-19	1432.5	1422.5	1432.5	1422.5	159999
2000-01-20	1422.5	1422.5	1432.5	1432.5	159999
2000-01-21	1432.5	1422.5	1432.5	1422.5	169999
2000-01-24	1422.5	1422.5	1432.5	1432.5	124999
2000-01-24	1422.5	1422.5	1432.5	1432.5	
					0
2000-01-26	1432.5	1432.5	1442.5	1442.5	169999
2000-01-27	1442.5	1435.0	1442.5	1435.0	154999
2000-01-28	1435.0	1425.0	1435.0	1425.0	
2000-01-28	1435.0	1425.0	1435.0	1425.0	209999
					0
2000-02-01	1425.0	1412.5	1425.0	1412.5	169999
2000-02-02	1412.5	1405.0	1412.5	1405.0	104999
2000-02-03	1405.0	1405.0	1412.5	1412.5	104999
2000-02-04	1412.5	1412.5	1420.0	1420.0	104999
2000-02-07	1420.0	1420.0	1430.0	1430.0	159999
2000-02-08	1440.0	1430.0	1440.0	1435.0	139999
2000-02-09	1435.0	1427.5	1435.0	1427.5	109999
2000-02-09	1435.0	1427.5	1435.0	1427.5	
					0
2000-02-11	1427.5	1415.0	1427.5	1415.0	229999
2000-02-11	1427.5	1415.0	1427.5	1415.0	
					0
					0
					0
					0
					0
					0
					0
					0
					0
2000-02-25	1410.0	1410.0	1410.0	1410.0	24999
2000-02-28	1390.0	1390.0	1390.0	1390.0	
2000-02-28	1390.0	1390.0	1390.0	1390.0	34999
					0
2000-03-02	1370.0	1370.0	1370.0	1370.0	49999
2000-03-02	1370.0	1370.0	1370.0	1370.0	
					0
					0
					0
					0
					0
					0
					0
2000-03-14	1370.0	1370.0	1370.0	1370.0	
2000-03-14	1370.0	1370.0	1370.0	1370.0	14999
					0
					0
2000-03-20	1370.0	1350.0	1370.0	1350.0	59999
2000-03-20	1370.0	1350.0	1370.0	1350.0	
					0
					0
					0
2000-03-24	1340.0	1340.0	1340.0	1340.0	59999
2000-03-27	1330.0	1330.0	1330.0	1330.0	9999
2000-03-28	1330.0	1330.0	1330.0	1330.0	64999
2000-03-29	1320.0	1320.0	1320.0	1320.0	24999
2000-03-30	1310.0	1310.0	1310.0	1310.0	134999
2000-04-03	1305.0	1305.0	1305.0	1305.0	49999
2000-04-03	1305.0	1305.0	1305.0	1305.0	
					0
2000-04-07	1305.0	1300.0	1305.0	1300.0	124999
2000-04-10	1290.0	1290.0	1290.0	1290.0	74999
2000-04-10	1290.0	1290.0	1290.0	1290.0	
					0
					0
					0
					0
					0
					0
					0
					0
					0
2000-04-25	1290.0	1290.0	1290.0	1290.0	124999
2000-04-26	1250.0	1250.0	1250.0	1250.0	24999
2000-04-27	1240.0	1230.0	1240.0	1230.0	
2000-04-27	1240.0	1230.0	1240.0	1230.0	49999
					0
					0
					0
					0
					0
					0
2000-05-08	1230.0	1230.0	1230.0	1230.0	29999
2000-05-08	1230.0	1230.0	1230.0	1230.0	
					0
					0
					0
					0
					0
					0
					0
					0
					0
					0
					0
					0
					0
					0
					0
					0
					0
					0
					0
					0
					0
					0
					0
					0
					0
					0
					0
2000-06-20	1230.0	1230.0	1230.0	1230.0	
2000-06-20	1230.0	1230.0	1230.0	1230.0	79999
					0
					0
					0
					0
					0
					0
					0
					0
					0
					0
					0
					0
					0
					0
					0
					0
					0
					0
					0
					0
					0
					0
					0
					0
					0
					0
2000-07-27	1210.0	1210.0	1210.0	1210.0	
2000-07-27	1210.0	1210.0	1210.0	1210.0	49999
					0
2000-07-31	1207.5	1207.5	1207.5	1207.5	
2000-07-31	1207.5	1207.5	1207.5	1207.5	39999
					0
					0
					0
					0
					0
					0
					0
					0
					0
					0
					0
					0
2000-08-18	1205.0	1195.0	1205.0	1195.0	69999
2000-08-18	1205.0	1195.0	1205.0	1195.0	
					0
					0
					0
					0
					0
					0
2000-08-29	1185.0	1180.0	1185.0	1180.0	39999
2000-08-29	1185.0	1180.0	1185.0	1180.0	
					0
2000-08-31	1170.0	1170.0	1170.0	1170.0	9999
2000-08-31	1170.0	1170.0	1170.0	1170.0	
					0
2000-09-04	1170.0	1170.0	1170.0	1170.0	
2000-09-04	1170.0	1170.0	1170.0	1170.0	9999
					0
					0
					0
2000-09-08	1150.0	1150.0	1150.0	1150.0	
2000-09-08	1150.0	1150.0	1150.0	1150.0	14999
					0
					0
					0
					0
					0
2000-09-18	1130.0	1130.0	1130.0	1130.0	24999
2000-09-19	1120.0	1120.0	1120.0	1120.0	29999
2000-09-20	1110.0	1110.0	1110.0	1110.0	34999
2000-09-20	1110.0	1110.0	1110.0	1110.0	
					0
2000-09-22	1100.0	1100.0	1100.0	1100.0	
2000-09-22	1100.0	1100.0	1100.0	1100.0	39999
					0
2000-09-26	1090.0	1090.0	1090.0	1090.0	
2000-09-26	1090.0	1090.0	1090.0	1090.0	39999
					0
					0
					0
2000-10-02	1090.0	1090.0	1090.0	1090.0	
2000-10-02	1090.0	1090.0	1090.0	1090.0	59999
					0
					0
					0
					0
					0
					0
					0
					0
					0
					0
					0
					0
					0
					0
					0
					0
2000-10-26	1080.0	1080.0	1080.0	1080.0	
2000-10-26	1080.0	1080.0	1080.0	1080.0	9999
					0
					0
					0
					0
					0
					0
					0
					0
					0
2000-11-09	1090.0	1090.0	1090.0	1090.0	
2000-11-09	1090.0	1090.0	1090.0	1090.0	19999
					0
2000-11-13	1080.0	1080.0	1080.0	1080.0	
2000-11-13	1080.0	1080.0	1080.0	1080.0	9999
					0
					0
					0
					0
2000-11-20	1050.0	1030.0	1050.0	1030.0	124999
2000-11-20	1050.0	1030.0	1050.0	1030.0	
					0
					0
					0
					0
					0
					0
					0
					0
					0
					0
					0
					0
					0
					0
					0
					0
					0
					0
					0
2000-12-18	1020.0	1015.0	1020.0	1015.0	49999
2000-12-19	1015.0	1005.0	1015.0	1005.0	19999
2000-12-20	1000.0	980.0	1000.0	980.0	69999
2000-12-21	975.0	970.0	975.0	970.0	24999
2000-12-22	960.0	960.0	960.0	960.0	24999
2000-12-22	960.0	960.0	960.0	960.0	
					0
					0
					0
2001-01-05	955.0	955.0	955.0	955.0	49999
2001-01-05	955.0	955.0	955.0	955.0	
					0
2001-01-09	930.0	915.0	930.0	915.0	74999
2001-01-09	930.0	915.0	930.0	915.0	
					0
2001-01-11	910.0	890.0	910.0	890.0	89999
2001-01-12	890.0	880.0	890.0	880.0	74999
2001-01-15	885.0	885.0	895.0	895.0	64999
2001-01-16	900.0	900.0	900.0	900.0	9999
2001-01-16	900.0	900.0	900.0	900.0	
					0
2001-01-18	910.0	910.0	920.0	920.0	84999
2001-01-19	925.0	925.0	925.0	925.0	
2001-01-19	925.0	925.0	925.0	925.0	14999
					0
					0
					0
2001-01-25	925.0	925.0	925.0	925.0	19999
2001-01-26	930.0	930.0	930.0	930.0	24999
2001-01-26	930.0	930.0	930.0	930.0	
					0
2001-01-30	935.0	935.0	935.0	935.0	24999
2001-01-30	935.0	935.0	935.0	935.0	
					0
					0
2001-02-02	940.0	940.0	940.0	940.0	24999
2001-02-02	940.0	940.0	940.0	940.0	
					0
2001-02-06	940.0	940.0	940.0	940.0	
2001-02-06	940.0	940.0	940.0	940.0	49999
					0
					0
2001-02-09	935.0	935.0	935.0	935.0	
2001-02-09	935.0	935.0	935.0	935.0	19999
					0
					0
					0
2001-02-15	930.0	930.0	930.0	930.0	24999
2001-02-16	925.0	925.0	925.0	925.0	
2001-02-16	925.0	925.0	925.0	925.0	29999
					0
					0
					0
2001-02-22	920.0	920.0	920.0	920.0	
2001-02-22	920.0	920.0	920.0	920.0	24999
					0
2001-02-26	925.0	925.0	930.0	930.0	59999
2001-02-26	925.0	925.0	930.0	930.0	
					0
					0
					0
					0
					0
					0
					0
					0
					0
2001-03-13	925.0	925.0	925.0	925.0	24999
2001-03-13	925.0	925.0	925.0	925.0	
					0
					0
					0
					0
					0
					0
					0
					0
					0
					0
					0
					0
					0
					0
					0
					0
					0
					0
					0
					0
					0
					0
2001-04-17	920.0	920.0	920.0	920.0	9999
2001-04-18	915.0	915.0	915.0	915.0	
2001-04-18	915.0	915.0	915.0	915.0	14999
					0
					0
					0
					0
					0
					0
					0
					0
					0
					0
					0
					0
					0
					0
					0
					0
					0
					0
2001-05-16	910.0	910.0	910.0	910.0	19999
2001-05-16	910.0	910.0	910.0	910.0	
					0
2001-05-18	910.0	910.0	910.0	910.0	14999
2001-05-21	905.0	905.0	905.0	905.0	
2001-05-21	905.0	905.0	905.0	905.0	14999
					0
2001-05-23	900.0	895.0	900.0	895.0	34999
2001-05-25	890.0	885.0	890.0	885.0	
2001-05-25	890.0	885.0	890.0	885.0	39999
					0
2001-05-29	880.0	880.0	880.0	880.0	14999
2001-05-30	880.0	880.0	880.0	880.0	64999
2001-05-31	880.0	880.0	880.0	880.0	
2001-05-31	880.0	880.0	880.0	880.0	24999
					0
					0
2001-06-06	870.0	870.0	870.0	870.0	14999
2001-06-06	870.0	870.0	870.0	870.0	
					0
					0
					0
					0
2001-06-13	895.0	895.0	900.0	900.0	
2001-06-13	895.0	895.0	900.0	900.0	24999
					0
					0
					0
					0
					0
					0
					0
					0
					0
					0
					0
					0
					0
					0
					0
					0
					0
					0
					0
					0
					0
					0
					0
					0
					0
					0
					0
					0
2001-07-24	870.0	870.0	870.0	870.0	39999
2001-07-24	870.0	870.0	870.0	870.0	
					0
					0
					0
					0
					0
					0
					0
					0
					0
					0
					0
					0
					0
					0
					0
					0
					0
					0
					0
					0
					0
					0
					0
					0
					0
					0
					0
					0
					0
					0
					0
					0
					0
					0
					0
					0
					0
					0
					0
					0
					0
					0
					0
2001-09-25	860.0	860.0	860.0	860.0	44999
2001-09-25	860.0	860.0	860.0	860.0	
					0
					0
					0
					0
					0
					0
					0
					0
					0
					0
					0
					0
					0
					0
					0
					0
					0
					0
					0
					0
2001-10-25	840.0	840.0	840.0	840.0	
2001-10-25	840.0	840.0	840.0	840.0	39999
					0
					0
					0
					0
					0
					0
					0
					0
					0
					0
					0
					0
					0
					0
					0
					0
					0
					0
					0
					0
					0
					0
					0
					0
					0
					0
					0
2001-12-04	800.0	790.0	800.0	790.0	
2001-12-04	800.0	790.0	800.0	790.0	24999
					0
					0
2001-12-07	790.0	790.0	790.0	790.0	
2001-12-07	790.0	790.0	790.0	790.0	29999
					0
					0
					0
					0
					0
					0
					0
					0
					0
					0
					0
					0
					0
					0
					0
					0
					0
					0
					0
					0
					0
					0
					0
					0
					0
					0
					0
					0
2002-01-28	790.0	790.0	790.0	790.0	14999
2002-01-28	790.0	790.0	790.0	790.0	
					0
					0
					0
					0
					0
					0
					0
					0
					0
					0
					0
					0
					0
					0
					0
					0
					0
					0
					0
					0
					0
					0
					0
					0
					0
					0
					0
					0
					0
					0
					0
					0
					0
					0
					0
					0
					0
					0
					0
					0
					0
					0
					0
					0
					0
					0
					0
					0
					0
					0
					0
					0
					0
					0
					0
					0
					0
					0
					0
					0
2002-04-29	790.0	790.0	790.0	790.0	49999
2002-04-29	790.0	790.0	790.0	790.0	
					0
					0
					0
					0
					0
					0
					0
					0
					0
					0
					0
					0
					0
					0
					0
					0
					0
					0
					0
					0
					0
					0
					0
					0
					0
					0
					0
					0
					0
					0
					0
2002-06-13	800.0	800.0	800.0	800.0	9999
2002-06-13	800.0	800.0	800.0	800.0	
					0
					0
2002-06-18	805.0	805.0	805.0	805.0	9999
2002-06-18	805.0	805.0	805.0	805.0	
					0
					0
					0
					0
					0
					0
					0
					0
					0
					0
					0
					0
					0
					0
					0
2002-07-10	800.0	800.0	800.0	800.0	
2002-07-10	800.0	800.0	800.0	800.0	49999
					0
					0
					0
					0
					0
					0
					0
					0
					0
					0
					0
					0
					0
					0
					0
					0
					0
					0
					0
2002-08-07	800.0	800.0	800.0	800.0	
2002-08-07	800.0	800.0	800.0	800.0	4999
					0
					0
					0
					0
					0
					0
					0
					0
					0
					0
					0
					0
					0
					0
					0
					0
					0
					0
					0
					0
					0
					0
					0
					0
					0
					0
					0
					0
					0
					0
					0
					0
					0
					0
					0
					0
					0
					0
					0
					0
					0
					0
					0
					0
					0
					0
					0
					0
					0
					0
					0
					0
					0
					0
					0
					0
					0
					0
					0
					0
					0
					0
					0
					0
					0
					0
					0
					0
					0
					0
					0
					0
					0
					0
					0
					0
					0
					0
					0
					0
					0
					0
					0
					0
					0
					0
					0
					0
					0
					0
					0
					0
					0
					0
					0
					0
					0
					0
					0
					0
					0
					0
					0
					0
					0
					0
					0
					0
					0
					0
					0
					0
					0
					0
					0
					0
					0
					0
					0
					0
					0
					0
					0
					0
					0
					0
					0
					0
					0
					0
					0
					0
					0
					0
					0
					0
					0
					0
2003-03-07	805.0	805.0	805.0	805.0	
2003-03-07	805.0	805.0	805.0	805.0	9999
					0
					0
					0
					0
					0
					0
2003-03-18	805.0	805.0	805.0	805.0	14999
2003-03-18	805.0	805.0	805.0	805.0	
					0
					0
					0
					0
					0
2003-03-26	805.0	805.0	805.0	805.0	249999
2003-03-26	805.0	805.0	805.0	805.0	
					0
					0
					0
2003-04-01	805.0	805.0	805.0	805.0	
2003-04-01	805.0	805.0	805.0	805.0	194999
					0
					0
					0
					0
					0
					0
					0
					0
					0
					0
					0
					0
					0
					0
					0
					0
					0
					0
					0
					0
					0
					0
					0
					0
					0
					0
					0
					0
					0
					0
					0
					0
					0
					0
					0
					0
					0
					0
					0
					0
					0
					0
					0
					0
					0
					0
					0
					0
					0
					0
					0
					0
					0
					0
					0
					0
					0
					0
					0
					0
					0
					0
					0
					0
					0
					0
					0
					0
					0
					0
					0
					0
					0
					0
					0
					0
					0
					0
					0
					0
					0
					0
					0
					0
2003-08-05	800.0	800.0	800.0	800.0	24999
2003-08-05	800.0	800.0	800.0	800.0	
					0
					0
					0
					0
					0
					0
					0
					0
					0
					0
					0
					0
					0
					0
					0
					0
					0
					0
					0
					0
					0
					0
					0
					0
					0
					0
					0
					0
					0
					0
					0
					0
					0
					0
					0
					0
					0
					0
					0
					0
					0
					0
					0
					0
					0
					0
					0
					0
					0
					0
					0
					0
					0
					0
					0
					0
					0
					0
					0
					0
					0
					0
					0
					0
					0
					0
					0
					0
					0
					0
					0
					0
					0
					0
					0
					0
					0
					0
					0
					0
					0
					0
					0
					0
					0
					0
					0
					0
					0
					0
					0
					0
					0
					0
					0
					0
					0
					0
					0
					0
					0
					0
					0
					0
					0
					0
					0
					0
					0
					0
					0
					0
					0
					0
					0
					0
					0
					0
					0
					0
					0
					0
					0
					0
					0
					0
					0
					0
					0
					0
					0
					0
					0
					0
					0
					0
					0
					0
					0
					0
					0
					0
					0
					0
					0
					0
					0
					0
					0
					0
					0
					0
					0
					0
					0
					0
					0
					0
					0
					0
2004-04-12	800.0	800.0	800.0	800.0	
2004-04-12	800.0	800.0	800.0	800.0	34999
					0
					0
					0
					0
					0
					0
					0
					0
					0
					0
					0
					0
					0
					0
					0
					0
					0
					0
					0
					0
					0
					0
					0
2004-05-17		800.0	800.0	800.0	59999
2004-05-17		800.0	800.0	800.0	
					0
					0
					0
					0
					0
					0
					0
					0
					0
					0
					0
					0
					0
					0
					0
					0
					0
					0
					0
					0
					0
					0
					0
					0
					0
					0
					0
					0
					0
					0
					0
					0
					0
					0
					0
					0
					0
					0
					0
					0
					0
					0
					0
					0
					0
					0
					0
					0
					0
					0
					0
					0
					0
					0
					0
					0
					0
					0
					0
					0
					0
					0
					0
					0
					0
					0
					0
					0
					0
					0
					0
					0
					0
					0
					0
					0
					0
					0
					0
					0
					0
					0
					0
					0
					0
					0
					0
					0
					0
					0
					0
					0
					0
					0
					0
					0
					0
					0
					0
					0
					0
					0
					0
					0
					0
					0
					0
					0
					0
					0
					0
					0
					0
					0
					0
					0
					0
					0
					0
					0
					0
					0
					0
					0
					0
					0
					0
					0
					0
					0
					0
					0
					0
					0
					0
					0
					0
					0
					0
					0
					0
					0
					0
					0
					0
					0
					0
					0
					0
					0
					0
					0
					0
					0
					0
					0
					0
2005-01-07	800.0	800.0	800.0	800.0	
2005-01-07	800.0	800.0	800.0	800.0	39999
					0
					0
					0
					0
					0
					0
					0
					0
					0
					0
					0
					0
					0
					0
					0
					0
					0
					0
					0
					0
					0
					0
					0
					0
					0
					0
					0
					0
					0
					0
					0
					0
					0
					0
					0
					0
					0
					0
					0
					0
					0
					0
					0
					0
					0
					0
					0
					0
					0
					0
					0
					0
					0
					0
					0
					0
					0
					0
2005-04-07	800.0	800.0	800.0	800.0	29999
2005-04-07	800.0	800.0	800.0	800.0	
					0
					0
					0
					0
					0
					0
					0
					0
					0
					0
					0
					0
					0
					0
					0
					0
					0
					0
					0
					0
					0
					0
					0
					0
					0
					0
					0
					0
					0
					0
					0
					0
					0
					0
					0
					0
					0
					0
					0
					0
					0
					0
					0
					0
					0
					0
					0
					0
					0
					0
					0
					0
					0
					0
					0
					0
					0
					0
					0
					0
					0
					0
					0
					0
					0
					0
					0
					0
					0
					0
					0
					0
					0
					0
					0
					0
					0
					0
					0
					0
					0
					0
					0
					0
					0
					0
					0
					0
					0
					0
					0
					0
					0
					0
					0
					0
					0
					0
					0
					0
					0
					0
					0
					0
					0
					0
					0
					0
					0
					0
					0
					0
					0
					0
					0
					0
					0
					0
					0
					0
					0
					0
					0
					0
					0
					0
					0
					0
					0
					0
					0
					0
					0
2005-10-19	850.0	850.0	850.0	850.0	4999
2005-10-20	850.0	850.0	850.0	850.0	4999
2005-10-20	850.0	850.0	850.0	850.0	
					0
					0
					0
					0
					0
					0
					0
					0
					0
					0
					0
					0
					0
					0
					0
					0
					0
					0
					0
2005-11-24	850.0	850.0	850.0	850.0	4999
2005-11-25	850.0	850.0	850.0	850.0	
2005-11-25	850.0	850.0	850.0	850.0	4999
					0
					0
					0
					0
					0
					0
2005-12-06	850.0	850.0	850.0	850.0	
2005-12-06	850.0	850.0	850.0	850.0	34999
					0
					0
					0
					0
					0
					0
					0
					0
					0
					0
					0
					0
					0
					0
					0
					0
					0
2006-01-03	900.0	900.0	900.0	900.0	
2006-01-03	900.0	900.0	900.0	900.0	9999
					0
2006-01-05	900.0	900.0	900.0	900.0	
2006-01-05	900.0	900.0	900.0	900.0	9999
					0
					0
					0
					0
					0
					0
					0
					0
					0
					0
2006-01-23	900.0	900.0	900.0	900.0	4999
2006-01-23	900.0	900.0	900.0	900.0	
					0
					0
					0
					0
					0
					0
					0
					0
					0
					0
					0
					0
					0
					0
					0
					0
					0
					0
					0
					0
					0
					0
					0
					0
					0
					0
					0
					0
					0
					0
					0
					0
					0
					0
					0
					0
					0
					0
					0
					0
					0
					0
					0
					0
					0
					0
					0
					0
2006-04-05	900.0	900.0	900.0	900.0	
2006-04-05	900.0	900.0	900.0	900.0	9999
					0
					0
					0
					0
					0
					0
					0
2006-04-19	1000.0	1000.0	1000.0	1000.0	
2006-04-19	1000.0	1000.0	1000.0	1000.0	4999
					0
					0
					0
					0
					0
					0
					0
					0
					0
					0
2006-05-04	1050.0	1050.0	1050.0	1050.0	
2006-05-04	1050.0	1050.0	1050.0	1050.0	9999
					0
2006-05-08	1000.0	1000.0	1000.0	1000.0	9999
2006-05-08	1000.0	1000.0	1000.0	1000.0	
					0
					0
					0
					0
					0
					0
					0
					0
					0
					0
					0
					0
					0
					0
					0
					0
					0
					0
					0
					0
					0
					0
					0
					0
					0
					0
					0
					0
					0
					0
					0
					0
					0
					0
					0
					0
					0
					0
					0
					0
					0
					0
					0
					0
					0
					0
2006-07-14	1050.0	1050.0	1050.0	1050.0	4999
2006-07-17	1050.0	1050.0	1050.0	1050.0	
2006-07-17	1050.0	1050.0	1050.0	1050.0	9999
					0
					0
					0
					0
					0
					0
					0
2006-07-27	1100.0	1100.0	1100.0	1100.0	
2006-07-27	1100.0	1100.0	1100.0	1100.0	14999
					0
					0
2006-08-01	1100.0	1100.0	1100.0	1100.0	4999
2006-08-01	1100.0	1100.0	1100.0	1100.0	
					0
					0
					0
					0
					0
					0
					0
					0
					0
					0
					0
					0
					0
					0
					0
					0
					0
					0
					0
					0
					0
					0
					0
					0
					0
					0
					0
					0
					0
					0
2006-09-18	1300.0	1300.0	1300.0	1300.0	4999
2006-09-19	1400.0	1400.0	1400.0	1400.0	
2006-09-19	1400.0	1400.0	1400.0	1400.0	4999
					0
					0
					0
					0
					0
					0
					0
					0
					0
					0
					0
					0
					0
					0
2006-10-10	1400.0	1400.0	1400.0	1400.0	
2006-10-10	1400.0	1400.0	1400.0	1400.0	4999
					0
					0
					0
					0
					0
					0
2006-10-19	1500.0	1500.0	1500.0	1500.0	4999
2006-10-19	1500.0	1500.0	1500.0	1500.0	
					0
					0
					0
					0
					0
					0
					0
					0
					0
					0
					0
					0
					0
					0
					0
2006-11-17	1550.0	1550.0	1550.0	1550.0	
2006-11-17	1550.0	1550.0	1550.0	1550.0	4999
					0
					0
					0
					0
					0
					0
					0
					0
					0
					0
					0
					0
					0
					0
					0
					0
					0
					0
					0
					0
					0
					0
2006-12-20	1700.0	1700.0	1700.0	1700.0	9999
2006-12-20	1700.0	1700.0	1700.0	1700.0	
					0
					0
					0
					0
					0
					0
					0
					0
					0
					0
					0
					0
					0
					0
					0
					0
					0
					0
					0
					0
					0
					0
					0
					0
					0
					0
					0
					0
					0
					0
					0
					0
					0
					0
					0
					0
					0
					0
					0
					0
					0
					0
					0
					0
					0
					0
					0
					0
					0
					0
					0
					0
					0
					0
					0
					0
					0
					0
					0
					0
					0
					0
					0
					0
					0
					0
					0
					0
					0
					0
					0
					0
					0
					0
					0
					0
					0
					0
					0
					0
					0
					0
					0
					0
					0
					0
					0
					0
					0
					0
					0
					0
					0
					0
					0
					0
					0
					0
					0
					0
2007-05-21	2000.0	2000.0	2000.0	2000.0	
2007-05-21	2000.0	2000.0	2000.0	2000.0	19999
					0
					0
					0
					0
					0
					0
2007-05-30	2400.0	2400.0	2400.0	2400.0	
2007-05-30	2400.0	2400.0	2400.0	2400.0	4999
					0
2007-06-04	2280.0	2280.0	2280.0	2280.0	14999
2007-06-04	2280.0	2280.0	2280.0	2280.0	
					0
					0
					0
					0
					0
					0
					0
					0
					0
					0
					0
					0
					0
					0
					0
					0
					0
					0
					0
					0
					0
					0
					0
					0
					0
					0
					0
					0
					0
					0
					0
					0
					0
					0
					0
					0
					0
					0
					0
					0
					0
					0
					0
					0
					0
					0
					0
					0
					0
					0
					0
					0
					0
					0
					0
					0
					0
					0
					0
					0
					0
2007-08-30	2700.0	2700.0	2700.0	2700.0	4999
2007-08-31	2800.0	2800.0	2800.0	2800.0	
2007-08-31	2800.0	2800.0	2800.0	2800.0	4999
					0
					0
					0
					0
					0
					0
					0
					0
					0
					0
2007-09-17	2800.0	2800.0	2800.0	2800.0	
2007-09-17	2800.0	2800.0	2800.0	2800.0	24999
					0
					0
					0
					0
					0
					0
					0
					0
					0
					0
2007-10-02	2800.0	2800.0	2800.0	2800.0	
2007-10-02	2800.0	2800.0	2800.0	2800.0	4999
					0
2007-10-04	2800.0	2800.0	2800.0	2800.0	4999
2007-10-04	2800.0	2800.0	2800.0	2800.0	
					0
					0
					0
					0
					0
					0
					0
					0
					0
					0
					0
					0
					0
					0
					0
					0
					0
					0
					0
					0
					0
					0
					0
					0
					0
					0
					0
					0
					0
					0
					0
					0
					0
					0
					0
					0
					0
					0
					0
					0
					0
					0
					0
					0
					0
					0
					0
					0
					0
					0
2007-12-19	2900.0	2900.0	2900.0	2900.0	
2007-12-19	2900.0	2900.0	2900.0	2900.0	4999
					0
2007-12-27	3000.0	3000.0	3000.0	3000.0	4999
2007-12-27	3000.0	3000.0	3000.0	3000.0	
					0
					0
					0
					0
					0
					0
					0
					0
					0
					0
					0
					0
					0
					0
					0
					0
					0
					0
					0
					0
					0
					0
					0
					0
					0
					0
					0
					0
					0
					0
					0
					0
					0
					0
					0
					0
					0
					0
					0
					0
2008-03-03	3000.0	3000.0	3000.0	3000.0	4999
2008-03-03	3000.0	3000.0	3000.0	3000.0	
					0
					0
					0
					0
					0
					0
					0
					0
					0
					0
					0
					0
					0
					0
					0
					0
					0
					0
					0
					0
					0
					0
					0
					0
					0
					0
					0
					0
					0
					0
					0
					0
					0
					0
					0
					0
					0
					0
					0
					0
					0
					0
					0
					0
					0
					0
					0
					0
					0
					0
					0
					0
					0
					0
					0
					0
					0
					0
					0
					0
					0
					0
					0
					0
					0
					0
					0
					0
					0
					0
					0
					0
					0
					0
					0
					0
					0
					0
					0
					0
					0
					0
					0
					0
					0
					0
					0
					0
					0
					0
					0
					0
					0
					0
					0
2008-07-22	3100.0	3100.0	3100.0	3100.0	
2008-07-22	3100.0	3100.0	3100.0	3100.0	69999
					0
					0
					0
					0
					0
					0
					0
					0
					0
					0
					0
					0
					0
					0
					0
					0
					0
					0
					0
					0
					0
					0
2008-08-26	3200.0	3200.0	3200.0	3200.0	4999
2008-08-26	3200.0	3200.0	3200.0	3200.0	
					0
					0
					0
					0
					0
					0
					0
					0
					0
					0
					0
					0
					0
					0
					0
					0
					0
					0
					0
					0
					0
					0
					0
					0
					0
					0
					0
					0
					0
					0
					0
					0
					0
					0
					0
					0
					0
2008-10-24	3200.0	3200.0	3200.0	3200.0	4999
2008-10-24	3200.0	3200.0	3200.0	3200.0	
					0
					0
					0
2008-10-30	3100.0	3100.0	3100.0	3100.0	
2008-10-30	3100.0	3100.0	3100.0	3100.0	4999
					0
					0
					0
					0
					0
					0
					0
					0
					0
					0
					0
					0
					0
					0
					0
					0
					0
					0
					0
					0
					0
					0
					0
					0
					0
					0
					0
					0
					0
					0
					0
					0
					0
					0
					0
					0
					0
					0
					0
					0
					0
					0
					0
					0
					0
					0
					0
2009-01-14	3250.0	3250.0	3250.0	3250.0	
2009-01-14	3250.0	3250.0	3250.0	3250.0	500
					0
					0
					0
					0
					0
					0
2009-01-23	3100.0	3100.0	3100.0	3100.0	
2009-01-23	3100.0	3100.0	3100.0	3100.0	9000
					0
					0
					0
					0
					0
					0
					0
					0
					0
					0
					0
					0
					0
					0
					0
					0
					0
					0
					0
					0
					0
					0
					0
					0
					0
					0
					0
					0
					0
					0
					0
					0
					0
					0
					0
					0
					0
					0
					0
					0
					0
					0
					0
					0
					0
					0
					0
					0
					0
					0
					0
					0
					0
					0
					0
					0
					0
					0
					0
					0
					0
					0
					0
					0
					0
					0
					0
					0
					0
					0
					0
					0
					0
					0
					0
					0
					0
					0
					0
					0
					0
					0
					0
					0
					0
					0
					0
					0
					0
					0
					0
					0
					0
					0
					0
					0
					0
					0
					0
					0
					0
					0
					0
					0
					0
					0
					0
					0
					0
					0
					0
					0
					0
					0
					0
					0
					0
					0
					0
					0
					0
					0
					0
					0
					0
					0
					0
					0
					0
					0
					0
					0
					0
					0
					0
					0
					0
					0
					0
					0
					0
					0
					0
					0
					0
					0
					0
					0
					0
					0
					0
					0
					0
					0
					0
					0
					0
					0
					0
					0
					0
					0
					0
					0
					0
					0
					0
					0
					0
					0
					0
					0
					0
					0
					0
					0
					0
					0
					0
					0
					0
					0
					0
					0
					0
					0
					0
					0
					0
					0
					0
					0
					0
					0
					0
					0
					0
					0
					0
					0
					0
					0
					0
					0
					0
					0
					0
					0
					0
					0
					0
					0
					0
					0
					0
					0
					0
					0
					0
					0
					0
					0
					0
					0
					0
					0
					0
					0
					0
					0
					0
					0
					0
					0
					0
					0
					0
					0
					0
					0
					0
					0
					0
					0
					0
					0
					0
					0
					0
					0
					0
					0
					0
					0
					0
					0
					0
					0
					0
					0
					0
					0
					0
					0
					0
					0
					0
					0
					0
					0
					0
					0
					0
					0
					0
					0
					0
					0
					0
					0
					0
					0
					0
					0
					0
					0
					0
					0
					0
					0
					0
					0
					0
					0
					0
					0
					0
					0
					0
					0
					0
					0
2010-04-23	3100.0	3100.0	3100.0	3100.0	2500
2010-04-26	2900.0	2900.0	2900.0	2900.0	1000
2010-04-26	2900.0	2900.0	2900.0	2900.0	
					0
					0
					0
2010-04-30	2700.0	2550.0	2700.0	2550.0	13000
2010-05-03	2500.0	2500.0	2500.0	2500.0	1000
2010-05-04	2750.0	2750.0	2750.0	2750.0	
2010-05-04	2750.0	2750.0	2750.0	2750.0	4000
					0
2010-05-06	2650.0	2650.0	2650.0	2650.0	1000
2010-05-06	2650.0	2650.0	2650.0	2650.0	
					0
					0
					0
2010-05-12	2400.0	2400.0	2400.0	2400.0	
2010-05-12	2400.0	2400.0	2400.0	2400.0	4500
					0
					0
					0
					0
					0
					0
					0
					0
					0
					0
					0
					0
2010-06-02	2500.0	2500.0	2500.0	2500.0	
2010-06-02	2500.0	2500.0	2500.0	2500.0	1500
					0
					0
					0
					0
					0
					0
					0
					0
					0
					0
					0
					0
					0
					0
					0
2010-06-24	2500.0	2500.0	2500.0	2500.0	3000
2010-06-24	2500.0	2500.0	2500.0	2500.0	
					0
					0
					0
					0
					0
					0
					0
					0
					0
					0
					0
					0
					0
					0
					0
					0
					0
					0
					0
					0
					0
					0
					0
					0
					0
					0
					0
					0
					0
					0
					0
					0
					0
					0
					0
					0
					0
					0
					0
					0
					0
					0
					0
					0
					0
					0
					0
					0
					0
					0
					0
					0
					0
					0
					0
					0
					0
					0
					0
					0
					0
					0
					0
					0
					0
					0
					0
					0
					0
					0
					0
					0
					0
					0
					0
					0
					0
					0
					0
					0
					0
					0
					0
					0
					0
					0
					0
					0
					0
					0
					0
					0
					0
					0
					0
					0
					0
					0
					0
					0
					0
					0
					0
					0
					0
					0
					0
					0
					0
					0
					0
					0
					0
					0
					0
					0
					0
					0
					0
					0
					0
					0
					0
					0
					0
					0
					0
					0
					0
					0
					0
					0
					0
					0
					0
					0
					0
					0
					0
					0
					0
					0
					0
					0
					0
					0
					0
					0
					0
					0
					0
					0
					0
					0
					0
					0
					0
					0
					0
					0
					0
					0
					0
					0
					0
					0
					0
					0
					0
					0
					0
					0
					0
					0
					0
					0
					0
					0
					0
					0
					0
					0
					0
					0
					0
					0
					0
					0
					0
					0
					0
					0
					0
					0
					0
					0
					0
					0
					0
					0
					0
					0
					0
					0
					0
					0
					0
					0
					0
					0
2011-05-04	2700.0	2700.0	2700.0	2700.0	
2011-05-04	2700.0	2700.0	2700.0	2700.0	1000
					0
					0
					0
					0
					0
					0
					0
					0
					0
					0
					0
					0
					0
					0
					0
					0
					0
					0
					0
					0
					0
					0
					0
2011-06-09	2525.0	2500.0	2750.0	2750.0	7000
2011-06-09	2525.0	2500.0	2750.0	2750.0	
					0
					0
					0
					0
					0
					0
					0
					0
					0
					0
					0
					0
					0
2011-06-30	2750.0	2750.0	2750.0	2750.0	2000
2011-07-01	2750.0	2750.0	2750.0	2750.0	
2011-07-01	2750.0	2750.0	2750.0	2750.0	2500
					0
					0
					0
					0
					0
					0
					0
					0
2011-07-14	3250.0	3250.0	3250.0	3250.0	500
2011-07-14	3250.0	3250.0	3250.0	3250.0	
					0
					0
					0
					0
					0
					0
					0
					0
					0
					0
					0
					0
					0
					0
2011-08-04	3000.0	3000.0	3000.0	3000.0	500
2011-08-04	3000.0	3000.0	3000.0	3000.0	
					0
					0
					0
					0
					0
					0
					0
2011-08-16	3500.0	3500.0	3500.0	3500.0	
2011-08-16	3500.0	3500.0	3500.0	3500.0	1000
					0
					0
					0
					0
					0
					0
					0
					0
2011-09-06	3200.0	3200.0	3200.0	3200.0	500
2011-09-07	3550.0	3550.0	3600.0	3600.0	1500
2011-09-07	3550.0	3550.0	3600.0	3600.0	
					0
					0
					0
					0
					0
					0
					0
					0
2011-09-20	3600.0	3600.0	3600.0	3600.0	
2011-09-20	3600.0	3600.0	3600.0	3600.0	500
					0
					0
					0
					0
					0
					0
					0
					0
					0
					0
2011-10-05	3600.0	3600.0	3600.0	3600.0	500
2011-10-05	3600.0	3600.0	3600.0	3600.0	
					0
					0
					0
					0
					0
					0
					0
					0
					0
					0
					0
					0
					0
					0
					0
					0
					0
					0
					0
					0
					0
					0
					0
2011-11-08	3600.0	3600.0	3600.0	3600.0	
2011-11-08	3600.0	3600.0	3600.0	3600.0	500
					0
					0
					0
					0
					0
					0
					0
					0
2011-11-21	3650.0	3650.0	3650.0	3650.0	
2011-11-21	3650.0	3650.0	3650.0	3650.0	500
					0
					0
					0
					0
					0
					0
					0
					0
					0
					0
					0
					0
					0
					0
					0
					0
					0
2011-12-15	4000.0	3800.0	4000.0	3800.0	1000
2011-12-15	4000.0	3800.0	4000.0	3800.0	
					0
					0
					0
					0
2011-12-22	4000.0	4000.0	4250.0	4250.0	3000
2011-12-22	4000.0	4000.0	4250.0	4250.0	
					0
					0
					0
					0
					0
					0
					0
					0
					0
					0
					0
					0
2012-01-11	4500.0	4500.0	4500.0	4500.0	1000
2012-01-11	4500.0	4500.0	4500.0	4500.0	
					0
					0
					0
					0
					0
					0
					0
					0
					0
					0
					0
					0
					0
					0
					0
					0
					0
					0
2012-02-08	4500.0	4500.0	4500.0	4500.0	500
2012-02-08	4500.0	4500.0	4500.0	4500.0	
					0
					0
					0
					0
					0
					0
					0
2012-02-20	4500.0	4500.0	4500.0	4500.0	
2012-02-20	4500.0	4500.0	4500.0	4500.0	500
					0
					0
					0
					0
					0
2012-02-28	4800.0	4500.0	4800.0	4500.0	
2012-02-28	4800.0	4500.0	4800.0	4500.0	5000
					0
					0
					0
					0
					0
					0
					0
					0
					0
					0
					0
					0
					0
					0
					0
					0
					0
					0
2012-03-27	4500.0	4500.0	4500.0	4500.0	1000
2012-03-27	4500.0	4500.0	4500.0	4500.0	
					0
					0
					0
					0
					0
					0
					0
					0
					0
					0
					0
					0
					0
2012-04-17	4500.0	4500.0	4500.0	4500.0	
2012-04-17	4500.0	4500.0	4500.0	4500.0	5000
					0
					0
					0
					0
					0
					0
					0
					0
					0
					0
					0
					0
					0
					0
					0
					0
					0
					0
					0
					0
					0
					0
					0
					0
					0
					0
					0
					0
					0
					0
					0
					0
					0
					0
					0
					0
					0
					0
					0
2012-06-14	4950.0	4950.0	4950.0	4950.0	
2012-06-14	4950.0	4950.0	4950.0	4950.0	500
					0
					0
2012-06-19	4950.0	4950.0	4950.0	4950.0	500
2012-06-19	4950.0	4950.0	4950.0	4950.0	
					0
					0
					0
					0
					0
					0
					0
					0
					0
					0
					0
					0
					0
					0
					0
2012-07-11	5000.0	5000.0	5000.0	5000.0	
2012-07-11	5000.0	5000.0	5000.0	5000.0	1000
					0
					0
2012-07-16	4950.0	4950.0	4950.0	4950.0	1000
2012-07-16	4950.0	4950.0	4950.0	4950.0	
					0
					0
					0
					0
					0
					0
					0
					0
					0
					0
					0
					0
					0
					0
					0
					0
					0
					0
					0
					0
					0
					0
					0
					0
					0
					0
					0
					0
					0
					0
					0
					0
					0
2012-09-06	4800.0	4500.0	4800.0	4500.0	
2012-09-06	4800.0	4500.0	4800.0	4500.0	2500
					0
					0
					0
					0
					0
					0
					0
					0
					0
					0
					0
					0
					0
					0
					0
					0
					0
					0
					0
					0
					0
					0
					0
					0
					0
					0
					0
					0
					0
					0
					0
					0
					0
					0
					0
2012-10-29	4500.0	4500.0	4500.0	4500.0	1000
2012-10-29	4500.0	4500.0	4500.0	4500.0	
					0
					0
					0
					0
					0
					0
					0
					0
					0
					0
					0
					0
					0
					0
					0
2012-11-22	4400.0	4400.0	4400.0	4400.0	
2012-11-22	4400.0	4400.0	4400.0	4400.0	1000
					0
					0
					0
					0
					0
					0
					0
					0
					0
					0
					0
					0
					0
					0
					0
					0
					0
2012-12-18	4400.0	4400.0	4400.0	4400.0	
2012-12-18	4400.0	4400.0	4400.0	4400.0	500
					0
					0
					0
2012-12-26	4400.0	4400.0	4400.0	4400.0	500
2012-12-26	4400.0	4400.0	4400.0	4400.0	
					0
					0
					0
					0
					0
					0
					0
					0
					0
					0
					0
2013-01-15	4300.0	4300.0	4300.0	4300.0	
2013-01-15	4300.0	4300.0	4300.0	4300.0	1000
					0
					0
					0
					0
					0
					0
					0
					0
					0
					0
					0
					0
					0
					0
					0
					0
					0
					0
2013-02-12	4500.0	4500.0	4500.0	4500.0	500
2013-02-12	4500.0	4500.0	4500.0	4500.0	
					0
					0
2013-02-15	4500.0	4500.0	4500.0	4500.0	
2013-02-15	4500.0	4500.0	4500.0	4500.0	500
					0
					0
					0
					0
					0
					0
					0
					0
					0
					0
					0
					0
					0
					0
					0
					0
					0
					0
					0
					0
					0
					0
					0
					0
					0
					0
					0
					0
					0
					0
					0
					0
					0
					0
					0
					0
					0
					0
					0
					0
					0
					0
					0
					0
					0
					0
					0
					0
					0
					0
					0
					0
					0
					0
					0
					0
					0
					0
					0
					0
					0
					0
					0
					0
					0
					0
					0
					0
					0
					0
					0
					0
					0
					0
					0
2013-06-07	4500.0	4500.0	4500.0	4500.0	1000
2013-06-07	4500.0	4500.0	4500.0	4500.0	
					0
					0
					0
					0
					0
					0
					0
					0
					0
2013-06-21	4500.0	4500.0	4500.0	4500.0	
2013-06-21	4500.0	4500.0	4500.0	4500.0	1000
					0
2013-06-25	4500.0	4500.0	4500.0	4500.0	500
2013-06-26	4525.0	4525.0	4525.0	4525.0	500
2013-06-26	4525.0	4525.0	4525.0	4525.0	
					0
					0
					0
					0
					0
					0
					0
					0
					0
2013-07-10	4500.0	4500.0	4500.0	4500.0	500
2013-07-10	4500.0	4500.0	4500.0	4500.0	
					0
					0
					0
					0
					0
2013-07-18	4500.0	4500.0	4500.0	4500.0	
2013-07-18	4500.0	4500.0	4500.0	4500.0	500
					0
					0
					0
2013-07-24	4500.0	4500.0	4500.0	4500.0	
2013-07-24	4500.0	4500.0	4500.0	4500.0	500
					0
					0
					0
					0
					0
					0
					0
					0
					0
2013-08-14	4800.0	4800.0	4800.0	4800.0	500
2013-08-14	4800.0	4800.0	4800.0	4800.0	
					0
					0
					0
2013-08-20	4800.0	4800.0	4800.0	4800.0	
2013-08-20	4800.0	4800.0	4800.0	4800.0	500
					0
					0
					0
					0
					0
					0
					0
					0
					0
					0
					0
					0
					0
2013-09-09	4800.0	4800.0	4800.0	4800.0	500
2013-09-10	4800.0	4800.0	4800.0	4800.0	500
2013-09-10	4800.0	4800.0	4800.0	4800.0	
					0
					0
					0
					0
					0
					0
					0
					0
					0
2013-09-24	4800.0	4800.0	4800.0	4800.0	
2013-09-24	4800.0	4800.0	4800.0	4800.0	2500
					0
					0
					0
					0
					0
					0
					0
					0
					0
					0
					0
2013-10-10	4950.0	4800.0	4950.0	4800.0	2000
2013-10-10	4950.0	4800.0	4950.0	4800.0	
					0
2013-10-16	4500.0	4400.0	4500.0	4400.0	
2013-10-16	4500.0	4400.0	4500.0	4400.0	1000
					0
					0
					0
					0
					0
					0
					0
					0
					0
					0
					0
					0
					0
					0
					0
					0
					0
2013-11-12	4500.0	4500.0	4500.0	4500.0	1000
2013-11-12	4500.0	4500.0	4500.0	4500.0	
					0
					0
					0
					0
					0
					0
					0
					0
					0
					0
					0
					0
					0
					0
					0
					0
					0
					0
					0
					0
					0
					0
					0
					0
					0
					0
					0
					0
					0
					0
					0
					0
					0
					0
2014-01-06	4500.0	4500.0	4500.0	4500.0	
2014-01-06	4500.0	4500.0	4500.0	4500.0	100
					0
					0
					0
					0
					0
					0
					0
					0
					0
					0
					0
					0
					0
					0
2014-01-28	5625.0	5625.0	5625.0	5625.0	100
2014-01-29	6750.0	6750.0	6750.0	6750.0	100
2014-01-30	8100.0	8100.0	8100.0	8100.0	
2014-01-30	8100.0	8100.0	8100.0	8100.0	200
					0
2014-02-04	6500.0	6500.0	6500.0	6500.0	100
2014-02-05	5200.0	5200.0	5700.0	5700.0	
2014-02-05	5200.0	5200.0	5700.0	5700.0	200
					0
2014-02-07	5750.0	5750.0	5750.0	5750.0	100
2014-02-07	5750.0	5750.0	5750.0	5750.0	
					0
					0
2014-02-12	5750.0	4600.0	5750.0	4600.0	200
2014-02-13	5750.0	5750.0	5750.0	5750.0	400
2014-02-14	5750.0	4650.0	5750.0	4650.0	
2014-02-14	5750.0	4650.0	5750.0	4650.0	400
					0
					0
					0
					0
					0
					0
					0
					0
2014-02-27	4600.0	4600.0	4600.0	4600.0	100
2014-02-28	4600.0	4600.0	4600.0	4600.0	
2014-02-28	4600.0	4600.0	4600.0	4600.0	100
					0
					0
					0
					0
					0
					0
					0
					0
					0
2014-03-14	4600.0	4600.0	4600.0	4600.0	100
2014-03-14	4600.0	4600.0	4600.0	4600.0	
					0
					0
					0
					0
					0
					0
					0
					0
					0
					0
					0
					0
					0
					0
					0
					0
					0
					0
					0
					0
					0
					0
					0
					0
					0
					0
					0
					0
					0
					0
					0
					0
					0
2014-05-07	4600.0	4600.0	4600.0	4600.0	2500
2014-05-08	4800.0	4800.0	5100.0	5000.0	1600
2014-05-09	5200.0	5200.0	5200.0	5200.0	500
2014-05-09	5200.0	5200.0	5200.0	5200.0	
					0
2014-05-13	5200.0	5200.0	5200.0	5200.0	
2014-05-13	5200.0	5200.0	5200.0	5200.0	500
					0
					0
					0
					0
					0
					0
2014-05-23	5500.0	5500.0	5500.0	5500.0	
2014-05-23	5500.0	5500.0	5500.0	5500.0	100
					0
					0
					0
2014-06-02	5500.0	5500.0	5500.0	5500.0	1300
2014-06-02	5500.0	5500.0	5500.0	5500.0	
					0
					0
2014-06-05	6000.0	6000.0	6600.0	6600.0	700
2014-06-06	7000.0	6300.0	7000.0	6300.0	500
2014-06-09	6000.0	6000.0	6000.0	6000.0	500
2014-06-10	5500.0	5500.0	5500.0	5500.0	100
2014-06-10	5500.0	5500.0	5500.0	5500.0	
					0
					0
					0
					0
					0
2014-06-18	5550.0	5500.0	5550.0	5500.0	500
2014-06-18	5550.0	5500.0	5550.0	5500.0	
					0
					0
					0
					0
					0
					0
					0
					0
					0
					0
					0
					0
					0
					0
					0
					0
					0
					0
2014-07-16	5600.0	5550.0	5600.0	5550.0	1600
2014-07-16	5600.0	5550.0	5600.0	5550.0	
					0
					0
					0
					0
					0
					0
					0
					0
					0
					0
					0
					0
					0
					0
					0
					0
					0
					0
					0
					0
					0
					0
					0
					0
					0
					0
					0
					0
					0
					0
					0
					0
					0
					0
					0
					0
					0
					0
					0
					0
					0
					0
					0
					0
					0
					0
					0
					0
					0
					0
					0
					0
					0
					0
2014-10-08	5700.0	5700.0	5700.0	5700.0	100
2014-10-08	5700.0	5700.0	5700.0	5700.0	
					0
					0
					0
					0
					0
					0
2014-10-17	5700.0	5700.0	5700.0	5700.0	400
2014-10-17	5700.0	5700.0	5700.0	5700.0	
					0
					0
					0
					0
					0
					0
					0
					0
					0
2014-10-31	5500.0	5500.0	5500.0	5500.0	
2014-10-31	5500.0	5500.0	5500.0	5500.0	2000
					0
					0
					0
					0
					0
					0
					0
					0
					0
					0
2014-11-17	5400.0	5400.0	5400.0	5400.0	200
2014-11-17	5400.0	5400.0	5400.0	5400.0	
					0
					0
					0
					0
					0
					0
					0
					0
					0
					0
2014-12-02	5300.0	5300.0	5300.0	5300.0	500
2014-12-03	5200.0	5200.0	5200.0	5200.0	
2014-12-03	5200.0	5200.0	5200.0	5200.0	500
					0
2014-12-05	5300.0	5200.0	5300.0	5200.0	
2014-12-05	5300.0	5200.0	5300.0	5200.0	2500
					0
					0
					0
					0
					0
					0
					0
					0
2014-12-18	6000.0	5300.0	6000.0	5300.0	600
2014-12-18	6000.0	5300.0	6000.0	5300.0	
					0
					0
					0
					0
					0
					0
					0
					0
					0
					0
2015-01-08	5250.0	5250.0	5250.0	5250.0	1000
2015-01-09	5500.0	5200.0	5500.0	5200.0	1100
2015-01-09	5500.0	5200.0	5500.0	5200.0	
					0
					0
					0
					0
					0
					0
					0
					0
					0
					0
					0
2015-01-27	5500.0	5250.0	5500.0	5250.0	1100
2015-01-27	5500.0	5250.0	5500.0	5250.0	
					0
2015-01-29	6000.0	5300.0	6000.0	5300.0	
2015-01-29	6000.0	5300.0	6000.0	5300.0	700
					0
					0
					0
2015-02-04	6000.0	5350.0	6000.0	5350.0	
2015-02-04	6000.0	5350.0	6000.0	5350.0	600
					0
					0
					0
					0
					0
					0
					0
					0
					0
2015-02-18	5550.0	5550.0	6000.0	5550.0	
2015-02-18	5550.0	5550.0	6000.0	5550.0	700
					0
					0
					0
					0
					0
					0
					0
2015-03-03	5700.0	5700.0	5700.0	5700.0	100
2015-03-03	5700.0	5700.0	5700.0	5700.0	
					0
					0
					0
					0
					0
					0
					0
					0
					0
					0
					0
					0
					0
					0
					0
					0
					0
2015-03-27	6000.0	5700.0	6000.0	5700.0	
2015-03-27	6000.0	5700.0	6000.0	5700.0	600
					0
					0
					0
2015-04-02	6000.0	5800.0	6000.0	5800.0	
2015-04-02	6000.0	5800.0	6000.0	5800.0	600
					0
					0
2015-04-08	6150.0	6150.0	6150.0	6150.0	
2015-04-08	6150.0	6150.0	6150.0	6150.0	100
					0
					0
					0
					0
					0
					0
2015-04-17	6500.0	5950.0	6600.0	5950.0	500
2015-04-20	6600.0	5875.0	6600.0	5875.0	300
2015-04-21	6500.0	5875.0	6500.0	5875.0	
2015-04-21	6500.0	5875.0	6500.0	5875.0	200
					0
					0
					0
					0
					0
					0
2015-04-30	6200.0	6200.0	6200.0	6200.0	500
2015-05-04	6500.0	5900.0	6500.0	5900.0	
2015-05-04	6500.0	5900.0	6500.0	5900.0	600
					0
					0
					0
					0
					0
2015-05-12	6500.0	5925.0	6500.0	5925.0	
2015-05-12	6500.0	5925.0	6500.0	5925.0	600
					0
					0
					0
					0
2015-05-20	5700.0	5700.0	5700.0	5700.0	
2015-05-20	5700.0	5700.0	5700.0	5700.0	100
					0
					0
					0
					0
					0
					0
					0
					0
					0
					0
					0
					0
2015-06-09	5700.0	5700.0	5700.0	5700.0	500
2015-06-09	5700.0	5700.0	5700.0	5700.0	
					0
					0
					0
					0
					0
					0
					0
					0
					0
					0
					0
					0
					0
					0
					0
					0
					0
					0
					0
					0
					0
					0
					0
					0
					0
					0
					0
					0
					0
					0
					0
					0
					0
2015-07-30	5700.0	5700.0	5700.0	5700.0	
2015-07-30	5700.0	5700.0	5700.0	5700.0	1000
					0
					0
2015-08-04	6000.0	5400.0	6000.0	5400.0	700
2015-08-04	6000.0	5400.0	6000.0	5400.0	
					0
2015-08-06	5250.0	5250.0	5250.0	5250.0	600
2015-08-06	5250.0	5250.0	5250.0	5250.0	
					0
					0
					0
					0
					0
					0
					0
					0
					0
					0
					0
					0
					0
					0
					0
					0
2015-09-01	5400.0	5100.0	5400.0	5100.0	
2015-09-01	5400.0	5100.0	5400.0	5100.0	300
					0
					0
					0
					0
					0
					0
					0
					0
					0
					0
					0
					0
					0
					0
					0
					0
2015-09-25	6000.0	5225.0	6000.0	5225.0	1200
2015-09-28	5200.0	5200.0	5200.0	5200.0	100
2015-09-28	5200.0	5200.0	5200.0	5200.0	
					0
					0
					0
					0
					0
					0
					0
					0
					0
					0
					0
					0
					0
					0
					0
					0
					0
					0
					0
					0
2015-10-28	5225.0	5225.0	5225.0	5225.0	
2015-10-28	5225.0	5225.0	5225.0	5225.0	1000
					0
2015-10-30	5500.0	5225.0	5500.0	5225.0	
2015-10-30	5500.0	5225.0	5500.0	5225.0	400
					0
					0
					0
					0
					0
					0
					0
					0
					0
					0
					0
					0
					0
					0
					0
					0
					0
					0
					0
					0
					0
					0
					0
					0
					0
					0
					0
					0
					0
					0
					0
					0
					0
					0
					0
					0
					0
					0
					0
					0
					0
					0
					0
					0
					0
					0
					0
					0
					0
					0
					0
					0
2016-01-20	5300.0	5300.0	5300.0	5300.0	
2016-01-20	5300.0	5300.0	5300.0	5300.0	100
					0
					0
					0
					0
					0
					0
					0
					0
					0
					0
2016-02-04	5550.0	5550.0	5550.0	5550.0	
2016-02-04	5550.0	5550.0	5550.0	5550.0	100
					0
					0
					0
					0
					0
					0
					0
					0
					0
					0
					0
					0
					0
					0
					0
					0
					0
					0
					0
					0
					0
					0
					0
					0
					0
					0
					0
					0
					0
					0
					0
					0
					0
					0
					0
					0
					0
					0
					0
					0
					0
					0
					0
					0
					0
					0
					0
					0
					0
					0
					0
					0
					0
					0
					0
					0
					0
					0
					0
					0
					0
					0
					0
					0
					0
					0
					0
					0
					0
					0
					0
					0
					0
					0
					0
					0
					0
					0
					0
					0
					0
					0
					0
					0
					0
					0
					0
					0
					0
					0
					0
					0
					0
					0
					0
					0
					0
					0
					0
					0
					0
					0
					0
					0
					0
					0
					0
					0
					0
					0
					0
					0
					0
					0
					0
					0
					0
					0
					0
					0
					0
					0
					0
					0
					0
					0
					0
					0
					0
					0
					0
					0
					0
					0
					0
					0
					0
					0
					0
					0
					0
					0
					0
					0
					0
					0
					0
					0
					0
					0
					0
					0
					0
					0
					0
					0
					0
					0
					0
					0
					0
2016-10-05	5300.0	5300.0	5300.0	5300.0	
2016-10-05	5300.0	5300.0	5300.0	5300.0	400
					0
					0
					0
					0
					0
					0
					0
					0
					0
					0
					0
					0
2016-10-24	5300.0	5300.0	5300.0	5300.0	100
2016-10-24	5300.0	5300.0	5300.0	5300.0	
					0
					0
					0
					0
					0
					0
					0
					0
					0
					0
					0
					0
					0
					0
					0
					0
					0
					0
					0
					0
					0
					0
					0
					0
					0
					0
					0
					0
					0
					0
2016-12-06	5200.0	5200.0	5200.0	5200.0	
2016-12-06	5200.0	5200.0	5200.0	5200.0	400
					0
					0
					0
					0
					0
					0
					0
					0
					0
					0
					0
					0
					0
					0
					0
					0
					0
					0
					0
					0
					0
					0
					0
					0
					0
					0
					0
					0
					0
					0
					0
					0
					0
					0
					0
					0
					0
					0
					0
					0
					0
					0
					0
2017-02-09	5200.0	5200.0	5200.0	5200.0	300
2017-02-09	5200.0	5200.0	5200.0	5200.0	
					0
					0
					0
					0
					0
					0
					0
					0
2017-02-23	5200.0	5200.0	5200.0	5200.0	200
2017-02-24	4850.0	4850.0	4850.0	4850.0	500
2017-02-27	4850.0	4850.0	4850.0	4850.0	
2017-02-27	4850.0	4850.0	4850.0	4850.0	300
					0
					0
					0
					0
					0
					0
					0
					0
					0
					0
					0
					0
					0
					0
					0
					0
					0
					0
					0
					0
					0
					0
					0
					0
					0
					0
					0
					0
					0
					0
					0
					0
					0
					0
					0
					0
					0
					0
					0
2017-04-28	4850.0	4850.0	4850.0	4850.0	
2017-04-28	4850.0	4850.0	4850.0	4850.0	100
					0
					0
					0
					0
					0
					0
					0
					0
					0
					0
					0
					0
					0
					0
					0
					0
					0
					0
					0
					0
					0
					0
					0
					0
					0
					0
					0
					0
					0
					0
					0
					0
					0
					0
					0
					0
					0
					0
					0
					0
					0
					0
					0
					0
					0
					0
					0
					0
					0
					0
					0
					0
					0
					0
					0
					0
					0
					0
					0
					0
					0
					0
					0
					0
					0
					0
					0
					0
					0
					0
					0
					0
					0
					0
					0
					0
					0
					0
					0
					0
					0
					0
					0
					0
					0
					0
					0
					0
					0
					0
					0
					0
					0
2017-09-26	4850.0	4850.0	4850.0	4850.0	200
2017-09-26	4850.0	4850.0	4850.0	4850.0	
					0
					0
					0
					0
					0
					0
					0
					0
					0
					0
					0
					0
					0
					0
					0
					0
					0
					0
					0
					0
					0
					0
					0
					0
					0
					0
					0
					0
					0
					0
					0
					0
					0
					0
					0
					0
					0
					0
					0
					0
					0
					0
					0
					0
					0
					0
					0
					0
					0
					0
					0
					0
					0
					0
					0
					0
					0
					0
					0
					0
					0
					0
					0
					0
					0
					0
					0
					0
					0
					0
					0
					0
					0
					0
					0
					0
					0
					0
					0
					0
					0
					0
					0
					0
					0
					0
					0
					0
					0
					0
					0
					0
					0
					0
					0
					0
					0
					0
					0
					0
					0
					0
					0
					0
2018-02-27	4600.0	4500.0	4600.0	4500.0	
2018-02-27	4600.0	4500.0	4600.0	4500.0	5500
					0
					0
					0
					0
					0
					0
					0
2018-03-09	4400.0	4400.0	4400.0	4400.0	
2018-03-09	4400.0	4400.0	4400.0	4400.0	300
					0
					0
					0
					0
					0
					0
					0
					0
					0
					0
					0
					0
					0
					0
					0
					0
					0
					0
					0
					0
					0
					0
					0
					0
					0
					0
					0
					0
					0
					0
					0
					0
					0
					0
					0
					0
					0
					0
					0
					0
					0
					0
					0
					0
					0
					0
					0
					0
					0
					0
					0
					0
					0
					0
					0
					0
					0
					0
					0
					0
					0
					0
					0
					0
					0
					0
					0
					0
					0
					0
					0
					0
					0
					0
					0
					0
					0
					0
					0
					0
					0
					0
					0
					0
					0
					0
					0
					0
					0
					0
					0
					0
					0
					0
					0
					0
					0
					0
					0
					0
					0
					0
					0
					0
					0
					0
					0
					0
					0
					0
					0
					0
					0
					0
					0
					0
					0
					0
					0
					0
					0
					0
					0
					0
					0
					0
					0
2018-09-25	4400.0	4400.0	4400.0	4400.0	100
2018-09-25	4400.0	4400.0	4400.0	4400.0	
					0
					0
2018-09-28	4300.0	4200.0	4800.0	4700.0	
2018-09-28	4300.0	4200.0	4800.0	4700.0	1800
					0
2018-10-02	4200.0	4200.0	4300.0	4300.0	
2018-10-02	4200.0	4200.0	4300.0	4300.0	800
					0
					0
					0
					0
					0
					0
					0
					0
					0
					0
					0
					0
					0
					0
					0
					0
					0
					0
					0
					0
					0
					0
					0
					0
					0
					0
					0
					0
					0
					0
					0
					0
					0
					0
					0
					0
					0
					0
					0
					0
					0
					0
					0
					0
					0
					0
					0
					0
					0
					0
					0
					0
					0
					0
					0
					0
					0
					0
					0
					0
					0
					0
					0
					0
					0
					0
					0
					0
					0
					0
					0
					0
					0
					0
					0
					0
					0
					0
					0
					0
					0
					0
					0
					0
					0
					0
					0
					0
					0
					0
					0
					0
					0
					0
					0
					0
					0
					0
					0
					0
					0
					0
					0
					0
					0
					0
					0
					0
					0
					0
					0
					0
					0
					0
					0
					0
					0
					0
					0
					0
					0
					0
					0
					0
					0
					0
					0
					0
					0
					0
					0
					0
					0
					0
					0
					0
					0
					0
					0
					0
					0
					0
					0
					0
					0
2019-05-09	4300.0	4300.0	4300.0	4300.0	1000
2019-05-09	4300.0	4300.0	4300.0	4300.0	
					0
					0
					0
					0
					0
					0
					0
2019-05-21	4300.0	4300.0	4300.0	4300.0	
2019-05-21	4300.0	4300.0	4300.0	4300.0	3500
					0
					0
					0
					0
					0
					0
					0
					0
2019-06-11	4300.0	4300.0	4300.0	4300.0	
2019-06-11	4300.0	4300.0	4300.0	4300.0	4500
					0
					0
					0
					0
					0
					0
					0
					0
					0
					0
					0
					0
					0
					0
					0
					0
					0
					0
					0
					0
					0
					0
					0
					0
					0
					0
					0
					0
					0
					0
					0
					0
					0
					0
					0
					0
					0
					0
					0
					0
					0
					0
					0
					0
					0
					0
					0
					0
					0
					0
					0
					0
					0
					0
					0
					0
					0
					0
					0
					0
					0
					0
					0
					0
					0
					0
					0
					0
					0
					0
					0
					0
					0
					0
					0
					0
					0
					0
					0
					0
2019-10-02	3230.0	3230.0	3230.0	3230.0	
2019-10-02	3230.0	3230.0	3230.0	3230.0	100
					0
					0
					0
					0
					0
					0
					0
					0
					0
					0
					0
					0
					0
					0
					0
					0
					0
					0
					0
					0
					0
					0
					0
					0
					0
					0
					0
					0
					0
					0
					0
					0
					0
					0
					0
					0
					0
					0
					0
					0
					0
					0
					0
2019-12-03	3150.0	3150.0	3150.0	3150.0	
2019-12-03	3150.0	3150.0	3150.0	3150.0	1000
					0
					0
					0
					0
					0
					0
					0
					0
					0
					0
					0
					0
					0
					0
					0
					0
					0
					0
					0
					0
					0
					0
					0
					0
					0
					0
					0
					0
					0
					0
					0
					0
					0
					0
					0
					0
					0
					0
					0
					0
					0
					0
					0
					0
					0
					0
					0
					0
					0
					0
					0
					0
					0
					0
					0
					0
					0
2020-02-27	2370.0	2370.0	2380.0	2370.0	900
2020-02-27	2370.0	2370.0	2380.0	2370.0	
					0
					0
					0
					0
					0
					0
					0
					0
					0
					0
					0
					0
					0
					0
					0
					0
					0
					0
					0
					0
					0
					0
					0
					0
					0
					0
					0
					0
					0
					0
					0
					0
					0
2020-04-17	2450.0	2450.0	2450.0	2450.0	
2020-04-17	2450.0	2450.0	2450.0	2450.0	200
					0
					0
					0
					0
					0
					0
					0
					0
					0
					0
					0
					0
					0
					0
					0
					0
					0
					0
2020-05-18	2450.0	2450.0	2450.0	2450.0	
2020-05-18	2450.0	2450.0	2450.0	2450.0	100
					0
					0
					0
					0
					0
					0
					0
					0
					0
					0
					0
					0
					0
					0
2020-06-12	2450.0	2450.0	2450.0	2450.0	
2020-06-12	2450.0	2450.0	2450.0	2450.0	100
					0
					0
					0
					0
					0
					0
					0
					0
					0
					0
					0
					0
					0
					0
					0
					0
					0
					0
					0
					0
					0
					0
					0
					0
					0
					0
					0
					0
					0
					0
					0
					0
					0
					0
					0
					0
					0
					0
					0
					0
					0
					0
					0
					0
					0
					0
					0
					0
					0
					0
					0
					0
					0
					0
					0
					0
					0
					0
					0
					0
					0
					0
					0
					0
					0
					0
					0
					0
					0
					0
					0
					0
					0
					0
					0
					0
					0
					0
2020-10-07	2280.0	2280.0	2350.0	2350.0	600
2020-10-08	2250.0	2190.0	2250.0	2190.0	800
2020-10-08	2250.0	2190.0	2250.0	2190.0	
					0
2020-10-12	2730.0	2730.0	2730.0	2730.0	100
2020-10-13	3050.0	3050.0	3380.0	3370.0	800
2020-10-14	3370.0	3370.0	3370.0	3370.0	
2020-10-14	3370.0	3370.0	3370.0	3370.0	100
					0
					0
2020-10-19	3300.0	3150.0	3300.0	3150.0	300
2020-10-20	2930.0	2930.0	2930.0	2930.0	200
2020-10-21	2730.0	2730.0	2730.0	2730.0	200
2020-10-22	2600.0	2600.0	2600.0	2600.0	200
2020-10-23	2450.0	2450.0	2450.0	2450.0	200
2020-10-26	2450.0	2450.0	3060.0	3060.0	
2020-10-26	2450.0	2450.0	3060.0	3060.0	1400
					0
					0
					0
					0
					0
					0
					0
					0
					0
					0
					0
2020-11-16	2850.0	2850.0	3600.0	3590.0	7600
2020-11-17	3490.0	3340.0	3490.0	3340.0	2500
2020-11-18	3340.0	3110.0	3340.0	3110.0	300
2020-11-19	2910.0	2900.0	2910.0	2900.0	600
2020-11-20	2740.0	2720.0	3440.0	3330.0	4400
2020-11-23	3330.0	3330.0	3330.0	3330.0	300
2020-11-24	3330.0	3330.0	3390.0	3390.0	400
2020-11-25	3380.0	3380.0	3380.0	3380.0	300
2020-11-26	3380.0	3380.0	3440.0	3440.0	200
2020-11-26	3380.0	3380.0	3440.0	3440.0	
					0
2020-11-30	3440.0	3440.0	3440.0	3440.0	
2020-11-30	3440.0	3440.0	3440.0	3440.0	100
					0
2020-12-02	3430.0	3400.0	3430.0	3400.0	800
2020-12-03	3350.0	3250.0	3350.0	3250.0	2100
2020-12-04	3250.0	3250.0	3250.0	3250.0	100
2020-12-04	3250.0	3250.0	3250.0	3250.0	
					0
2020-12-08	3250.0	3250.0	3250.0	3250.0	200
2020-12-08	3250.0	3250.0	3250.0	3250.0	
					0
2020-12-11	3150.0	3150.0	3150.0	3150.0	400
2020-12-14	3150.0	2950.0	3200.0	2950.0	2100
2020-12-15	2950.0	2860.0	3250.0	2860.0	300
2020-12-16	2800.0	2730.0	2800.0	2740.0	900
2020-12-16	2800.0	2730.0	2800.0	2740.0	
					0
2020-12-18	2800.0	2800.0	2800.0	2800.0	200
2020-12-21	3080.0	3000.0	3280.0	3240.0	3100
2020-12-22	3340.0	3340.0	3340.0	3340.0	100
2020-12-22	3340.0	3340.0	3340.0	3340.0	
					0
					0
2020-12-29	3450.0	3430.0	3450.0	3430.0	600
2020-12-30	3250.0	3220.0	3250.0	3220.0	600
2021-01-04	3020.0	3000.0	3020.0	3000.0	1400
2021-01-05	3000.0	3000.0	3000.0	3000.0	300
2021-01-05	3000.0	3000.0	3000.0	3000.0	
					0
2021-01-07	2800.0	2800.0	2810.0	2810.0	200
2021-01-08	2810.0	2790.0	2810.0	2790.0	700
2021-01-11	2610.0	2610.0	2640.0	2640.0	300
2021-01-12	2640.0	2640.0	2640.0	2640.0	600
2021-01-13	2540.0	2540.0	2630.0	2630.0	200
2021-01-14	2630.0	2630.0	2630.0	2630.0	100
2021-01-14	2630.0	2630.0	2630.0	2630.0	
					0
					0
2021-01-19	2630.0	2450.0	2630.0	2450.0	1500
2021-01-19	2630.0	2450.0	2630.0	2450.0	
					0
					0
2021-01-22	2450.0	2450.0	2450.0	2450.0	100
2021-01-25	2450.0	2450.0	2450.0	2450.0	300
2021-01-25	2450.0	2450.0	2450.0	2450.0	
					0
					0
2021-01-28	2420.0	2280.0	2950.0	2950.0	6900
2021-01-29	2950.0	2930.0	2950.0	2930.0	
2021-01-29	2950.0	2930.0	2950.0	2930.0	1800
					0
					0
					0
2021-02-04	2830.0	2730.0	2830.0	2730.0	2000
2021-02-05	2730.0	2540.0	2730.0	2550.0	800
2021-02-08	2550.0	2390.0	2550.0	2410.0	600
2021-02-09	2430.0	2430.0	3000.0	3000.0	2600
2021-02-10	3000.0	2810.0	3300.0	2820.0	5200
2021-02-11	2820.0	2640.0	2820.0	2650.0	400
2021-02-15	2550.0	2550.0	2550.0	2550.0	400
2021-02-16	2630.0	2630.0	2630.0	2630.0	
2021-02-16	2630.0	2630.0	2630.0	2630.0	500
					0
2021-02-18	2660.0	2660.0	2660.0	2660.0	700
2021-02-19	2660.0	2480.0	2660.0	2660.0	800
2021-02-22	2670.0	2670.0	2670.0	2670.0	600
2021-02-23	2670.0	2670.0	2670.0	2670.0	600
2021-02-24	2670.0	2670.0	2670.0	2670.0	600
2021-02-25	2670.0	2670.0	2670.0	2670.0	800
2021-02-26	2720.0	2500.0	2720.0	2670.0	1800
2021-03-01	2570.0	2570.0	2900.0	2900.0	900
2021-03-02	2920.0	2900.0	3390.0	3090.0	5500
2021-03-03	3000.0	3000.0	3020.0	3020.0	200
2021-03-04	3100.0	2810.0	3400.0	2810.0	3100
2021-03-05	2810.0	2650.0	2810.0	2650.0	2000
2021-03-08	2650.0	2650.0	3180.0	2720.0	3500
2021-03-09	2720.0	2720.0	2770.0	2770.0	1800
2021-03-10	2770.0	2770.0	3460.0	3370.0	7000
2021-03-12	3370.0	3360.0	3380.0	3360.0	
2021-03-12	3370.0	3360.0	3380.0	3360.0	2100
					0
					0
2021-03-17	3350.0	3350.0	3350.0	3350.0	1000
2021-03-18	3340.0	3120.0	3340.0	3120.0	1100
2021-03-19	3020.0	3020.0	3900.0	3030.0	14500
2021-03-22	3030.0	3030.0	3780.0	3660.0	4900
2021-03-23	3660.0	3590.0	3660.0	3660.0	2400
2021-03-24	3620.0	3620.0	3630.0	3630.0	600
2021-03-24	3620.0	3620.0	3630.0	3630.0	
					0
2021-03-26	3530.0	3430.0	3530.0	3430.0	200
2021-03-29	3330.0	3200.0	3330.0	3200.0	600
2021-03-30	3100.0	2980.0	4000.0	3900.0	4200
2021-03-31	3800.0	3800.0	3800.0	3800.0	900
2021-04-01	3650.0	3580.0	3650.0	3580.0	800
2021-04-05	3540.0	3500.0	3540.0	3500.0	
2021-04-05	3540.0	3500.0	3540.0	3500.0	300
					0
2021-04-07	3260.0	3260.0	3260.0	3260.0	900
2021-04-07	3260.0	3260.0	3260.0	3260.0	
					0
					0
					0
					0
2021-04-14	3260.0	3250.0	3260.0	3250.0	300
2021-04-15	3240.0	3240.0	3240.0	3240.0	
2021-04-15	3240.0	3240.0	3240.0	3240.0	100
					0
2021-04-19	3200.0	3180.0	3200.0	3180.0	
2021-04-19	3200.0	3180.0	3200.0	3180.0	200
					0
2021-04-21	3180.0	3100.0	3180.0	3100.0	200
2021-04-22	2900.0	2900.0	2900.0	2900.0	400
2021-04-23	2900.0	2700.0	3000.0	2700.0	1000
2021-04-26	2700.0	2550.0	3280.0	3280.0	4500
2021-04-27	3280.0	3270.0	3280.0	3280.0	700
2021-04-27	3280.0	3270.0	3280.0	3280.0	
					0
					0
2021-04-30	3280.0	3080.0	3280.0	3080.0	200
2021-05-03	3080.0	3080.0	3080.0	3080.0	100
2021-05-04	3080.0	3080.0	3080.0	3080.0	400
2021-05-05	2880.0	2870.0	2880.0	2870.0	1200
2021-05-06	2700.0	2670.0	3260.0	3100.0	3000
2021-05-07	2890.0	2890.0	2890.0	2890.0	600
2021-05-10	2700.0	2700.0	3400.0	3280.0	3500
2021-05-11	3100.0	3060.0	3100.0	3060.0	1300
2021-05-17	2900.0	2850.0	2900.0	2850.0	1100
2021-05-17	2900.0	2850.0	2900.0	2850.0	
					0
2021-05-19	2730.0	2700.0	2730.0	2700.0	700
2021-05-20	2700.0	2700.0	2700.0	2700.0	
2021-05-20	2700.0	2700.0	2700.0	2700.0	600
					0
					0
2021-05-25	2700.0	2540.0	2700.0	2550.0	1100
2021-05-27	2550.0	2550.0	3180.0	2700.0	8900
2021-05-28	3000.0	2800.0	3150.0	2920.0	4800
2021-05-31	2920.0	2810.0	2920.0	2810.0	1300
2021-06-02	2720.0	2720.0	2760.0	2760.0	800
2021-06-03	2760.0	2760.0	2850.0	2770.0	400
2021-06-04	2770.0	2730.0	2770.0	2730.0	600
2021-06-07	2770.0	2620.0	2770.0	2620.0	
2021-06-07	2770.0	2620.0	2770.0	2620.0	400
					0
					0
2021-06-10	2640.0	2620.0	2640.0	2620.0	1000
2021-06-10	2640.0	2620.0	2640.0	2620.0	
					0
					0
2021-06-15	2620.0	2520.0	3050.0	2900.0	9000
2021-06-16	2900.0	2700.0	3620.0	3490.0	22800
2021-06-17	3490.0	3490.0	4360.0	3490.0	17300
2021-06-18	3490.0	3490.0	3490.0	3490.0	
2021-06-18	3490.0	3490.0	3490.0	3490.0	100
					0
2021-06-22	3450.0	3450.0	3450.0	3450.0	
2021-06-22	3450.0	3450.0	3450.0	3450.0	800
					0
					0
					0
					0
					0
					0
					0
					0
					0
					0
					0
					0
					0
2021-07-12	3400.0	3400.0	3400.0	3400.0	
2021-07-12	3400.0	3400.0	3400.0	3400.0	100
					0
					0
2021-07-15	3290.0	3170.0	3290.0	3170.0	1500
2021-07-16	3100.0	2960.0	3170.0	2960.0	4900
2021-07-19	2960.0	2960.0	2960.0	2960.0	500
2021-07-21	2860.0	2760.0	2860.0	2780.0	1600
2021-07-22	2680.0	2620.0	2680.0	2620.0	200
2021-07-23	2640.0	2640.0	2640.0	2640.0	200
2021-07-26	2700.0	2700.0	2700.0	2700.0	200
2021-07-27	2600.0	2550.0	2600.0	2550.0	300
2021-07-28	2560.0	2560.0	2570.0	2570.0	200
2021-07-29	2600.0	2580.0	3200.0	3130.0	5500
2021-07-30	3200.0	2920.0	3200.0	2920.0	800
2021-08-02	2920.0	2750.0	2920.0	2750.0	200
2021-08-03	2700.0	2700.0	2710.0	2700.0	900
2021-08-04	2600.0	2600.0	2620.0	2620.0	400
2021-08-05	2650.0	2640.0	3270.0	3080.0	2200
2021-08-06	3080.0	2870.0	3080.0	2870.0	300
2021-08-09	2870.0	2710.0	2870.0	2710.0	200
2021-08-09	2870.0	2710.0	2870.0	2710.0	
					0
					0
2021-08-13	2610.0	2610.0	2610.0	2610.0	100
2021-08-16	2610.0	2610.0	2610.0	2610.0	500
2021-08-18	3000.0	2700.0	3100.0	2720.0	1400
2021-08-19	2740.0	2740.0	2750.0	2750.0	
2021-08-19	2740.0	2740.0	2750.0	2750.0	700
					0
2021-08-23	2760.0	2760.0	2760.0	2760.0	200
2021-08-24	2580.0	2580.0	2580.0	2580.0	100
2021-08-25	2630.0	2630.0	2630.0	2630.0	100
2021-08-26	2550.0	2550.0	2550.0	2550.0	100
2021-08-27	2580.0	2570.0	2800.0	2800.0	1100
2021-08-30	2810.0	2810.0	3250.0	3210.0	6000
2021-08-30	2810.0	2810.0	3250.0	3210.0	
					0
2021-09-01	4000.0	2990.0	4000.0	2990.0	11400
2021-09-02	2990.0	2990.0	3600.0	3450.0	7400
2021-09-03	3550.0	3430.0	3550.0	3430.0	800
2021-09-03	3550.0	3430.0	3550.0	3430.0	
					0
2021-09-07	3430.0	3190.0	3430.0	3190.0	1900
2021-09-08	3190.0	2970.0	3190.0	2970.0	1900
2021-09-09	3120.0	2810.0	3350.0	3050.0	3400
2021-09-10	3040.0	3040.0	3350.0	3300.0	600
2021-09-13	4000.0	3770.0	4000.0	3770.0	3500
2021-09-14	3510.0	3510.0	3510.0	3510.0	4000
2021-09-15	3510.0	3280.0	3510.0	3280.0	7400
2021-09-16	3880.0	3110.0	3880.0	3220.0	3800
2021-09-17	3220.0	3020.0	3870.0	3180.0	9300
2021-09-20	3410.0	3110.0	3600.0	3390.0	7200
2021-09-21	3390.0	3390.0	3870.0	3500.0	2400
2021-09-22	3500.0	3500.0	3750.0	3720.0	5800
2021-09-23	3710.0	3620.0	3710.0	3710.0	300
2021-09-24	3700.0	3700.0	3700.0	3700.0	200
2021-09-27	3700.0	3600.0	3700.0	3600.0	1100
2021-09-28	3900.0	3370.0	3900.0	3590.0	1800
2021-09-29	3580.0	3340.0	3770.0	3700.0	1300
2021-09-30	3450.0	3450.0	3550.0	3450.0	4600
2021-10-01	3460.0	3450.0	3460.0	3450.0	600
2021-10-04	3230.0	3230.0	3260.0	3260.0	300
2021-10-05	3260.0	3260.0	3260.0	3260.0	100
2021-10-06	3050.0	3050.0	3300.0	3290.0	2300
2021-10-07	3290.0	3070.0	3690.0	3280.0	4700
2021-10-08	3250.0	3240.0	3570.0	3240.0	2700
2021-10-11	3250.0	3100.0	3260.0	3110.0	3100
2021-10-12	3130.0	3100.0	3130.0	3100.0	1100
2021-10-13	3100.0	2900.0	3100.0	2950.0	700
2021-10-14	2850.0	2850.0	3290.0	3200.0	1700
2021-10-15	3200.0	3200.0	3500.0	3340.0	1800
2021-10-18	3340.0	3110.0	3490.0	3110.0	6300
2021-10-19	3110.0	3000.0	3120.0	3070.0	2000
2021-10-21	3080.0	2950.0	3080.0	2950.0	4000
2021-10-22	2760.0	2760.0	2910.0	2910.0	800
2021-10-25	2910.0	2800.0	2910.0	2810.0	1200
2021-10-26	2820.0	2700.0	3290.0	3290.0	3500
2021-10-27	3250.0	3060.0	3250.0	3070.0	6400
2021-10-28	2890.0	2890.0	2890.0	2890.0	200
2021-10-29	2890.0	2790.0	3240.0	3130.0	4200
2021-11-01	2930.0	2920.0	2930.0	2920.0	3900
2021-11-02	2920.0	2920.0	2920.0	2920.0	200
2021-11-03	2830.0	2830.0	2840.0	2830.0	500
2021-11-04	2830.0	2800.0	3280.0	2900.0	11100
2021-11-05	2900.0	2900.0	3090.0	2960.0	1500
2021-11-08	3090.0	2790.0	3200.0	2920.0	1700
2021-11-09	2920.0	2890.0	2920.0	2890.0	300
2021-11-10	2700.0	2690.0	2860.0	2790.0	9700
2021-11-11	2640.0	2620.0	2770.0	2730.0	8700
2021-11-12	2700.0	2670.0	2700.0	2700.0	4300
2021-11-15	2700.0	2560.0	2700.0	2690.0	3900
2021-11-16	2560.0	2560.0	2690.0	2600.0	5900
2021-11-17	2560.0	2500.0	2650.0	2650.0	2300
2021-11-18	2640.0	2520.0	2640.0	2530.0	1800
2021-11-19	2540.0	2540.0	2730.0	2620.0	4100
2021-11-22	2620.0	2620.0	2840.0	2640.0	1600
2021-11-23	2560.0	2550.0	2560.0	2560.0	1100
2021-11-24	2600.0	2600.0	2800.0	2650.0	4200
2021-11-25	2640.0	2600.0	2740.0	2710.0	3100
2021-11-26	2740.0	2560.0	2740.0	2670.0	7500
2021-11-29	2740.0	2500.0	2740.0	2650.0	1600
2021-11-30	2590.0	2550.0	2590.0	2550.0	4700
2021-12-01	2510.0	2510.0	2530.0	2520.0	700
2021-12-02	2520.0	2350.0	2520.0	2520.0	2400
2021-12-03	2600.0	2440.0	2600.0	2440.0	1300
2021-12-06	2440.0	2440.0	2680.0	2600.0	3500
2021-12-07	2500.0	2430.0	2800.0	2460.0	1900
2021-12-08	2550.0	2490.0	2590.0	2490.0	400
2021-12-09	2360.0	2360.0	2650.0	2580.0	3300
2021-12-10	2500.0	2400.0	2570.0	2550.0	2700
2021-12-13	2530.0	2530.0	2530.0	2530.0	100
2021-12-14	2430.0	2380.0	2530.0	2390.0	2600
2021-12-15	2300.0	2280.0	2300.0	2300.0	1700
2021-12-16	2210.0	2210.0	2350.0	2240.0	1600
2021-12-17	2240.0	2240.0	2240.0	2240.0	700
2021-12-20	2240.0	2190.0	2240.0	2190.0	1400
2021-12-21	2200.0	2200.0	2200.0	2200.0	100
2021-12-22	2210.0	2210.0	2210.0	2210.0	100
2021-12-23	2190.0	2120.0	2190.0	2130.0	1300
2021-12-24	2050.0	2050.0	2520.0	2120.0	4600
2021-12-27	2120.0	2050.0	2120.0	2120.0	400
2021-12-28	2030.0	2030.0	2130.0	2070.0	300
2021-12-29	2020.0	2020.0	2390.0	2280.0	2800
2021-12-30	2280.0	2180.0	2480.0	2400.0	6700
2022-01-03	2400.0	2390.0	2490.0	2400.0	1700
2022-01-04	2400.0	2300.0	2590.0	2300.0	1700
2022-01-05	2240.0	2210.0	2240.0	2210.0	200
2022-01-06	2160.0	2160.0	2460.0	2240.0	4300
2022-01-07	2300.0	2300.0	2490.0	2470.0	4600
2022-01-10	2370.0	2370.0	2370.0	2370.0	100
2022-01-11	2270.0	2270.0	2280.0	2280.0	600
2022-01-12	2200.0	2200.0	2500.0	2440.0	3700
2022-01-13	2540.0	2530.0	2660.0	2590.0	10100
2022-01-14	2410.0	2410.0	2600.0	2430.0	1600
2022-01-17	2810.0	2310.0	2810.0	2310.0	2600
2022-01-18	2310.0	2160.0	2310.0	2220.0	1700
2022-01-19	2220.0	2100.0	2700.0	2580.0	6000
2022-01-20	2580.0	2400.0	2680.0	2400.0	9600
2022-01-21	2500.0	2250.0	2530.0	2400.0	2600
2022-01-24	2410.0	2260.0	2540.0	2350.0	4700
2022-01-25	2350.0	2260.0	2370.0	2370.0	400
2022-01-26	2330.0	2330.0	2330.0	2330.0	200
2022-01-27	2330.0	2330.0	2650.0	2620.0	1300
2022-01-28	2540.0	2440.0	2540.0	2440.0	300
2022-01-31	2440.0	2440.0	3050.0	2630.0	2000
2022-02-02	2590.0	2590.0	2590.0	2590.0	100
2022-02-03	2640.0	2460.0	2640.0	2460.0	8000
2022-02-04	2370.0	2370.0	2820.0	2600.0	3800
2022-02-07	2580.0	2440.0	2580.0	2440.0	2000
2022-02-08	2480.0	2430.0	2480.0	2430.0	900
2022-02-09	2260.0	2260.0	2690.0	2600.0	3700
2022-02-10	2600.0	2430.0	2600.0	2590.0	400
2022-02-11	2590.0	2460.0	2990.0	2590.0	7200
2022-02-14	2460.0	2460.0	2500.0	2500.0	600
2022-02-15	2670.0	2500.0	2670.0	2500.0	1300
2022-02-16	2560.0	2560.0	2670.0	2600.0	1500
2022-02-17	2500.0	2500.0	2680.0	2680.0	3700
2022-02-18	2500.0	2500.0	2650.0	2550.0	1400
2022-02-21	2450.0	2390.0	2990.0	2750.0	11700
2022-02-22	2730.0	2650.0	2860.0	2660.0	3000
2022-02-23	2630.0	2570.0	2720.0	2570.0	600
2022-02-24	2550.0	2530.0	2550.0	2550.0	800
2022-02-25	2550.0	2380.0	2550.0	2380.0	200
2022-03-01	2400.0	2400.0	2450.0	2450.0	500
2022-03-02	2610.0	2610.0	2760.0	2670.0	2200
2022-03-04	2670.0	2600.0	2670.0	2670.0	600
2022-03-07	2660.0	2490.0	2750.0	2490.0	2900
2022-03-08	2610.0	2600.0	2610.0	2600.0	800
2022-03-09	2600.0	2440.0	2690.0	2590.0	1200
2022-03-10	2580.0	2580.0	2590.0	2590.0	300
2022-03-11	2590.0	2590.0	2590.0	2590.0	100
2022-03-14	2590.0	2460.0	2590.0	2460.0	200
2022-03-15	2460.0	2290.0	2600.0	2600.0	1900
2022-03-16	2430.0	2430.0	2590.0	2590.0	1500
2022-03-17	2550.0	2550.0	2590.0	2590.0	200
2022-03-18	2590.0	2590.0	2690.0	2680.0	300
2022-03-21	2640.0	2640.0	2640.0	2640.0	100
2022-03-22	2630.0	2610.0	2630.0	2610.0	200
2022-03-23	2600.0	2600.0	2690.0	2690.0	700
2022-03-24	2510.0	2510.0	2620.0	2590.0	900
2022-03-25	2600.0	2420.0	2670.0	2420.0	2600
2022-03-28	2350.0	2270.0	2590.0	2520.0	900
2022-03-29	2440.0	2440.0	2580.0	2580.0	300
2022-03-30	2640.0	2420.0	2770.0	2500.0	2500
2022-03-31	2500.0	2380.0	2640.0	2400.0	1500
2022-04-01	2570.0	2500.0	2580.0	2500.0	500
2022-04-04	2360.0	2360.0	2500.0	2500.0	1800
2022-04-05	2400.0	2400.0	2650.0	2510.0	1000
2022-04-06	2510.0	2470.0	2600.0	2600.0	700
2022-04-07	2590.0	2510.0	2590.0	2510.0	200
2022-04-08	2510.0	2510.0	2510.0	2510.0	300
2022-04-11	2630.0	2630.0	2630.0	2630.0	100
2022-04-12	2570.0	2450.0	2610.0	2590.0	2400
2022-04-13	2590.0	2590.0	2590.0	2590.0	
2022-04-13	2590.0	2590.0	2590.0	2590.0	100
					0
2022-04-18	2590.0	2590.0	2640.0	2640.0	300
2022-04-19	2640.0	2640.0	2730.0	2640.0	800
2022-04-19	2640.0	2640.0	2730.0	2640.0	
					0
2022-04-21	2620.0	2610.0	2620.0	2610.0	400
2022-04-22	2610.0	2610.0	2610.0	2610.0	100
2022-04-25	2590.0	2590.0	2590.0	2590.0	100
2022-04-25	2590.0	2590.0	2590.0	2590.0	
					0
2022-04-27	2590.0	2430.0	2900.0	2510.0	9400
2022-04-28	2420.0	2410.0	2690.0	2420.0	2900
2022-05-09	2430.0	2430.0	2430.0	2430.0	100
2022-05-10	2330.0	2330.0	2670.0	2420.0	1000
2022-05-11	2690.0	2600.0	2690.0	2600.0	4700
2022-05-12	2600.0	2440.0	2640.0	2590.0	700
2022-05-13	2420.0	2420.0	2420.0	2420.0	100
2022-05-17	2320.0	2320.0	2670.0	2630.0	800
2022-05-18	2620.0	2580.0	2620.0	2610.0	600
2022-05-19	2460.0	2460.0	2500.0	2500.0	1400
2022-05-20	2400.0	2400.0	2400.0	2400.0	200
2022-05-23	2450.0	2450.0	2650.0	2650.0	300
2022-05-24	2650.0	2650.0	2650.0	2650.0	100
2022-05-25	2580.0	2510.0	2630.0	2580.0	800
2022-05-27	2580.0	2580.0	2580.0	2580.0	800
2022-05-30	2550.0	2550.0	2550.0	2550.0	100
2022-05-31	2500.0	2500.0	2500.0	2500.0	700
2022-06-02	2500.0	2500.0	2500.0	2500.0	100
2022-06-03	2490.0	2490.0	2490.0	2490.0	200
2022-06-06	2450.0	2430.0	2450.0	2430.0	200
2022-06-07	2430.0	2400.0	2430.0	2400.0	1000
2022-06-08	2640.0	2450.0	2640.0	2450.0	300
2022-06-08	2640.0	2450.0	2640.0	2450.0	
					0
2022-06-10	2360.0	2360.0	2360.0	2360.0	300
2022-06-13	2360.0	2360.0	2500.0	2430.0	800
2022-06-13	2360.0	2360.0	2500.0	2430.0	
					0
					0
					0
					0
					0
2022-06-21	2410.0	2410.0	2410.0	2410.0	200
2022-06-22	2410.0	2410.0	2410.0	2410.0	100
2022-06-23	2320.0	2270.0	2320.0	2320.0	600
2022-06-24	2320.0	2320.0	2320.0	2320.0	500
2022-06-27	2320.0	2170.0	2490.0	2210.0	2700
2022-06-28	2210.0	2210.0	2270.0	2270.0	800
2022-06-29	2260.0	2260.0	2470.0	2440.0	800
2022-06-30	2430.0	2430.0	2430.0	2430.0	100
2022-07-01	2430.0	2430.0	2670.0	2500.0	700
2022-07-04	2500.0	2330.0	2500.0	2410.0	1000
2022-07-05	2390.0	2380.0	2390.0	2380.0	200
2022-07-06	2300.0	2300.0	2300.0	2300.0	4900
2022-07-06	2300.0	2300.0	2300.0	2300.0	
					0
2022-07-08	2300.0	2300.0	2300.0	2300.0	100
2022-07-11	2300.0	2160.0	2470.0	2210.0	2600
2022-07-12	2120.0	2060.0	2280.0	2280.0	3700
2022-07-13	2210.0	2130.0	2260.0	2160.0	1000
2022-07-14	2160.0	2160.0	2270.0	2270.0	200
2022-07-15	2480.0	2290.0	2480.0	2380.0	600
2022-07-18	2290.0	2290.0	2290.0	2290.0	100
2022-07-19	2180.0	2170.0	2270.0	2270.0	300
2022-07-20	2270.0	2260.0	2270.0	2260.0	400
2022-07-21	2290.0	2250.0	2290.0	2250.0	400
2022-07-22	2250.0	2250.0	2250.0	2250.0	1100
2022-07-25	2180.0	2100.0	2180.0	2130.0	1600
2022-07-26	2100.0	2100.0	2100.0	2100.0	100
2022-07-27	2100.0	2010.0	2100.0	2090.0	1500
2022-07-28	2150.0	2150.0	2150.0	2150.0	400
2022-07-28	2150.0	2150.0	2150.0	2150.0	
					0
2022-08-01	2170.0	2010.0	2170.0	2120.0	900
2022-08-02	2110.0	2100.0	2110.0	2100.0	200
2022-08-03	2290.0	2120.0	2290.0	2120.0	
2022-08-03	2290.0	2120.0	2290.0	2120.0	500
					0
2022-08-05	2120.0	2120.0	2120.0	2120.0	100
2022-08-08	2120.0	2010.0	2320.0	2300.0	10900
2022-08-09	2300.0	2150.0	2300.0	2300.0	9800
2022-08-10	2400.0	2160.0	2400.0	2160.0	500
2022-08-11	2160.0	2160.0	2280.0	2190.0	1200
2022-08-12	2340.0	2090.0	2340.0	2090.0	3600
2022-08-15	2160.0	1970.0	2160.0	2100.0	2200
2022-08-16	2110.0	2020.0	2110.0	2020.0	500
2022-08-18	2020.0	2020.0	2100.0	2020.0	1700
2022-08-19	2020.0	1930.0	2020.0	1930.0	1100
2022-08-22	1910.0	1900.0	1920.0	1900.0	1400
2022-08-23	1900.0	1830.0	1900.0	1830.0	300
2022-08-24	1835.0	1785.0	1850.0	1815.0	4700
2022-08-25	1815.0	1750.0	1990.0	1990.0	1400
2022-08-26	1980.0	1980.0	2160.0	2160.0	1300
2022-08-29	2090.0	2010.0	2340.0	2010.0	3800
2022-08-30	1910.0	1900.0	2050.0	1900.0	4000
2022-08-31	1900.0	1900.0	1900.0	1900.0	200
2022-09-01	1900.0	1900.0	1900.0	1900.0	200
2022-09-02	1850.0	1825.0	1895.0	1895.0	1400
2022-09-05	1905.0	1850.0	1905.0	1850.0	400
2022-09-06	1835.0	1835.0	1885.0	1885.0	300
2022-09-07	1885.0	1885.0	1885.0	1885.0	500
2022-09-07	1885.0	1885.0	1885.0	1885.0	
					0
2022-09-09	1810.0	1780.0	1810.0	1790.0	700
2022-09-12	1805.0	1790.0	1820.0	1795.0	1100
2022-09-13	1795.0	1795.0	1800.0	1800.0	1700
2022-09-14	1780.0	1700.0	1890.0	1800.0	4000
2022-09-15	1770.0	1705.0	1770.0	1710.0	2200
2022-09-16	1760.0	1760.0	1760.0	1760.0	100
2022-09-19	1720.0	1710.0	1720.0	1710.0	400
2022-09-20	1660.0	1660.0	1790.0	1740.0	
2022-09-20	1660.0	1660.0	1790.0	1740.0	900
					0
2022-09-22	1720.0	1720.0	1720.0	1720.0	100
2022-09-23	1710.0	1710.0	1710.0	1710.0	200
2022-09-26	1710.0	1710.0	1710.0	1710.0	100
2022-09-27	1660.0	1630.0	1660.0	1655.0	300
2022-09-28	1610.0	1610.0	1610.0	1610.0	200
2022-09-29	1615.0	1560.0	1615.0	1590.0	600
2022-09-30	1555.0	1515.0	1555.0	1515.0	1000
2022-10-03	1465.0	1425.0	1535.0	1535.0	800
2022-10-04	1540.0	1540.0	1540.0	1540.0	500
2022-10-05	1540.0	1540.0	1540.0	1540.0	700
2022-10-06	1640.0	1640.0	1690.0	1680.0	5800
2022-10-07	1830.0	1675.0	1840.0	1675.0	6000
2022-10-10	1625.0	1565.0	1625.0	1595.0	2800
2022-10-11	1550.0	1550.0	1550.0	1550.0	100
2022-10-12	1510.0	1510.0	1700.0	1550.0	9900
2022-10-13	1500.0	1500.0	1700.0	1695.0	5800
2022-10-14	1860.0	1605.0	1860.0	1625.0	6500
2022-10-17	1575.0	1575.0	1585.0	1585.0	400
2022-10-18	1550.0	1500.0	1740.0	1740.0	4500
2022-10-19	1790.0	1790.0	1835.0	1830.0	13300
2022-10-20	1825.0	1775.0	2000.0	2000.0	10700
2022-10-21	1860.0	1860.0	1990.0	1940.0	4600
2022-10-24	1990.0	1990.0	2090.0	2020.0	500
2022-10-25	1920.0	1880.0	1920.0	1880.0	1800
2022-10-26	1880.0	1865.0	1950.0	1865.0	600
2022-10-27	1860.0	1860.0	1910.0	1910.0	200
2022-10-28	1960.0	1780.0	1960.0	1780.0	1800
2022-10-31	1780.0	1715.0	1905.0	1905.0	900
2022-11-01	1775.0	1775.0	1775.0	1775.0	900
2022-11-02	1775.0	1655.0	1775.0	1655.0	3300
2022-11-03	1640.0	1555.0	1640.0	1555.0	900
2022-11-04	1505.0	1465.0	1665.0	1665.0	4700
2022-11-07	1705.0	1665.0	1705.0	1665.0	700
2022-11-08	1665.0	1625.0	1665.0	1660.0	500
2022-11-09	1660.0	1585.0	1740.0	1585.0	1000
2022-11-10	1690.0	1500.0	1690.0	1680.0	1600
2022-11-11	1675.0	1675.0	1815.0	1810.0	2100
2022-11-14	1810.0	1685.0	1810.0	1685.0	4900
2022-11-15	1685.0	1680.0	1685.0	1680.0	2500
2022-11-16	1675.0	1565.0	1675.0	1565.0	1500
2022-11-17	1565.0	1475.0	1635.0	1635.0	3400
2022-11-18	1605.0	1605.0	1690.0	1690.0	500
2022-11-21	1680.0	1680.0	1680.0	1680.0	
2022-11-21	1680.0	1680.0	1680.0	1680.0	100
					0
2022-11-23	1680.0	1680.0	1725.0	1725.0	300
2022-11-24	1715.0	1705.0	1895.0	1885.0	4800
2022-11-25	1950.0	1755.0	1950.0	1760.0	3600
2022-11-28	1710.0	1660.0	1710.0	1660.0	1400
2022-11-29	1610.0	1575.0	1620.0	1575.0	1000
2022-11-30	1585.0	1530.0	1585.0	1530.0	
2022-11-30	1585.0	1530.0	1585.0	1530.0	200
					0
2022-12-02	1675.0	1670.0	1675.0	1675.0	400
2022-12-05	1725.0	1725.0	1725.0	1725.0	100
2022-12-06	1615.0	1605.0	1615.0	1610.0	3400
2022-12-07	1645.0	1575.0	1645.0	1575.0	
2022-12-07	1645.0	1575.0	1645.0	1575.0	200
					0
					0
					0
2022-12-13	1595.0	1525.0	1595.0	1525.0	200
2022-12-14	1475.0	1475.0	1525.0	1485.0	500
2022-12-15	1435.0	1435.0	1445.0	1445.0	200
2022-12-15	1435.0	1435.0	1445.0	1445.0	
					0
2022-12-19	1395.0	1375.0	1500.0	1375.0	1400
2022-12-20	1335.0	1335.0	1335.0	1335.0	100
2022-12-21	1450.0	1450.0	1450.0	1450.0	100
2022-12-22	1450.0	1450.0	1450.0	1450.0	100
2022-12-22	1450.0	1450.0	1450.0	1450.0	
					0
					0
					0
2022-12-28	1595.0	1595.0	1595.0	1595.0	100
2022-12-29	1595.0	1485.0	1595.0	1595.0	3100
2022-12-29	1595.0	1485.0	1595.0	1595.0	
					0
