Date	Price Open	Price Low	Price High	Price Close	Volume
2000-01-04	675	675	675	675	10000
2000-01-04	675	675	675	675	
					0
2000-01-06	675	675	675	675	2500
2000-01-11	700	675	725	675	16500
2000-01-11	700	675	725	675	
					0
					0
					0
2000-01-17	675	675	675	675	
2000-01-17	675	675	675	675	2500
					0
2000-01-19	525	525	525	525	2500
2000-01-20	525	525	525	525	2500
2000-01-21	600	600	600	600	
2000-01-21	600	600	600	600	500
					0
					0
2000-01-26	575	575	575	575	1000
2000-01-26	575	575	575	575	
					0
					0
2000-01-31	600	600	600	600	5000
2000-01-31	600	600	600	600	
					0
					0
					0
					0
2000-02-07	575	575	575	575	
2000-02-07	575	575	575	575	500
					0
					0
					0
					0
					0
					0
2000-02-16	525	525	525	525	12000
2000-02-16	525	525	525	525	
					0
2000-02-18	575	575	575	575	
2000-02-18	575	575	575	575	2000
					0
					0
					0
					0
2000-02-25	500	500	500	500	5000
2000-02-25	500	500	500	500	
					0
					0
					0
					0
2000-03-06	500	500	500	500	5000
2000-03-06	500	500	500	500	
					0
2000-03-08	500	500	550	500	
2000-03-08	500	500	550	500	11000
					0
					0
2000-03-13	500	500	500	500	5000
2000-03-13	500	500	500	500	
					0
					0
					0
2000-03-20	475	475	475	475	500
2000-03-20	475	475	475	475	
					0
2000-03-22	450	450	500	500	70000
2000-03-22	450	450	500	500	
					0
					0
					0
2000-03-28	500	500	525	500	17500
2000-03-29	500	500	500	500	1500
2000-03-29	500	500	500	500	
					0
					0
2000-04-05	450	450	450	450	2000
2000-04-07	450	450	450	450	
2000-04-07	450	450	450	450	10000
					0
2000-04-11	500	500	500	500	
2000-04-11	500	500	500	500	12500
					0
2000-04-13	450	450	450	450	
2000-04-13	450	450	450	450	10000
					0
2000-04-17	450	450	450	450	
2000-04-17	450	450	450	450	12500
					0
					0
					0
					0
2000-04-25	450	450	450	450	25000
2000-04-26	450	450	500	500	
2000-04-26	450	450	500	500	79000
					0
					0
					0
					0
					0
					0
2000-05-05	450	450	575	575	9500
2000-05-08	525	525	525	525	2500
2000-05-09	575	575	575	575	2500
2000-05-10	625	500	700	500	
2000-05-10	625	500	700	500	3000
					0
					0
					0
2000-05-16	450	450	500	500	24000
2000-05-16	450	450	500	500	
					0
2000-05-19	450	450	500	500	
2000-05-19	450	450	500	500	15000
					0
					0
					0
					0
					0
					0
					0
					0
					0
2000-06-05	450	450	500	500	171000
2000-06-05	450	450	500	500	
					0
2000-06-07	500	500	600	600	158500
2000-06-08	500	500	600	600	82500
2000-06-09	550	550	550	550	
2000-06-09	550	550	550	550	10000
					0
					0
					0
					0
2000-06-19	500	500	600	600	57500
2000-06-19	500	500	600	600	
					0
					0
					0
					0
					0
					0
					0
					0
					0
2000-07-03	505	505	505	505	5000
2000-07-04	500	500	500	500	150000
2000-07-05	500	500	500	500	1000
2000-07-06	500	500	505	500	12500
2000-07-07	500	500	500	500	6000
2000-07-10	500	500	500	500	500
2000-07-11	500	500	500	500	5000
2000-07-11	500	500	500	500	
					0
2000-07-13	500	500	500	500	1000
2000-07-13	500	500	500	500	
					0
2000-07-17	500	500	500	500	25000
2000-07-18	515	515	600	600	231500
2000-07-18	515	515	600	600	
					0
2000-07-20	600	600	600	600	
2000-07-20	600	600	600	600	122000
					0
					0
2000-07-25	545	545	545	545	500
2000-07-26	530	525	550	550	
2000-07-26	530	525	550	550	97500
					0
2000-07-28	525	510	550	550	
2000-07-28	525	510	550	550	85000
					0
2000-08-01	550	535	550	535	10000
2000-08-01	550	535	550	535	
					0
					0
2000-08-04	530	530	530	530	
2000-08-04	530	530	530	530	17500
					0
2000-08-08	525	525	525	525	
2000-08-08	525	525	525	525	500
					0
2000-08-10	555	550	555	550	
2000-08-10	555	550	555	550	2500
					0
2000-08-14	560	560	560	560	
2000-08-14	560	560	560	560	11500
					0
2000-08-16	555	555	555	555	1000
2000-08-18	560	560	560	560	5000
2000-08-18	560	560	560	560	
					0
2000-08-22	555	550	555	550	40000
2000-08-23	555	555	555	555	
2000-08-23	555	555	555	555	15000
					0
					0
					0
2000-08-29	550	550	550	550	
2000-08-29	550	550	550	550	5500
					0
2000-08-31	550	550	550	550	
2000-08-31	550	550	550	550	500
					0
					0
2000-09-05	535	535	550	550	51000
2000-09-06	560	560	560	560	25000
2000-09-07	560	560	560	560	2000
2000-09-07	560	560	560	560	
					0
2000-09-11	570	570	570	570	1000
2000-09-12	560	560	560	560	5000
2000-09-12	560	560	560	560	
					0
					0
					0
					0
					0
2000-09-20	525	525	525	525	1000
2000-09-21	525	525	580	580	
2000-09-21	525	525	580	580	94000
					0
					0
2000-09-26	590	590	590	590	
2000-09-26	590	590	590	590	81000
					0
					0
					0
					0
					0
					0
					0
					0
					0
					0
					0
					0
					0
					0
					0
					0
2000-10-19	515	505	555	555	197000
2000-10-19	515	505	555	555	
					0
2000-10-23	525	525	525	525	
2000-10-23	525	525	525	525	5000
					0
2000-10-26	525	525	525	525	
2000-10-26	525	525	525	525	6000
					0
					0
2000-10-31	525	525	525	525	10000
2000-10-31	525	525	525	525	
					0
					0
					0
2000-11-06	525	525	525	525	
2000-11-06	525	525	525	525	13000
					0
					0
					0
2000-11-10	525	525	525	525	
2000-11-10	525	525	525	525	5000
					0
					0
					0
					0
2000-11-17	525	525	525	525	7500
2000-11-17	525	525	525	525	
					0
2000-11-21	525	525	525	525	
2000-11-21	525	525	525	525	24500
					0
					0
					0
					0
2000-11-28	500	500	500	500	25000
2000-11-28	500	500	500	500	
					0
					0
					0
2000-12-04	550	550	550	550	5000
2000-12-05	550	500	550	550	69500
2000-12-06	550	525	575	575	257500
2000-12-07	550	550	575	575	115000
2000-12-08	550	550	550	550	3007000
2000-12-11	525	525	550	550	5087500
2000-12-12	525	525	600	600	182500
2000-12-13	575	575	575	575	53000
2000-12-14	575	575	575	575	2500
2000-12-15	675	650	725	700	388500
2000-12-18	700	700	725	725	365500
2000-12-19	700	700	700	700	1000
2000-12-20	700	700	725	725	463000
2000-12-21	700	700	725	725	502000
2000-12-22	700	700	825	825	1308500
2000-12-22	700	700	825	825	
					0
					0
					0
					0
					0
					0
					0
					0
					0
2001-01-15	750	750	900	900	379000
2001-01-16	875	850	875	875	146500
2001-01-17	850	850	925	925	333000
2001-01-18	900	875	925	925	
2001-01-18	900	875	925	925	441000
					0
2001-01-22	925	875	975	975	390000
2001-01-23	850	850	850	850	15000
2001-01-24	875	875	875	875	5000
2001-01-25	875	850	875	850	140000
2001-01-26	825	825	825	825	
2001-01-26	825	825	825	825	2500
					0
					0
					0
2001-02-01	825	825	825	825	
2001-02-01	825	825	825	825	50000
					0
					0
2001-02-06	825	825	825	825	
2001-02-06	825	825	825	825	100000
					0
2001-02-08	825	825	825	825	79500
2001-02-09	825	825	825	825	18500
2001-02-12	825	800	825	825	
2001-02-12	825	800	825	825	72500
					0
2001-02-14	825	825	825	825	50000
2001-02-15	825	825	825	825	50000
2001-02-16	825	825	825	825	8000
2001-02-19	825	825	825	825	50000
2001-02-20	800	800	825	800	550000
2001-02-20	800	800	825	800	
					0
					0
					0
					0
					0
					0
					0
					0
					0
2001-03-07	700	650	700	650	
2001-03-07	700	650	700	650	3500
					0
					0
					0
					0
					0
					0
					0
					0
					0
					0
					0
					0
					0
					0
					0
					0
					0
					0
					0
					0
					0
					0
					0
					0
					0
					0
					0
					0
					0
					0
					0
					0
					0
					0
					0
					0
					0
					0
					0
					0
					0
					0
2001-05-10	350	350	350	350	1000
2001-05-10	350	350	350	350	
					0
					0
					0
					0
					0
					0
					0
					0
					0
					0
					0
					0
					0
					0
					0
					0
					0
					0
					0
					0
					0
					0
					0
					0
					0
					0
2001-06-20	330	330	330	330	2500
2001-06-20	330	330	330	330	
					0
					0
2001-06-25	330	330	370	370	2500
2001-06-26	390	390	390	390	1000
2001-06-27	370	370	370	370	500
2001-06-27	370	370	370	370	
					0
					0
					0
					0
					0
2001-07-05	350	350	350	350	500
2001-07-05	350	350	350	350	
					0
					0
					0
					0
					0
					0
					0
					0
					0
					0
					0
2001-07-23	345	335	345	335	
2001-07-23	345	335	345	335	25500
					0
					0
2001-07-26	345	300	345	300	2000
2001-07-27	300	300	300	300	5000
2001-07-27	300	300	300	300	
					0
2001-07-31	300	300	300	300	3000
2001-08-01	330	330	350	350	40000
2001-08-01	330	330	350	350	
					0
					0
					0
					0
2001-08-08	320	320	320	320	
2001-08-08	320	320	320	320	1000
					0
2001-08-10	310	310	310	310	
2001-08-10	310	310	310	310	4000
					0
2001-08-14	320	320	320	320	
2001-08-14	320	320	320	320	2500
					0
2001-08-16	305	305	305	305	2500
2001-08-20	310	310	310	310	1000
2001-08-20	310	310	310	310	
					0
2001-08-22	305	305	305	305	
2001-08-22	305	305	305	305	4500
					0
					0
					0
					0
					0
					0
					0
2001-09-03	250	250	285	285	
2001-09-03	250	250	285	285	25000
					0
					0
2001-09-06	295	295	295	295	
2001-09-06	295	295	295	295	4500
					0
					0
					0
					0
					0
					0
					0
					0
					0
2001-09-20	295	295	295	295	
2001-09-20	295	295	295	295	1000
					0
					0
					0
					0
					0
					0
					0
					0
					0
					0
					0
					0
					0
					0
					0
					0
					0
					0
2001-10-18	250	250	250	250	
2001-10-18	250	250	250	250	2000
					0
2001-10-22	250	250	250	250	500
2001-10-22	250	250	250	250	
					0
					0
					0
					0
					0
					0
					0
					0
					0
					0
					0
					0
					0
					0
					0
					0
					0
					0
					0
					0
2001-11-20	215	215	215	215	500
2001-11-21	125	125	215	215	
2001-11-21	125	125	215	215	3000
					0
					0
					0
					0
					0
					0
					0
2001-12-03	210	210	210	210	5000
2001-12-04	220	220	235	235	8500
2001-12-05	245	245	255	255	19000
2001-12-05	245	245	255	255	
					0
					0
					0
					0
					0
					0
					0
					0
					0
					0
2001-12-27	190	190	220	220	2000
2001-12-28	205	205	205	205	20000
2001-12-28	205	205	205	205	
					0
					0
					0
					0
					0
					0
					0
2002-01-11	240	240	240	240	
2002-01-11	240	240	240	240	500
					0
					0
					0
					0
2002-01-18	200	200	200	200	500
2002-01-18	200	200	200	200	
					0
					0
					0
					0
					0
					0
2002-01-29	200	200	200	200	12000
2002-01-29	200	200	200	200	
					0
2002-01-31	200	200	200	200	1500
2002-02-01	200	200	200	200	1500
2002-02-01	200	200	200	200	
					0
2002-02-05	205	205	210	210	5000
2002-02-06	200	200	200	200	
2002-02-06	200	200	200	200	500
					0
					0
					0
					0
					0
					0
					0
					0
					0
					0
					0
					0
					0
					0
					0
2002-03-04	135	135	135	135	
2002-03-04	135	135	135	135	5000
					0
					0
					0
2002-03-08	160	160	160	160	
2002-03-08	160	160	160	160	500
					0
2002-03-12	160	160	165	165	
2002-03-12	160	160	165	165	7500
					0
2002-03-14	160	160	160	160	4000
2002-03-18	160	160	165	165	3000
2002-03-18	160	160	165	165	
					0
					0
2002-03-21	165	165	165	165	5000
2002-03-21	165	165	165	165	
					0
					0
					0
					0
					0
					0
					0
					0
					0
					0
					0
					0
2002-04-10	170	170	170	170	5000
2002-04-10	170	170	170	170	
					0
					0
					0
2002-04-16	170	170	170	170	
2002-04-16	170	170	170	170	27500
					0
					0
					0
					0
2002-04-23	180	180	180	180	20500
2002-04-24	180	180	180	180	21000
2002-04-25	180	180	200	200	37500
2002-04-25	180	180	200	200	
					0
2002-04-29	190	190	190	190	5500
2002-04-29	190	190	190	190	
					0
2002-05-01	200	200	220	210	30000
2002-05-02	200	200	225	210	19500
2002-05-02	200	200	225	210	
					0
2002-05-06	225	220	225	220	
2002-05-06	225	220	225	220	6000
					0
2002-05-08	210	200	210	200	42000
2002-05-10	200	200	200	200	20000
2002-05-10	200	200	200	200	
					0
2002-05-14	210	200	220	200	267000
2002-05-14	210	200	220	200	
					0
					0
2002-05-17	185	185	185	185	5500
2002-05-20	200	200	200	200	7500
2002-05-21	195	195	215	215	28500
2002-05-22	215	210	215	210	115500
2002-05-23	205	205	205	205	1000
2002-05-23	205	205	205	205	
					0
					0
2002-05-28	205	205	205	205	5500
2002-05-29	200	200	200	200	
2002-05-29	200	200	200	200	500
					0
					0
					0
2002-06-04	210	210	210	210	5000
2002-06-05	210	210	210	210	5000
2002-06-05	210	210	210	210	
					0
					0
					0
					0
					0
					0
					0
					0
2002-06-18	210	210	210	210	21000
2002-06-18	210	210	210	210	
					0
					0
					0
					0
					0
					0
					0
					0
					0
					0
					0
					0
					0
					0
					0
					0
					0
					0
					0
					0
					0
					0
					0
					0
					0
					0
					0
					0
					0
2002-07-30	165	165	165	165	2000
2002-07-31	160	160	165	165	7500
2002-08-01	165	165	165	165	10000
2002-08-01	165	165	165	165	
					0
					0
					0
					0
					0
					0
					0
					0
					0
					0
					0
					0
					0
2002-08-21	120	120	135	135	
2002-08-21	120	120	135	135	1500
					0
					0
					0
2002-08-27	105	105	105	105	5500
2002-08-27	105	105	105	105	
					0
					0
					0
					0
					0
					0
					0
					0
					0
					0
					0
					0
					0
					0
					0
2002-09-18	100	100	100	100	
2002-09-18	100	100	100	100	5000
					0
					0
					0
					0
					0
					0
					0
					0
					0
					0
					0
					0
					0
					0
					0
					0
					0
					0
					0
					0
					0
2002-10-21	125	125	125	125	
2002-10-21	125	125	125	125	62500
					0
					0
					0
2002-10-25	135	135	135	135	500
2002-10-25	135	135	135	135	
					0
					0
2002-10-30	125	125	125	125	
2002-10-30	125	125	125	125	3000
					0
					0
					0
2002-11-05	135	135	150	150	9000
2002-11-05	135	135	150	150	
					0
2002-11-07	135	135	135	135	5500
2002-11-08	155	155	155	155	2500
2002-11-08	155	155	155	155	
					0
					0
					0
					0
					0
2002-11-18	150	150	150	150	6500
2002-11-19	160	160	160	160	5500
2002-11-19	160	160	160	160	
					0
					0
2002-11-22	165	165	185	185	5500
2002-11-25	200	200	200	200	2500
2002-11-25	200	200	200	200	
					0
					0
2002-11-28	200	200	200	200	
2002-11-28	200	200	200	200	20000
					0
					0
					0
					0
					0
					0
2002-12-13	200	200	200	200	22000
2002-12-16	200	200	200	200	
2002-12-16	200	200	200	200	27000
					0
					0
2002-12-19	200	200	200	200	500
2002-12-20	200	200	200	200	1000
2002-12-20	200	200	200	200	
					0
2002-12-27	200	200	200	200	71500
2003-01-02	200	200	200	200	20000
2003-01-03	200	200	200	200	28500
2003-01-03	200	200	200	200	
					0
2003-01-07	200	200	200	200	1500
2003-01-08	200	200	200	200	
2003-01-08	200	200	200	200	1000
					0
					0
					0
					0
					0
2003-01-16	200	200	200	200	
2003-01-16	200	200	200	200	5000
					0
					0
2003-01-21	200	200	200	200	2500
2003-01-22	200	200	200	200	14000
2003-01-22	200	200	200	200	
					0
					0
					0
					0
					0
2003-01-30	205	205	205	205	5000
2003-01-30	205	205	205	205	
					0
					0
					0
					0
					0
					0
					0
					0
					0
2003-02-14	200	200	200	200	50000
2003-02-14	200	200	200	200	
					0
					0
					0
					0
2003-02-21	200	200	200	200	45000
2003-02-24	200	200	200	200	12500
2003-02-24	200	200	200	200	
					0
					0
2003-02-27	200	200	200	200	28000
2003-02-27	200	200	200	200	
					0
					0
					0
					0
					0
					0
					0
					0
					0
					0
					0
					0
					0
					0
					0
					0
					0
					0
					0
					0
					0
					0
					0
					0
					0
					0
					0
2003-04-10	210	210	230	230	21000
2003-04-11	250	250	250	250	
2003-04-11	250	250	250	250	10000
					0
2003-04-15	230	230	230	230	10000
2003-04-16	235	235	240	240	35000
2003-04-16	235	235	240	240	
					0
					0
					0
					0
					0
					0
					0
					0
					0
2003-05-01	245	245	250	250	7000
2003-05-02	230	230	285	285	116500
2003-05-02	230	230	285	285	
					0
					0
					0
					0
2003-05-09	255	255	255	255	
2003-05-09	255	255	255	255	5000
					0
2003-05-13	265	265	300	300	50000
2003-05-13	265	265	300	300	
					0
					0
					0
					0
					0
					0
					0
					0
					0
					0
					0
					0
					0
					0
					0
					0
					0
					0
					0
					0
					0
					0
					0
					0
2003-06-20	255	255	255	255	
2003-06-20	255	255	255	255	9000
					0
					0
					0
					0
					0
					0
2003-07-01	250	250	250	250	2500
2003-07-02	250	250	250	250	
2003-07-02	250	250	250	250	3000
					0
					0
					0
					0
					0
					0
					0
					0
					0
					0
					0
2003-07-18	255	255	255	255	5000
2003-07-18	255	255	255	255	
					0
2003-07-22	255	255	255	255	25000
2003-07-23	255	255	255	255	5500
2003-07-24	255	255	255	255	
2003-07-24	255	255	255	255	17000
					0
					0
					0
					0
2003-07-31	255	255	300	300	12500
2003-07-31	255	255	300	300	
					0
					0
					0
					0
					0
					0
					0
					0
					0
					0
					0
					0
					0
					0
					0
					0
					0
					0
					0
					0
					0
					0
					0
					0
					0
					0
					0
					0
					0
					0
					0
					0
					0
					0
					0
					0
					0
					0
2003-09-26	275	275	275	275	5000
2003-09-26	275	275	275	275	
					0
2003-09-30	275	275	280	280	5500
2003-10-01	280	275	280	275	
2003-10-01	280	275	280	275	21000
					0
					0
					0
					0
					0
					0
					0
					0
					0
					0
					0
					0
					0
					0
					0
					0
					0
					0
2003-10-28	275	275	280	280	8000
2003-10-28	275	275	280	280	
					0
					0
					0
					0
					0
2003-11-05	275	275	275	275	7500
2003-11-06	275	275	275	275	2500
2003-11-07	275	275	275	275	2500
2003-11-07	275	275	275	275	
					0
					0
2003-11-12	275	275	275	275	49000
2003-11-12	275	275	275	275	
					0
					0
					0
					0
					0
					0
					0
					0
2003-12-02	275	275	275	275	
2003-12-02	275	275	275	275	19000
					0
					0
					0
					0
					0
					0
					0
					0
					0
					0
					0
					0
					0
					0
					0
					0
					0
					0
					0
2004-01-06	300	300	350	350	56500
2004-01-06	300	300	350	350	
					0
					0
					0
					0
					0
					0
					0
					0
					0
					0
					0
					0
					0
					0
					0
					0
2004-01-30	300	300	300	300	14000
2004-01-30	300	300	300	300	
					0
					0
					0
					0
2004-02-09	300	300	300	300	5000
2004-02-10	300	300	300	300	4000
2004-02-10	300	300	300	300	
					0
					0
					0
					0
					0
2004-02-18	300	300	300	300	50000
2004-02-19	300	300	300	300	5000
2004-02-19	300	300	300	300	
					0
					0
					0
					0
					0
					0
					0
					0
					0
					0
					0
					0
					0
					0
					0
					0
					0
					0
					0
					0
					0
2004-03-24	300	300	300	300	14000
2004-03-25	300	300	300	300	
2004-03-25	300	300	300	300	9500
					0
					0
					0
					0
					0
					0
					0
					0
					0
					0
					0
					0
2004-04-15	300	300	300	300	14000
2004-04-15	300	300	300	300	
					0
					0
					0
					0
					0
					0
					0
					0
					0
					0
					0
					0
					0
					0
					0
					0
					0
					0
					0
					0
					0
					0
2004-05-19	300	300	300	300	
2004-05-19	300	300	300	300	75000
					0
					0
2004-05-25	375	375	375	375	5000
2004-05-26	375	375	395	395	76500
2004-05-27	395	395	395	395	67500
2004-05-28	395	395	395	395	30500
2004-05-31	395	395	395	395	1000
2004-06-01	400	400	405	405	30000
2004-06-02	435	435	450	450	
2004-06-02	435	435	450	450	30000
					0
2004-06-07	475	475	480	475	
2004-06-07	475	475	480	475	21500
					0
2004-06-09	495	495	505	500	646000
2004-06-09	495	495	505	500	
					0
2004-06-11	500	500	500	500	4500
2004-06-11	500	500	500	500	
					0
					0
					0
2004-06-17	500	500	500	500	7500
2004-06-18	500	500	500	500	44000
2004-06-21	500	500	500	500	30500
2004-06-22	500	500	500	500	30000
2004-06-23	500	500	500	500	21000
2004-06-23	500	500	500	500	
					0
2004-06-25	500	500	500	500	20000
2004-06-28	500	500	500	500	10000
2004-06-28	500	500	500	500	
					0
					0
					0
					0
					0
					0
					0
					0
2004-07-09	500	500	500	500	30500
2004-07-09	500	500	500	500	
					0
					0
2004-07-14	500	500	500	500	3000
2004-07-15	500	500	500	500	10500
2004-07-15	500	500	500	500	
					0
					0
2004-07-20	500	500	500	500	67000
2004-07-20	500	500	500	500	
					0
2004-07-22	500	500	500	500	30000
2004-07-22	500	500	500	500	
					0
					0
					0
					0
					0
2004-07-30	500	500	500	500	10500
2004-07-30	500	500	500	500	
					0
					0
					0
					0
					0
					0
					0
					0
					0
					0
					0
					0
2004-08-19	500	500	500	500	
2004-08-19	500	500	500	500	10000
					0
					0
					0
					0
					0
					0
					0
2004-08-31	500	500	500	500	
2004-08-31	500	500	500	500	4000
					0
					0
2004-09-03	500	500	500	500	35000
2004-09-03	500	500	500	500	
					0
					0
					0
					0
					0
					0
					0
					0
2004-09-17	500	500	500	500	
2004-09-17	500	500	500	500	7000
					0
					0
					0
2004-09-23	525	525	525	525	
2004-09-23	525	525	525	525	500
					0
					0
2004-09-28	500	500	500	500	
2004-09-28	500	500	500	500	8000
					0
					0
					0
					0
2004-10-05	500	500	500	500	4500
2004-10-05	500	500	500	500	
					0
2004-10-07	500	500	500	500	
2004-10-07	500	500	500	500	10000
					0
					0
					0
					0
					0
					0
					0
					0
					0
					0
					0
					0
					0
2004-10-27	500	500	500	500	
2004-10-27	500	500	500	500	25500
					0
					0
					0
2004-11-02	500	500	500	500	1000
2004-11-03	500	500	500	500	12000
2004-11-04	500	500	500	500	
2004-11-04	500	500	500	500	75500
					0
					0
					0
					0
					0
					0
					0
					0
					0
					0
					0
					0
					0
					0
					0
					0
					0
					0
					0
					0
					0
					0
					0
					0
					0
					0
					0
					0
					0
					0
					0
					0
					0
					0
					0
					0
					0
					0
					0
					0
					0
					0
					0
					0
					0
					0
					0
					0
					0
					0
					0
					0
					0
					0
					0
					0
					0
					0
					0
					0
					0
					0
					0
					0
					0
					0
					0
					0
					0
					0
					0
					0
					0
					0
					0
					0
					0
					0
					0
					0
					0
					0
					0
					0
					0
					0
					0
					0
2005-03-24	500	500	500	500	
2005-03-24	500	500	500	500	2000
					0
					0
					0
					0
					0
					0
					0
					0
					0
					0
					0
					0
					0
					0
					0
					0
					0
					0
					0
					0
					0
					0
					0
					0
					0
					0
					0
					0
					0
					0
					0
					0
					0
					0
					0
					0
					0
					0
					0
					0
					0
					0
					0
					0
					0
					0
					0
					0
					0
					0
					0
					0
					0
					0
					0
					0
					0
					0
					0
					0
					0
					0
					0
					0
					0
					0
					0
					0
					0
					0
					0
					0
					0
2005-07-12	330	330	410	330	9000
2005-07-13	305	300	305	300	6500
2005-07-14	300	300	300	300	
2005-07-14	300	300	300	300	5000
					0
					0
					0
2005-07-20	320	320	320	320	
2005-07-20	320	320	320	320	1000
					0
2005-07-22	350	350	350	350	5000
2005-07-22	350	350	350	350	
					0
					0
					0
2005-07-28	350	350	350	350	
2005-07-28	350	350	350	350	2500
					0
2005-08-01	370	370	370	370	
2005-08-01	370	370	370	370	500
					0
					0
					0
					0
2005-08-08	370	370	370	370	2500
2005-08-09	390	390	390	390	
2005-08-09	390	390	390	390	4000
					0
					0
					0
					0
2005-08-16	400	400	400	400	
2005-08-16	400	400	400	400	7000
					0
					0
					0
					0
					0
					0
					0
2005-08-29	400	400	400	400	10000
2005-08-29	400	400	400	400	
					0
2005-08-31	400	400	400	400	
2005-08-31	400	400	400	400	1000
					0
					0
2005-09-06	400	400	400	400	
2005-09-06	400	400	400	400	2500
					0
					0
					0
					0
					0
					0
					0
					0
					0
					0
					0
2005-09-22	265	265	400	400	27500
2005-09-23	400	400	400	400	
2005-09-23	400	400	400	400	500
					0
					0
2005-09-28	400	400	400	400	
2005-09-28	400	400	400	400	5000
					0
					0
					0
					0
2005-10-05	400	400	430	410	3500
2005-10-05	400	400	430	410	
					0
					0
2005-10-10	400	400	400	400	
2005-10-10	400	400	400	400	1000
					0
					0
					0
					0
					0
2005-10-18	400	400	400	400	2000
2005-10-18	400	400	400	400	
					0
					0
					0
					0
					0
					0
					0
					0
					0
					0
					0
2005-11-10	400	400	400	400	5000
2005-11-10	400	400	400	400	
					0
					0
					0
					0
					0
2005-11-18	430	430	430	430	5000
2005-11-18	430	430	430	430	
					0
					0
					0
					0
2005-11-25	450	450	450	450	
2005-11-25	450	450	450	450	2500
					0
					0
					0
					0
					0
					0
					0
					0
2005-12-08	465	465	465	465	
2005-12-08	465	465	465	465	2500
					0
2005-12-12	400	400	400	400	19500
2005-12-12	400	400	400	400	
					0
					0
					0
					0
					0
					0
					0
					0
					0
					0
					0
2005-12-29	400	400	400	400	
2005-12-29	400	400	400	400	40000
					0
					0
					0
					0
					0
					0
2006-01-11	400	400	400	400	7500
2006-01-11	400	400	400	400	
					0
					0
2006-01-16	400	400	400	400	10000
2006-01-16	400	400	400	400	
					0
					0
					0
					0
2006-01-23	400	400	400	400	25000
2006-01-24	400	400	400	400	5000
2006-01-24	400	400	400	400	
					0
					0
					0
					0
					0
					0
					0
					0
					0
					0
					0
					0
					0
					0
2006-02-15	400	400	400	400	5000
2006-02-15	400	400	400	400	
					0
					0
					0
					0
2006-02-22	420	400	420	400	61000
2006-02-22	420	400	420	400	
					0
					0
					0
					0
					0
2006-03-02	400	400	400	400	5500
2006-03-02	400	400	400	400	
					0
					0
					0
2006-03-08	400	400	400	400	10000
2006-03-09	400	400	400	400	1000
2006-03-09	400	400	400	400	
					0
					0
					0
2006-03-15	400	400	400	400	1000
2006-03-16	400	400	400	400	
2006-03-16	400	400	400	400	9500
					0
					0
					0
					0
					0
					0
					0
					0
					0
					0
2006-04-04	400	400	400	400	
2006-04-04	400	400	400	400	29500
					0
					0
					0
					0
					0
					0
2006-04-17	400	400	400	400	92000
2006-04-17	400	400	400	400	
					0
					0
2006-04-20	400	400	400	400	4000
2006-04-21	400	400	400	400	11500
2006-04-21	400	400	400	400	
					0
					0
2006-04-26	400	400	400	400	5000
2006-04-27	400	400	400	400	5000
2006-04-28	400	400	400	400	5000
2006-05-01	400	400	400	400	
2006-05-01	400	400	400	400	5000
					0
					0
					0
					0
					0
					0
					0
					0
					0
					0
					0
					0
					0
					0
					0
					0
					0
					0
					0
					0
					0
					0
					0
					0
					0
					0
					0
2006-06-12	400	400	400	400	
2006-06-12	400	400	400	400	1000
					0
					0
					0
					0
					0
					0
					0
					0
					0
					0
					0
					0
					0
					0
					0
					0
					0
					0
					0
					0
					0
					0
					0
					0
					0
					0
					0
					0
					0
					0
					0
					0
					0
					0
					0
					0
					0
					0
					0
					0
2006-08-08	400	400	400	400	4000
2006-08-08	400	400	400	400	
					0
					0
					0
					0
					0
					0
					0
					0
					0
					0
					0
					0
					0
					0
					0
					0
					0
2006-09-06	400	400	400	400	2000
2006-09-07	400	400	400	400	25000
2006-09-07	400	400	400	400	
					0
					0
					0
2006-09-13	400	400	400	400	4500
2006-09-13	400	400	400	400	
					0
					0
					0
					0
					0
					0
					0
2006-09-25	400	400	400	400	15000
2006-09-26	400	400	400	400	135000
2006-09-26	400	400	400	400	
					0
					0
					0
					0
					0
					0
					0
					0
					0
					0
					0
					0
					0
					0
2006-10-17	400	400	400	400	3000
2006-10-17	400	400	400	400	
					0
					0
					0
					0
					0
					0
					0
					0
					0
					0
					0
					0
					0
					0
					0
					0
					0
					0
					0
					0
					0
					0
2006-11-24	400	400	400	400	1000
2006-11-24	400	400	400	400	
					0
					0
2006-11-29	400	400	400	400	
2006-11-29	400	400	400	400	28000
					0
					0
2006-12-04	400	400	400	400	5000
2006-12-04	400	400	400	400	
					0
					0
					0
					0
2006-12-11	400	400	400	400	
2006-12-11	400	400	400	400	13000
					0
					0
					0
2006-12-15	400	400	400	400	35000
2006-12-18	400	400	400	400	
2006-12-18	400	400	400	400	30000
					0
					0
					0
					0
					0
					0
					0
					0
					0
					0
					0
					0
					0
					0
					0
					0
					0
					0
					0
					0
					0
					0
2007-01-23	400	400	400	400	2500
2007-01-24	400	400	400	400	7000
2007-01-24	400	400	400	400	
					0
					0
					0
2007-01-30	400	400	400	400	1000
2007-01-30	400	400	400	400	
					0
					0
					0
					0
					0
					0
					0
					0
					0
					0
					0
					0
					0
					0
					0
					0
					0
					0
					0
					0
					0
2007-03-01	400	400	400	400	7500
2007-03-01	400	400	400	400	
					0
					0
					0
					0
					0
					0
					0
					0
					0
					0
					0
					0
					0
					0
					0
					0
					0
					0
					0
					0
					0
					0
					0
2007-04-05	400	400	400	400	
2007-04-05	400	400	400	400	5000
					0
					0
2007-04-11	400	400	400	400	
2007-04-11	400	400	400	400	109000
					0
					0
					0
					0
					0
					0
					0
					0
					0
					0
					0
					0
					0
					0
					0
					0
					0
					0
					0
					0
					0
					0
					0
					0
					0
					0
					0
					0
					0
					0
					0
2007-05-29	400	400	400	400	8500
2007-05-29	400	400	400	400	
					0
2007-05-31	400	400	400	400	37500
2007-05-31	400	400	400	400	
					0
					0
					0
					0
					0
					0
					0
					0
					0
2007-06-15	400	400	400	400	1000
2007-06-15	400	400	400	400	
					0
					0
					0
					0
					0
2007-06-25	425	425	425	425	8000
2007-06-26	430	430	430	430	150000
2007-06-26	430	430	430	430	
					0
					0
					0
					0
					0
					0
					0
					0
					0
					0
2007-07-11	425	425	425	425	10000
2007-07-12	425	425	425	425	
2007-07-12	425	425	425	425	500
					0
					0
					0
					0
					0
					0
					0
					0
					0
					0
					0
					0
					0
2007-08-01	425	425	425	425	1500
2007-08-01	425	425	425	425	
					0
					0
					0
					0
					0
					0
					0
					0
					0
					0
2007-08-16	400	400	400	400	10000
2007-08-16	400	400	400	400	
					0
					0
					0
					0
					0
					0
					0
					0
					0
					0
					0
2007-09-04	400	400	400	400	6000
2007-09-04	400	400	400	400	
					0
2007-09-06	400	400	400	400	5000
2007-09-06	400	400	400	400	
					0
					0
					0
					0
					0
					0
					0
					0
					0
					0
2007-09-21	400	400	400	400	
2007-09-21	400	400	400	400	1000
					0
					0
					0
					0
					0
					0
					0
					0
					0
					0
					0
					0
					0
					0
					0
2007-10-18	410	410	410	410	1000
2007-10-18	410	410	410	410	
					0
2007-10-22	400	400	400	400	4000
2007-10-22	400	400	400	400	
					0
					0
					0
2007-10-26	400	400	400	400	
2007-10-26	400	400	400	400	46500
					0
					0
					0
					0
					0
					0
					0
					0
					0
					0
					0
					0
					0
					0
					0
2007-11-19	400	400	400	400	
2007-11-19	400	400	400	400	334500
					0
					0
					0
					0
					0
					0
					0
					0
					0
					0
					0
					0
					0
2007-12-07	400	400	400	400	
2007-12-07	400	400	400	400	2500
					0
					0
					0
					0
					0
					0
					0
					0
					0
					0
					0
					0
					0
					0
					0
					0
					0
					0
					0
					0
					0
					0
					0
					0
2008-01-23	400	400	400	400	
2008-01-23	400	400	400	400	5000
					0
					0
					0
					0
					0
					0
					0
					0
					0
					0
					0
					0
					0
					0
					0
					0
2008-02-19	400	400	400	400	
2008-02-19	400	400	400	400	500
					0
					0
					0
					0
					0
					0
					0
					0
					0
					0
					0
					0
					0
					0
					0
					0
					0
					0
					0
					0
					0
					0
					0
					0
					0
					0
2008-04-01	400	400	400	400	
2008-04-01	400	400	400	400	2000
					0
					0
					0
2008-04-07	400	400	400	400	
2008-04-07	400	400	400	400	10000
					0
					0
					0
					0
					0
					0
					0
					0
					0
					0
					0
2008-04-23	400	400	400	400	32500
2008-04-23	400	400	400	400	
					0
					0
2008-04-28	400	400	400	400	180000
2008-04-28	400	400	400	400	
					0
					0
					0
					0
					0
					0
					0
					0
					0
					0
					0
					0
					0
					0
					0
					0
					0
					0
					0
					0
2008-05-29	400	400	400	400	100000
2008-05-30	400	400	400	400	12000
2008-05-30	400	400	400	400	
					0
					0
					0
					0
					0
					0
					0
					0
					0
					0
2008-06-16	400	400	400	400	70000
2008-06-16	400	400	400	400	
					0
					0
2008-06-19	400	400	400	400	27000
2008-06-19	400	400	400	400	
					0
					0
					0
					0
2008-06-26	400	400	400	400	10000
2008-06-26	400	400	400	400	
					0
					0
					0
					0
					0
					0
					0
					0
					0
					0
					0
					0
					0
					0
					0
					0
					0
					0
					0
					0
					0
					0
					0
					0
					0
2008-08-04	400	400	400	400	
2008-08-04	400	400	400	400	30000
					0
					0
					0
					0
					0
					0
					0
					0
					0
2008-08-19	400	400	400	400	
2008-08-19	400	400	400	400	5000
					0
					0
					0
					0
					0
					0
					0
2008-08-29	400	400	400	400	
2008-08-29	400	400	400	400	10000
					0
					0
					0
					0
					0
					0
					0
					0
					0
					0
					0
					0
					0
					0
					0
					0
					0
					0
2008-09-25	400	400	400	400	
2008-09-25	400	400	400	400	6000
					0
					0
					0
					0
					0
					0
					0
					0
					0
					0
					0
					0
					0
					0
					0
					0
					0
					0
					0
					0
					0
					0
					0
					0
					0
					0
					0
					0
					0
					0
					0
					0
					0
					0
					0
					0
					0
					0
					0
					0
					0
					0
					0
					0
					0
					0
					0
					0
					0
					0
					0
					0
					0
					0
					0
					0
					0
					0
					0
					0
					0
					0
					0
					0
					0
					0
					0
					0
					0
					0
					0
					0
					0
					0
					0
					0
					0
					0
					0
					0
					0
					0
					0
					0
					0
					0
					0
					0
					0
					0
					0
					0
					0
					0
					0
					0
					0
					0
					0
					0
					0
					0
					0
					0
					0
					0
					0
					0
					0
					0
					0
					0
					0
					0
					0
					0
					0
					0
					0
					0
					0
					0
					0
					0
					0
					0
					0
					0
					0
					0
					0
					0
					0
					0
					0
					0
					0
					0
					0
					0
					0
					0
					0
					0
					0
					0
					0
					0
					0
					0
					0
					0
					0
					0
					0
					0
					0
					0
					0
					0
					0
					0
					0
					0
					0
					0
					0
					0
					0
					0
					0
					0
					0
					0
					0
					0
					0
					0
					0
					0
					0
					0
					0
					0
					0
					0
					0
					0
					0
					0
					0
					0
					0
2009-07-21	400	400	400	400	
2009-07-21	400	400	400	400	1000
					0
					0
					0
					0
					0
					0
					0
					0
					0
					0
2009-08-05	410	410	410	410	6000
2009-08-05	410	410	410	410	
					0
					0
					0
					0
					0
					0
					0
					0
					0
					0
					0
					0
					0
					0
					0
					0
					0
					0
					0
					0
					0
					0
2009-09-08	310	310	310	310	8500
2009-09-08	310	310	310	310	
					0
					0
					0
					0
					0
					0
					0
					0
					0
					0
					0
					0
2009-10-01	235	235	235	235	
2009-10-01	235	235	235	235	2500
					0
					0
					0
					0
					0
					0
					0
					0
					0
					0
					0
2009-10-19	235	235	235	235	9000
2009-10-19	235	235	235	235	
					0
					0
					0
					0
					0
					0
					0
					0
					0
					0
					0
					0
					0
					0
					0
					0
					0
					0
					0
					0
					0
					0
					0
					0
					0
					0
					0
					0
					0
					0
					0
					0
					0
					0
					0
					0
					0
					0
					0
					0
					0
					0
					0
					0
					0
					0
					0
					0
					0
					0
					0
					0
					0
					0
					0
					0
					0
					0
					0
					0
					0
					0
					0
					0
					0
					0
					0
					0
					0
					0
					0
					0
					0
					0
					0
					0
					0
					0
					0
					0
					0
					0
					0
					0
					0
					0
					0
					0
					0
					0
					0
					0
					0
					0
					0
					0
					0
					0
					0
					0
					0
					0
					0
					0
					0
					0
					0
					0
					0
					0
					0
					0
					0
					0
					0
					0
					0
					0
					0
					0
					0
					0
					0
					0
					0
					0
					0
					0
					0
					0
					0
					0
					0
					0
					0
					0
					0
					0
					0
					0
					0
					0
					0
					0
					0
					0
					0
					0
					0
					0
					0
					0
					0
					0
					0
					0
					0
					0
					0
					0
					0
					0
					0
					0
					0
					0
					0
					0
					0
					0
					0
					0
					0
					0
					0
					0
					0
					0
					0
					0
					0
					0
					0
					0
					0
					0
					0
					0
					0
					0
					0
					0
					0
					0
					0
					0
					0
					0
					0
2010-08-10	235	235	235	235	
2010-08-10	235	235	235	235	11000
					0
					0
					0
2010-08-16	235	235	235	235	500
2010-08-16	235	235	235	235	
					0
					0
					0
					0
					0
					0
					0
					0
					0
					0
					0
					0
					0
					0
					0
					0
					0
					0
					0
					0
					0
					0
					0
					0
					0
					0
					0
					0
					0
					0
					0
					0
					0
					0
					0
					0
					0
					0
					0
					0
					0
					0
					0
					0
					0
					0
					0
					0
					0
					0
					0
					0
					0
					0
					0
					0
					0
					0
					0
					0
					0
					0
2010-11-22	235	235	250	250	14000
2010-11-22	235	235	250	250	
					0
					0
					0
					0
					0
					0
					0
					0
					0
					0
					0
					0
					0
					0
					0
					0
					0
					0
					0
					0
					0
					0
					0
					0
					0
					0
					0
					0
					0
					0
					0
					0
					0
					0
					0
					0
					0
					0
					0
					0
					0
					0
					0
					0
					0
					0
					0
					0
					0
					0
					0
					0
					0
					0
					0
					0
					0
					0
					0
					0
					0
					0
					0
					0
					0
					0
					0
					0
					0
					0
					0
					0
					0
					0
					0
					0
					0
					0
					0
					0
					0
					0
					0
					0
					0
					0
					0
					0
					0
					0
					0
					0
					0
					0
					0
					0
					0
					0
					0
					0
					0
					0
					0
					0
					0
					0
					0
					0
					0
					0
					0
					0
					0
					0
					0
					0
					0
					0
					0
					0
					0
					0
					0
					0
2011-05-25	250	250	250	250	500
2011-05-25	250	250	250	250	
					0
					0
					0
					0
2011-06-01	200	200	200	200	1500
2011-06-01	200	200	200	200	
					0
					0
					0
					0
					0
					0
					0
					0
					0
					0
					0
					0
					0
					0
					0
					0
					0
					0
					0
					0
					0
					0
					0
					0
					0
					0
					0
					0
2011-07-14	190	190	190	190	500
2011-07-14	190	190	190	190	
					0
					0
					0
					0
					0
					0
					0
					0
					0
					0
					0
					0
					0
					0
					0
					0
					0
					0
					0
					0
					0
					0
					0
					0
					0
					0
					0
					0
					0
					0
					0
					0
					0
					0
					0
					0
					0
					0
					0
					0
					0
					0
					0
					0
					0
					0
					0
					0
					0
					0
					0
					0
					0
					0
					0
					0
					0
					0
					0
					0
					0
					0
					0
					0
					0
					0
					0
					0
					0
					0
					0
					0
					0
					0
					0
					0
					0
					0
					0
					0
					0
					0
					0
					0
					0
					0
2011-11-22	190	190	190	190	21000
2011-11-22	190	190	190	190	
					0
					0
					0
					0
					0
					0
					0
					0
					0
					0
					0
					0
					0
					0
					0
					0
					0
					0
					0
					0
					0
2011-12-22	190	190	190	190	5500
2011-12-23	190	190	190	190	1000
2011-12-23	190	190	190	190	
					0
					0
					0
					0
					0
					0
					0
					0
					0
					0
					0
2012-01-11	190	190	190	190	
2012-01-11	190	190	190	190	24500
					0
2012-01-13	190	190	190	190	
2012-01-13	190	190	190	190	3500
					0
					0
					0
					0
					0
					0
2012-01-25	190	190	190	190	2000
2012-01-25	190	190	190	190	
					0
					0
					0
					0
					0
					0
					0
					0
					0
					0
					0
					0
					0
					0
					0
					0
					0
					0
					0
					0
					0
					0
					0
					0
					0
					0
					0
					0
					0
					0
					0
					0
					0
2012-03-13	220	220	220	220	
2012-03-13	220	220	220	220	39000
					0
2012-03-15	250	250	250	250	40000
2012-03-16	250	250	250	250	20000
2012-03-16	250	250	250	250	
					0
					0
					0
					0
					0
					0
					0
					0
					0
					0
2012-04-03	295	295	295	295	
2012-04-03	295	295	295	295	5000
					0
					0
					0
					0
					0
					0
					0
					0
					0
					0
2012-04-19	295	295	295	295	
2012-04-19	295	295	295	295	10000
					0
					0
2012-04-24	290	290	290	290	
2012-04-24	290	290	290	290	3500
					0
					0
2012-04-27	220	220	220	220	19500
2012-04-27	220	220	220	220	
					0
					0
					0
2012-05-03	250	250	250	250	1000
2012-05-03	250	250	250	250	
					0
					0
					0
					0
					0
					0
					0
					0
					0
2012-05-21	200	200	200	200	4000
2012-05-22	200	200	250	250	8500
2012-05-23	275	275	275	275	2000
2012-05-24	250	210	250	210	1000
2012-05-25	210	210	215	215	1000
2012-05-28	205	205	205	205	
2012-05-28	205	205	205	205	1000
					0
					0
					0
					0
					0
					0
2012-06-06	161	161	161	161	500
2012-06-07	151	131	151	131	1500
2012-06-07	151	131	151	131	
					0
					0
					0
2012-06-13	121	111	121	111	1000
2012-06-13	121	111	121	111	
					0
					0
					0
2012-06-19	101	101	101	101	
2012-06-19	101	101	101	101	500
					0
					0
					0
					0
					0
					0
					0
					0
					0
					0
					0
					0
					0
					0
					0
					0
					0
					0
					0
					0
2012-07-18	108	108	108	108	2000
2012-07-18	108	108	108	108	
					0
					0
					0
					0
					0
					0
					0
					0
					0
					0
					0
					0
					0
					0
					0
2012-08-09	101	101	101	101	1500
2012-08-09	101	101	101	101	
					0
					0
					0
					0
					0
					0
					0
					0
					0
					0
					0
					0
					0
					0
					0
					0
					0
					0
					0
					0
					0
					0
					0
					0
					0
2012-09-20	136	136	136	136	500
2012-09-21	183	183	183	183	500
2012-09-24	245	245	245	245	1000
2012-09-25	305	305	305	305	500
2012-09-25	305	305	305	305	
					0
					0
					0
					0
					0
					0
					0
					0
					0
					0
					0
					0
					0
					0
					0
					0
					0
					0
					0
					0
					0
					0
					0
					0
					0
					0
					0
					0
					0
					0
					0
					0
					0
					0
					0
					0
					0
					0
2012-11-22	380	380	380	380	2000
2012-11-23	475	475	475	475	4500
2012-11-26	590	590	590	590	11500
2012-11-27	730	730	730	730	6500
2012-11-28	910	910	910	910	38500
2012-11-29	910	910	1000	950	20000
2012-11-29	910	910	1000	950	
					0
					0
					0
2012-12-05	950	950	950	950	
2012-12-05	950	950	950	950	25000
					0
					0
					0
					0
					0
					0
					0
					0
					0
					0
					0
					0
2012-12-26	950	950	950	950	
2012-12-26	950	950	950	950	1500
					0
					0
					0
					0
					0
					0
					0
					0
					0
					0
					0
					0
					0
					0
					0
					0
					0
					0
					0
					0
					0
2013-01-30	930	930	930	930	39500
2013-01-30	930	930	930	930	
					0
					0
					0
					0
2013-02-06	800	800	800	800	3500
2013-02-06	800	800	800	800	
					0
					0
					0
					0
					0
2013-02-14	800	800	800	800	
2013-02-14	800	800	800	800	1000
					0
					0
					0
					0
					0
					0
					0
					0
					0
					0
2013-03-01	750	750	750	750	
2013-03-01	750	750	750	750	1000
					0
					0
					0
					0
					0
					0
					0
					0
					0
					0
					0
					0
					0
					0
					0
					0
					0
					0
					0
					0
					0
					0
2013-04-05	930	930	930	930	6000
2013-04-05	930	930	930	930	
					0
					0
					0
2013-04-11	800	800	800	800	2500
2013-04-12	800	750	800	750	138500
2013-04-12	800	750	800	750	
					0
					0
					0
					0
2013-04-19	750	750	750	750	
2013-04-19	750	750	750	750	1500
					0
					0
2013-04-24	600	600	600	600	5000
2013-04-25	600	600	600	600	10000
2013-04-25	600	600	600	600	
					0
					0
					0
					0
					0
					0
2013-05-06	750	750	750	750	1000
2013-05-07	720	660	720	660	7500
2013-05-07	720	660	720	660	
					0
					0
					0
					0
					0
					0
					0
					0
					0
					0
					0
					0
					0
					0
					0
2013-05-30	740	740	740	740	500
2013-05-30	740	740	740	740	
					0
					0
					0
					0
					0
					0
					0
					0
					0
					0
					0
					0
					0
					0
					0
					0
					0
					0
					0
					0
					0
					0
					0
					0
					0
					0
					0
					0
					0
					0
					0
2013-07-16	730	730	730	730	6000
2013-07-16	730	730	730	730	
					0
					0
					0
					0
					0
					0
					0
					0
					0
					0
					0
					0
					0
					0
					0
					0
					0
					0
					0
					0
					0
					0
					0
					0
					0
					0
					0
					0
					0
					0
					0
					0
					0
					0
2013-09-10	730	730	730	730	25000
2013-09-10	730	730	730	730	
					0
2013-09-12	730	730	730	730	25000
2013-09-13	730	730	730	730	
2013-09-13	730	730	730	730	500
					0
					0
					0
					0
2013-09-20	570	550	570	550	
2013-09-20	570	550	570	550	7000
					0
					0
					0
					0
					0
					0
					0
					0
					0
2013-10-04	430	415	430	415	10500
2013-10-04	430	415	430	415	
					0
					0
					0
					0
					0
					0
					0
					0
					0
					0
					0
					0
					0
					0
					0
					0
					0
					0
					0
					0
					0
					0
					0
					0
					0
					0
					0
					0
					0
					0
					0
					0
					0
					0
					0
					0
					0
					0
					0
					0
					0
					0
					0
					0
					0
					0
					0
					0
					0
					0
					0
					0
					0
					0
					0
					0
					0
					0
					0
					0
					0
					0
					0
					0
					0
					0
					0
					0
					0
					0
					0
					0
					0
					0
					0
					0
					0
					0
					0
					0
					0
					0
					0
					0
					0
					0
					0
					0
					0
					0
					0
					0
					0
					0
					0
2014-02-28	320	315	350	315	
2014-02-28	320	315	350	315	13700
					0
					0
					0
					0
					0
					0
					0
					0
					0
					0
					0
					0
					0
					0
					0
					0
					0
					0
					0
2014-03-28	330	330	340	340	4700
2014-04-01	350	350	350	350	1600
2014-04-02	350	350	350	350	
2014-04-02	350	350	350	350	4200
					0
					0
					0
					0
2014-04-10	350	350	350	350	
2014-04-10	350	350	350	350	6400
					0
					0
					0
					0
					0
					0
					0
					0
					0
					0
2014-04-28	370	277	370	320	4800
2014-04-29	319	319	320	320	
2014-04-29	319	319	320	320	300
					0
					0
					0
					0
					0
					0
					0
					0
					0
					0
2014-05-16	320	320	320	320	200
2014-05-16	320	320	320	320	
					0
					0
					0
					0
					0
					0
					0
					0
2014-06-02	350	350	350	350	300
2014-06-02	350	350	350	350	
					0
					0
					0
2014-06-06	350	350	350	350	1000
2014-06-06	350	350	350	350	
					0
					0
					0
					0
					0
					0
					0
					0
					0
					0
					0
					0
					0
					0
2014-06-27	400	390	400	390	269200
2014-06-30	410	410	420	420	
2014-06-30	410	410	420	420	5200
					0
					0
					0
2014-07-04	321	321	321	321	4500
2014-07-04	321	321	321	321	
					0
					0
2014-07-10	321	321	321	321	500
2014-07-10	321	321	321	321	
					0
					0
					0
					0
					0
					0
					0
					0
2014-07-23	321	321	321	321	28000
2014-07-23	321	321	321	321	
					0
					0
					0
					0
					0
					0
					0
					0
					0
					0
					0
2014-08-15	335	335	335	335	1000
2014-08-18	355	355	355	355	300
2014-08-18	355	355	355	355	
					0
					0
2014-08-21	390	390	390	390	
2014-08-21	390	390	390	390	135900
					0
					0
					0
					0
					0
					0
					0
					0
					0
					0
					0
					0
					0
					0
					0
					0
					0
					0
					0
					0
					0
					0
					0
					0
					0
					0
					0
					0
					0
					0
					0
					0
					0
					0
					0
					0
					0
					0
					0
					0
					0
					0
					0
					0
					0
					0
					0
					0
					0
					0
					0
					0
					0
					0
					0
					0
					0
					0
					0
					0
					0
					0
					0
					0
					0
					0
					0
					0
					0
					0
					0
					0
					0
					0
					0
					0
					0
					0
					0
					0
					0
					0
					0
					0
					0
2014-12-19	390	390	390	390	5000
2014-12-19	390	390	390	390	
					0
					0
					0
					0
					0
					0
					0
					0
2015-01-07	400	400	400	400	45100
2015-01-08	400	400	400	400	20000
2015-01-08	400	400	400	400	
					0
2015-01-12	487	487	500	500	200
2015-01-13	575	530	575	530	
2015-01-13	575	530	575	530	8500
					0
					0
2015-01-16	550	550	550	550	1000
2015-01-16	550	550	550	550	
					0
					0
2015-01-21	500	500	500	500	500
2015-01-21	500	500	500	500	
					0
					0
2015-01-26	500	500	500	500	300
2015-01-26	500	500	500	500	
					0
					0
2015-01-29	585	585	585	585	100
2015-01-30	600	600	600	600	4200
2015-01-30	600	600	600	600	
					0
					0
					0
					0
					0
					0
2015-02-10	500	500	500	500	
2015-02-10	500	500	500	500	200
					0
					0
2015-02-13	500	500	500	500	30000
2015-02-13	500	500	500	500	
					0
					0
					0
					0
					0
					0
					0
					0
2015-02-27	500	500	500	500	
2015-02-27	500	500	500	500	500
					0
					0
					0
					0
					0
					0
					0
					0
					0
2015-03-13	515	515	515	515	400
2015-03-16	525	525	525	525	5000
2015-03-17	575	550	575	575	26400
2015-03-17	575	550	575	575	
					0
					0
					0
					0
					0
					0
					0
					0
					0
					0
					0
					0
					0
					0
2015-04-08	550	550	580	580	5100
2015-04-08	550	550	580	580	
					0
					0
					0
					0
2015-04-15	580	580	580	580	4900
2015-04-15	580	580	580	580	
					0
					0
					0
					0
					0
					0
2015-04-24	580	580	605	605	
2015-04-24	580	580	605	605	32600
					0
					0
					0
					0
2015-05-04	550	550	550	550	
2015-05-04	550	550	550	550	60000
					0
2015-05-06	520	520	520	520	50000
2015-05-07	500	500	500	500	
2015-05-07	500	500	500	500	11000
					0
					0
					0
					0
					0
					0
					0
					0
					0
					0
					0
					0
					0
					0
					0
					0
					0
					0
					0
					0
					0
					0
2015-06-11	500	500	500	500	
2015-06-11	500	500	500	500	15000
					0
2015-06-15	500	500	500	500	112000
2015-06-15	500	500	500	500	
					0
					0
					0
					0
					0
					0
					0
					0
					0
					0
					0
					0
					0
					0
					0
					0
					0
					0
					0
					0
					0
					0
					0
					0
					0
					0
					0
					0
					0
					0
					0
					0
					0
					0
					0
					0
					0
					0
					0
					0
					0
					0
					0
2015-08-20	500	500	625	625	
2015-08-20	500	500	625	625	47100
					0
					0
					0
					0
					0
					0
					0
					0
					0
					0
2015-09-04	700	700	780	780	
2015-09-04	700	700	780	780	8000
					0
					0
					0
					0
					0
					0
					0
2015-09-16	830	830	910	910	69900
2015-09-17	950	950	950	950	1000
2015-09-18	965	965	970	970	
2015-09-18	965	965	970	970	5400
					0
					0
					0
					0
2015-09-28	1000	960	1000	1000	256200
2015-09-29	1000	1000	1000	1000	19000
2015-09-29	1000	1000	1000	1000	
					0
					0
2015-10-02	950	950	950	950	4000
2015-10-02	950	950	950	950	
					0
					0
					0
					0
					0
					0
					0
					0
					0
					0
					0
					0
					0
					0
					0
					0
					0
					0
					0
					0
					0
					0
					0
					0
					0
					0
					0
					0
2015-11-13	940	940	950	950	390000
2015-11-16	950	950	950	950	330400
2015-11-17	950	900	950	900	519700
2015-11-18	940	930	940	930	665600
2015-11-19	940	940	940	940	785200
2015-11-20	930	930	930	930	402000
2015-11-23	930	930	930	930	266400
2015-11-24	930	930	930	930	320900
2015-11-25	940	930	940	930	370900
2015-11-26	930	930	930	930	214800
2015-11-27	930	910	930	920	345900
2015-11-30	910	900	910	910	563300
2015-12-01	910	910	910	910	549200
2015-12-02	910	905	920	905	646200
2015-12-03	905	900	905	900	758300
2015-12-04	900	900	900	900	840900
2015-12-07	900	895	900	895	591500
2015-12-08	895	895	895	895	690400
2015-12-10	895	895	895	895	718300
2015-12-11	895	895	895	895	641800
2015-12-14	895	895	895	895	623300
2015-12-15	895	895	895	895	713400
2015-12-16	895	895	895	895	584000
2015-12-17	895	895	895	895	381700
2015-12-18	895	895	895	895	411000
2015-12-21	895	890	895	895	623300
2015-12-22	890	890	890	890	452400
2015-12-23	885	885	885	885	563300
2015-12-28	885	885	885	885	731400
2015-12-29	885	885	885	885	765800
2015-12-30	885	885	885	885	249200
2016-01-04	885	885	885	885	499800
2016-01-05	885	885	885	885	245700
2016-01-06	870	870	870	870	636500
2016-01-07	870	870	870	870	548500
2016-01-08	865	865	865	865	698300
2016-01-11	860	860	860	860	574300
2016-01-12	845	835	845	835	545200
2016-01-13	830	830	830	830	689100
2016-01-14	750	750	820	820	787000
2016-01-15	795	795	795	795	461300
2016-01-18	795	795	795	795	697500
2016-01-19	805	805	810	810	858600
2016-01-20	805	795	805	795	588300
2016-01-21	795	795	795	795	918100
2016-01-22	800	800	810	805	1052200
2016-01-25	810	810	815	815	957800
2016-01-26	800	795	800	795	855900
2016-01-27	795	795	795	795	1025700
2016-01-28	795	790	795	790	1100600
2016-01-29	795	790	795	790	871900
2016-02-01	790	790	790	790	880900
2016-02-02	790	790	790	790	805600
2016-02-03	790	790	790	790	880700
2016-02-04	790	790	790	790	786200
2016-02-05	790	790	790	790	1075400
2016-02-09	785	785	785	785	817100
2016-02-10	785	780	785	780	831700
2016-02-11	780	780	785	785	798400
2016-02-12	795	795	795	795	890400
2016-02-15	785	785	795	795	906800
2016-02-16	795	795	795	795	700600
2016-02-17	790	790	790	790	734200
2016-02-18	790	790	790	790	748100
2016-02-19	795	795	800	800	633400
2016-02-22	795	795	795	795	812400
2016-02-23	800	800	805	800	840300
2016-02-24	805	805	810	805	684900
2016-02-25	805	805	805	805	789800
2016-02-26	805	790	805	790	819500
2016-02-29	800	800	800	800	758100
2016-03-01	800	800	800	800	765500
2016-03-02	795	795	795	795	650000
2016-03-03	795	795	795	795	591700
2016-03-04	795	795	795	795	692100
2016-03-07	805	805	805	805	711600
2016-03-08	805	805	805	805	657400
2016-03-10	800	795	800	800	646500
2016-03-11	795	795	795	795	735100
2016-03-14	800	785	800	785	755400
2016-03-15	785	780	790	785	744600
2016-03-16	790	750	790	785	548300
2016-03-17	780	770	780	770	503700
2016-03-18	790	780	790	780	562000
2016-03-21	780	780	780	780	437400
2016-03-22	780	780	780	780	447100
2016-03-23	780	780	780	780	391600
2016-03-24	770	770	770	770	437100
2016-03-28	770	770	770	770	408200
2016-03-29	750	750	770	770	401900
2016-03-30	770	770	770	770	328500
2016-03-31	770	770	770	770	306200
2016-04-01	770	740	770	770	334200
2016-04-04	770	735	770	770	342400
2016-04-05	770	750	770	750	302800
2016-04-06	770	750	770	760	380600
2016-04-07	745	745	745	745	359800
2016-04-08	755	720	755	755	368900
2016-04-11	760	760	760	760	304100
2016-04-12	760	760	760	760	347300
2016-04-13	770	770	770	770	341800
2016-04-14	770	770	770	770	322900
2016-04-15	770	770	770	770	370700
2016-04-18	770	770	770	770	298200
2016-04-19	770	770	770	770	275600
2016-04-20	770	770	770	770	228200
2016-04-21	770	770	770	770	260400
2016-04-22	770	770	770	770	209000
2016-04-25	765	765	765	765	310800
2016-04-26	770	770	770	770	242600
2016-04-27	765	765	765	765	303600
2016-04-28	770	770	770	770	367300
2016-04-29	770	770	770	770	344300
2016-05-02	770	765	770	765	392300
2016-05-03	770	770	770	770	302800
2016-05-04	770	770	770	770	348300
2016-05-09	770	770	770	770	367700
2016-05-10	765	765	765	765	438700
2016-05-11	765	765	765	765	444900
2016-05-12	765	750	765	765	388800
2016-05-13	765	765	765	765	362200
2016-05-16	760	760	760	760	366700
2016-05-17	755	755	755	755	259700
2016-05-18	765	765	765	765	241700
2016-05-19	755	755	755	755	245600
2016-05-20	755	755	755	755	433500
2016-05-23	750	750	750	750	270400
2016-05-24	745	745	745	745	339200
2016-05-25	740	740	740	740	329500
2016-05-26	750	750	750	750	299300
2016-05-27	750	750	750	750	223100
2016-05-30	740	740	740	740	234200
2016-05-31	740	740	740	740	212100
2016-06-01	730	730	730	730	317300
2016-06-02	730	680	730	725	221800
2016-06-03	725	680	725	680	312000
2016-06-06	680	670	680	670	282900
2016-06-07	655	605	655	605	63900
2016-06-08	555	555	610	610	2100
2016-06-09	600	600	600	600	100
2016-06-10	600	600	600	600	1100
2016-06-13	610	610	610	610	30000
2016-06-14	610	610	610	610	25000
2016-06-15	650	620	650	620	12900
2016-06-16	650	620	650	620	30200
2016-06-17	610	610	610	610	10000
2016-06-20	605	605	605	605	35000
2016-06-21	605	605	605	605	31200
2016-06-22	600	600	600	600	25000
2016-06-23	595	595	600	600	20500
2016-06-24	550	550	590	590	29400
2016-06-27	575	575	575	575	21500
2016-06-28	580	580	580	580	33300
2016-06-29	585	585	585	585	29400
2016-06-30	590	590	590	590	36600
2016-07-01	590	590	590	590	44900
2016-07-11	590	590	590	590	44300
2016-07-12	590	590	590	590	94700
2016-07-13	590	590	590	590	84600
2016-07-14	590	590	590	590	41100
2016-07-15	590	535	590	570	45100
2016-07-18	535	515	560	560	21000
2016-07-19	555	555	555	555	15000
2016-07-20	555	550	555	555	149600
2016-07-21	555	555	555	555	25000
2016-07-22	640	575	640	575	6600
2016-07-25	570	570	570	570	17500
2016-07-26	650	600	650	600	25100
2016-07-27	600	600	600	600	45000
2016-07-28	600	600	600	600	32500
2016-07-29	600	600	600	600	24200
2016-08-01	600	600	600	600	28800
2016-08-02	600	600	600	600	34900
2016-08-03	600	600	600	600	32200
2016-08-04	600	600	600	600	15000
2016-08-05	600	540	600	590	408800
2016-08-08	590	590	590	590	127400
2016-08-09	590	590	590	590	37100
2016-08-10	590	590	590	590	15500
2016-08-11	585	585	585	585	27000
2016-08-12	585	585	585	585	
2016-08-12	585	585	585	585	25000
					0
					0
					0
					0
					0
2016-08-23	540	535	540	540	24800
2016-08-23	540	535	540	540	
					0
					0
					0
2016-08-29	505	505	515	515	5000
2016-08-29	505	505	515	515	
					0
					0
					0
					0
					0
					0
2016-09-07	464	464	464	464	10000
2016-09-08	426	426	426	426	100
2016-09-08	426	426	426	426	
					0
2016-09-13	384	384	384	384	
2016-09-13	384	384	384	384	100
					0
					0
					0
					0
2016-09-20	386	386	386	386	251600
2016-09-20	386	386	386	386	
					0
					0
					0
2016-09-26	392	392	392	392	227900
2016-09-26	392	392	392	392	
					0
2016-09-28	392	392	392	392	22500
2016-09-28	392	392	392	392	
					0
					0
					0
					0
					0
					0
					0
					0
					0
					0
					0
					0
					0
					0
					0
					0
					0
					0
					0
					0
					0
					0
					0
					0
					0
					0
					0
					0
					0
					0
					0
					0
					0
2016-11-15	490	490	490	490	100
2016-11-16	585	585	585	585	100
2016-11-16	585	585	585	585	
					0
					0
2016-11-21	585	530	585	530	1200
2016-11-21	585	530	585	530	
					0
2016-11-23	585	480	585	480	300
2016-11-24	585	434	585	434	400
2016-11-25	540	530	540	530	300
2016-11-28	530	520	530	520	
2016-11-28	530	520	530	520	1800
					0
2016-11-30	585	470	585	470	
2016-11-30	585	470	585	470	300
					0
2016-12-02	470	470	470	470	100
2016-12-02	470	470	470	470	
					0
					0
					0
					0
					0
					0
					0
2016-12-15	430	430	430	430	100
2016-12-16	535	450	535	450	600
2016-12-19	450	450	450	450	302300
2016-12-20	480	406	480	480	191700
2016-12-21	500	500	500	500	178000
2016-12-22	520	520	520	520	167900
2016-12-22	520	520	520	520	
					0
2016-12-27	520	520	540	540	82400
2016-12-28	550	550	550	550	65500
2016-12-29	575	575	575	575	96800
2016-12-30	590	575	590	580	97300
2017-01-03	590	580	590	580	60000
2017-01-04	630	470	630	470	600
2017-01-04	630	470	630	470	
					0
2017-01-06	420	420	420	420	100
2017-01-06	420	420	420	420	
					0
					0
					0
					0
					0
					0
					0
					0
					0
					0
					0
					0
2017-01-25	420	322	420	322	5100
2017-01-25	420	322	420	322	
					0
					0
					0
					0
					0
					0
					0
					0
					0
2017-02-08	350	350	350	350	
2017-02-08	350	350	350	350	1000
					0
2017-02-10	400	400	400	400	
2017-02-10	400	400	400	400	500
					0
					0
2017-02-16	416	416	416	416	70700
2017-02-16	416	416	416	416	
					0
2017-02-20	500	500	520	520	15000
2017-02-21	392	392	392	392	
2017-02-21	392	392	392	392	100
					0
					0
2017-02-24	400	400	400	400	300
2017-02-27	400	400	400	400	400
2017-02-27	400	400	400	400	
					0
					0
					0
2017-03-03	410	410	410	410	63000
2017-03-03	410	410	410	410	
					0
2017-03-07	410	410	500	500	10100
2017-03-08	600	580	600	580	1300
2017-03-08	600	580	600	580	
					0
					0
					0
2017-03-14	590	590	590	590	100
2017-03-15	590	590	590	590	100
2017-03-16	560	500	560	500	
2017-03-16	560	500	560	500	122600
					0
2017-03-20	500	500	500	500	100
2017-03-21	500	500	550	550	800
2017-03-21	500	500	550	550	
					0
					0
					0
					0
					0
					0
					0
					0
					0
					0
					0
					0
					0
					0
					0
					0
					0
					0
					0
2017-04-21	600	600	600	600	100
2017-04-21	600	600	600	600	
					0
					0
					0
					0
					0
					0
					0
					0
					0
					0
					0
					0
					0
					0
					0
					0
					0
					0
					0
2017-05-24	600	600	625	625	
2017-05-24	600	600	625	625	200
					0
2017-05-29	645	645	645	645	
2017-05-29	645	645	645	645	100
					0
					0
2017-06-02	675	645	675	645	90300
2017-06-05	675	500	795	650	10600
2017-06-06	488	488	500	488	24000
2017-06-07	368	368	368	368	100
2017-06-08	278	278	320	320	600
2017-06-09	350	350	400	400	16100
2017-06-12	498	400	500	498	7900
2017-06-13	500	500	500	500	
2017-06-13	500	500	500	500	100
					0
					0
2017-06-16	620	498	620	498	900
2017-06-19	500	500	500	500	100
2017-06-20	615	500	615	500	2200
2017-06-21	580	480	580	480	8600
2017-06-22	500	480	500	480	
2017-06-22	500	480	500	480	900
					0
					0
2017-07-05	362	362	470	470	600
2017-07-05	362	362	470	470	
					0
					0
2017-07-10	460	460	460	460	100
2017-07-10	460	460	460	460	
					0
2017-07-12	500	500	500	500	100
2017-07-13	500	500	500	500	100
2017-07-13	500	500	500	500	
					0
					0
					0
					0
					0
					0
					0
2017-07-25	498	498	498	498	100
2017-07-25	498	498	498	498	
					0
2017-07-27	460	382	462	382	12600
2017-07-28	380	370	458	448	10500
2017-07-31	498	478	498	478	1000
2017-08-01	360	360	458	458	2700
2017-08-01	360	360	458	458	
					0
2017-08-03	494	494	494	494	100
2017-08-03	494	494	494	494	
					0
					0
					0
					0
					0
2017-08-11	498	498	498	498	
2017-08-11	498	498	498	498	100
					0
					0
					0
2017-08-18	498	498	498	498	100
2017-08-21	498	498	498	498	1800
2017-08-22	374	374	430	430	1000
2017-08-23	438	438	438	438	100
2017-08-24	448	448	450	450	
2017-08-24	448	448	450	450	1400
					0
2017-08-28	460	460	460	460	100
2017-08-29	470	470	470	470	100
2017-08-30	480	480	480	480	
2017-08-30	480	480	480	480	100
					0
					0
					0
2017-09-06	480	480	480	480	100
2017-09-06	480	480	480	480	
					0
					0
2017-09-11	480	480	480	480	100
2017-09-11	480	480	480	480	
					0
					0
					0
					0
2017-09-18	420	420	420	420	28400
2017-09-19	318	318	318	318	100
2017-09-19	318	318	318	318	
					0
2017-09-22	320	320	396	396	81600
2017-09-25	328	328	328	328	100
2017-09-25	328	328	328	328	
					0
					0
					0
					0
2017-10-02	332	332	332	332	
2017-10-02	332	332	332	332	300
					0
					0
					0
					0
2017-10-09	332	332	340	340	800
2017-10-10	340	328	340	328	
2017-10-10	340	328	340	328	300
					0
					0
					0
2017-10-16	332	332	410	408	6600
2017-10-17	500	346	500	468	1100
2017-10-18	500	478	500	478	400
2017-10-18	500	478	500	478	
					0
2017-10-20	498	374	498	390	6600
2017-10-23	392	312	392	312	300
2017-10-24	332	332	350	350	509400
2017-10-25	314	314	380	380	2200
2017-10-26	322	322	382	382	1500
2017-10-27	422	422	476	476	400
2017-10-30	500	490	500	490	
2017-10-30	500	490	500	490	200
					0
2017-11-01	500	500	500	500	100
2017-11-02	500	500	500	500	100
2017-11-02	500	500	500	500	
					0
2017-11-06	496	496	496	496	100
2017-11-07	496	496	496	496	100
2017-11-08	500	498	500	498	200
2017-11-09	378	376	478	478	500
2017-11-10	478	478	478	478	400
2017-11-10	478	478	478	478	
					0
					0
					0
					0
					0
					0
2017-11-21	468	468	468	468	100
2017-11-22	464	464	500	500	300
2017-11-22	464	464	500	500	
					0
					0
					0
2017-11-28	498	498	498	498	100
2017-11-28	498	498	498	498	
					0
					0
					0
					0
2017-12-06	500	500	500	500	100
2017-12-07	496	496	496	496	
2017-12-07	496	496	496	496	100
					0
					0
					0
					0
					0
					0
					0
					0
					0
					0
					0
					0
					0
					0
					0
2018-01-03	444	444	444	444	100
2018-01-04	444	336	444	338	149900
2018-01-05	338	338	348	348	300
2018-01-08	326	326	326	326	600
2018-01-09	330	330	350	350	6600
2018-01-09	330	330	350	350	
					0
					0
2018-01-12	332	332	336	334	2700
2018-01-15	354	334	392	352	58000
2018-01-16	372	330	384	344	15700
2018-01-17	324	324	344	324	64800
2018-01-18	326	324	330	324	10500
2018-01-19	344	342	356	344	2200
2018-01-19	344	342	356	344	
					0
					0
					0
2018-01-25	330	330	330	330	2600
2018-01-26	322	322	326	322	10300
2018-01-26	322	322	326	322	
					0
					0
2018-01-31	322	322	322	322	1700
2018-02-01	332	332	332	332	100
2018-02-02	330	330	330	330	
2018-02-02	330	330	330	330	300
					0
					0
2018-02-07	346	320	346	322	17000
2018-02-07	346	320	346	322	
					0
					0
					0
					0
					0
					0
2018-02-19	322	322	322	322	1000
2018-02-20	342	342	342	342	
2018-02-20	342	342	342	342	100
					0
					0
2018-02-23	328	326	328	326	1500
2018-02-26	320	312	322	314	15500
2018-02-27	314	304	314	304	10800
2018-02-28	300	300	300	300	300
2018-03-01	302	300	302	302	5000
2018-03-01	302	300	302	302	
					0
					0
					0
					0
2018-03-08	328	328	328	328	100
2018-03-08	328	328	328	328	
					0
					0
2018-03-13	328	328	328	328	2000
2018-03-14	348	330	408	330	400
2018-03-14	348	330	408	330	
					0
2018-03-16	350	324	404	324	600
2018-03-19	340	340	340	340	
2018-03-19	340	340	340	340	100
					0
					0
					0
2018-03-23	328	328	328	328	
2018-03-23	328	328	328	328	100
					0
					0
2018-03-28	348	348	348	348	300
2018-03-29	368	368	368	368	100
2018-04-02	330	306	342	320	11800
2018-04-03	320	320	320	320	14000
2018-04-04	282	282	290	290	600
2018-04-05	292	292	292	292	2100
2018-04-06	294	292	296	292	4000
2018-04-09	296	296	296	296	1000
2018-04-10	298	296	298	296	200
2018-04-11	282	282	292	288	
2018-04-11	282	282	292	288	2800
					0
					0
					0
2018-04-17	286	282	286	286	
2018-04-17	286	282	286	286	700
					0
2018-04-19	300	300	300	300	
2018-04-19	300	300	300	300	100
					0
					0
2018-04-24	294	294	294	294	300
2018-04-24	294	294	294	294	
					0
2018-04-26	270	270	284	284	7100
2018-04-27	282	282	312	312	800
2018-04-30	310	310	310	310	
2018-04-30	310	310	310	310	8200
					0
					0
2018-05-04	300	288	300	288	101500
2018-05-07	308	296	308	296	2300
2018-05-07	308	296	308	296	
					0
2018-05-09	302	302	302	302	100
2018-05-11	298	298	298	298	300
2018-05-11	298	298	298	298	
					0
					0
2018-05-16	294	294	294	294	100
2018-05-17	292	292	296	292	400
2018-05-18	312	222	312	292	600
2018-05-21	296	296	296	296	
2018-05-21	296	296	296	296	100
					0
2018-05-23	286	286	286	286	100
2018-05-24	286	286	286	286	400
2018-05-24	286	286	286	286	
					0
2018-05-28	286	286	286	286	500
2018-05-28	286	286	286	286	
					0
2018-05-31	286	286	286	286	100
2018-06-04	274	274	280	280	200
2018-06-05	280	214	280	214	1400
2018-06-06	266	266	266	266	200
2018-06-07	278	278	318	284	91000
2018-06-08	288	264	288	264	3400
2018-06-08	288	264	288	264	
					0
2018-06-20	270	270	270	270	400
2018-06-21	218	218	218	218	100
2018-06-22	250	238	250	246	300
2018-06-25	250	250	250	250	1000
2018-06-26	290	238	290	258	400
2018-06-26	290	238	290	258	
					0
					0
2018-06-29	278	278	282	282	400
2018-06-29	278	278	282	282	
					0
2018-07-03	262	222	278	278	6500
2018-07-04	298	270	298	270	300
2018-07-05	286	286	286	286	100
2018-07-06	280	244	282	248	12500
2018-07-09	214	204	296	296	6100
2018-07-10	316	308	316	308	400
2018-07-11	324	252	324	260	9900
2018-07-12	244	228	244	232	700
2018-07-12	244	228	244	232	
					0
2018-07-16	204	204	222	222	200
2018-07-17	236	204	236	232	
2018-07-17	236	204	236	232	500
					0
					0
					0
					0
					0
					0
					0
					0
2018-07-30	236	236	236	236	300
2018-07-30	236	236	236	236	
					0
					0
					0
					0
2018-08-06	224	224	224	224	100
2018-08-07	252	252	252	252	
2018-08-07	252	252	252	252	100
					0
					0
					0
2018-08-13	250	250	250	250	
2018-08-13	250	250	250	250	100
					0
					0
2018-08-16	234	234	234	234	100
2018-08-20	234	234	234	234	2600
2018-08-21	224	224	224	224	1000
2018-08-21	224	224	224	224	
					0
					0
					0
					0
					0
					0
2018-08-31	210	206	210	206	
2018-08-31	210	206	210	206	300
					0
					0
2018-09-05	212	212	222	220	1700
2018-09-06	238	208	238	208	
2018-09-06	238	208	238	208	200
					0
					0
2018-09-12	172	172	172	172	100
2018-09-12	172	172	172	172	
					0
					0
					0
					0
					0
2018-09-20	218	218	218	218	100
2018-09-21	218	218	218	218	400
2018-09-21	218	218	218	218	
					0
					0
					0
2018-09-27	210	210	210	210	
2018-09-27	210	210	210	210	300
					0
2018-10-01	230	224	234	224	2200
2018-10-02	224	224	224	224	600
2018-10-03	224	208	224	224	4300
2018-10-04	224	224	248	248	800
2018-10-05	254	240	254	246	700
2018-10-08	224	224	230	230	200
2018-10-08	224	224	230	230	
					0
2018-10-10	250	226	250	226	300
2018-10-11	226	218	236	236	500
2018-10-12	222	222	222	222	100
2018-10-15	222	222	222	222	200
2018-10-16	222	222	222	222	100
2018-10-16	222	222	222	222	
					0
2018-10-18	222	222	222	222	100
2018-10-19	242	220	254	220	400
2018-10-22	222	222	222	222	100
2018-10-22	222	222	222	222	
					0
					0
					0
2018-10-26	216	216	218	218	1000
2018-10-29	216	216	218	218	1000
2018-10-29	216	216	218	218	
					0
					0
					0
2018-11-02	226	226	226	226	
2018-11-02	226	226	226	226	100
					0
					0
					0
					0
					0
					0
2018-11-13	200	190	216	216	43900
2018-11-14	195	166	202	166	178900
2018-11-15	167	167	197	197	2300
2018-11-16	187	161	187	178	30100
2018-11-19	177	170	177	177	600
2018-11-21	171	170	174	170	12800
2018-11-22	170	168	170	170	1800
2018-11-23	170	170	170	170	100
2018-11-26	122	122	168	168	1500
2018-11-27	161	141	161	147	2900
2018-11-28	158	152	198	193	64300
2018-11-29	193	160	193	160	120900
2018-11-30	170	165	199	165	43800
2018-12-03	174	146	193	176	65800
2018-12-04	177	170	177	170	13100
2018-12-05	161	141	167	152	86500
2018-12-06	153	142	153	153	15200
2018-12-07	146	146	150	150	26300
2018-12-10	140	130	148	132	57300
2018-12-11	133	120	140	140	44500
2018-12-12	139	125	139	127	26000
2018-12-13	127	110	127	125	111100
2018-12-14	125	111	132	118	15500
2018-12-17	118	118	122	122	29500
2018-12-18	120	120	130	130	67700
2018-12-19	120	120	132	130	1000
2018-12-20	128	121	128	121	600
2018-12-21	122	122	124	124	700
2018-12-26	122	116	122	122	9400
2018-12-27	122	122	122	122	200200
2018-12-28	105	105	130	126	15300
2018-12-28	105	105	130	126	
					0
2019-01-03	122	122	139	124	600
2019-01-04	131	131	131	131	100
2019-01-07	131	129	131	130	
2019-01-07	131	129	131	130	5600
					0
2019-01-09	133	133	133	133	200
2019-01-10	132	126	132	126	7500
2019-01-11	126	126	133	133	1100
2019-01-14	132	127	132	127	300
2019-01-15	126	125	126	125	800
2019-01-16	125	125	130	130	200
2019-01-17	140	131	140	133	3800
2019-01-18	143	143	143	143	100
2019-01-21	153	132	153	146	1300
2019-01-22	146	127	146	127	18900
2019-01-23	124	124	127	124	5200
2019-01-24	125	124	164	134	26000
2019-01-25	134	134	134	134	20000
2019-01-28	131	131	131	131	46200
2019-01-28	131	131	131	131	
					0
					0
2019-01-31	130	121	130	130	300
2019-01-31	130	121	130	130	
					0
					0
2019-02-06	122	122	124	122	3800
2019-02-07	122	122	140	130	2500
2019-02-07	122	122	140	130	
					0
					0
2019-02-12	119	119	122	119	14300
2019-02-13	127	127	127	127	100
2019-02-14	126	126	126	126	100
2019-02-15	125	125	125	125	100
2019-02-18	88	88	117	111	94500
2019-02-18	88	88	117	111	
					0
2019-02-20	111	111	115	111	2100
2019-02-21	102	102	110	110	400
2019-02-22	110	110	110	110	100
2019-02-25	123	112	127	112	800
2019-02-26	120	119	120	119	3800
2019-02-27	118	117	118	117	2500
2019-02-28	117	117	117	117	5000
2019-03-01	116	116	116	116	1500
2019-03-01	116	116	116	116	
					0
2019-03-05	115	115	115	115	100
2019-03-06	111	111	111	111	2300
2019-03-08	111	111	111	111	500
2019-03-11	112	112	112	112	200
2019-03-12	112	112	112	112	
2019-03-12	112	112	112	112	200
					0
2019-03-14	118	118	120	118	4100
2019-03-15	128	112	128	112	6000
2019-03-18	112	112	115	115	2100
2019-03-19	113	113	113	113	
2019-03-19	113	113	113	113	10800
					0
					0
2019-03-22	121	121	121	121	100
2019-03-25	112	112	120	120	1100
2019-03-26	112	112	112	112	200
2019-03-27	110	110	111	111	4200
2019-03-28	121	121	122	121	5800
2019-03-29	121	111	122	122	11200
2019-04-01	120	120	120	120	1500
2019-04-02	110	110	116	116	2100
2019-04-02	110	110	116	116	
					0
					0
2019-04-08	118	118	118	118	
2019-04-08	118	118	118	118	100
					0
2019-04-10	106	106	107	107	3200
2019-04-10	106	106	107	107	
					0
2019-04-12	124	120	124	120	2400
2019-04-15	123	123	128	126	15600
2019-04-16	122	122	122	122	800
2019-04-16	122	122	122	122	
					0
					0
2019-04-23	132	119	132	119	3300
2019-04-23	132	119	132	119	
					0
2019-04-25	108	108	108	108	
2019-04-25	108	108	108	108	200
					0
2019-04-29	119	119	119	119	100
2019-04-30	129	125	129	126	7200
2019-04-30	129	125	129	126	
					0
					0
2019-05-06	119	119	119	119	300
2019-05-07	124	123	124	123	200
2019-05-08	133	133	133	133	100
2019-05-09	143	129	143	129	2300
2019-05-10	116	116	116	116	3700
2019-05-13	116	116	122	122	4000
2019-05-14	118	118	118	118	400
2019-05-15	118	118	118	118	500
2019-05-16	110	110	110	110	29600
2019-05-17	110	110	110	110	2000
2019-05-20	120	120	120	120	100
2019-05-20	120	120	120	120	
					0
2019-05-22	119	119	119	119	900
2019-05-23	122	122	122	122	100
2019-05-23	122	122	122	122	
					0
2019-05-27	112	112	112	112	200
2019-05-28	112	112	120	120	200
2019-05-28	112	112	120	120	
					0
					0
					0
					0
					0
					0
					0
					0
					0
					0
					0
					0
					0
					0
					0
					0
					0
					0
					0
					0
					0
					0
					0
					0
					0
					0
					0
					0
					0
					0
					0
					0
					0
					0
					0
					0
					0
					0
					0
					0
					0
					0
					0
					0
					0
					0
					0
					0
					0
					0
					0
					0
					0
					0
					0
					0
					0
					0
					0
					0
					0
					0
					0
					0
					0
					0
					0
					0
					0
					0
					0
					0
					0
					0
					0
					0
					0
					0
					0
					0
					0
					0
					0
					0
					0
					0
					0
					0
					0
					0
					0
					0
					0
					0
					0
					0
					0
					0
					0
					0
					0
					0
					0
					0
					0
					0
					0
					0
					0
					0
					0
					0
					0
					0
					0
					0
					0
					0
					0
					0
					0
					0
					0
					0
					0
					0
					0
					0
					0
					0
					0
					0
					0
					0
					0
					0
					0
					0
					0
					0
					0
					0
					0
					0
					0
					0
					0
					0
					0
					0
					0
					0
					0
					0
					0
					0
					0
					0
					0
					0
					0
					0
					0
					0
					0
					0
					0
					0
					0
					0
					0
					0
					0
					0
					0
					0
					0
					0
					0
					0
					0
					0
					0
					0
					0
					0
					0
					0
					0
					0
					0
					0
					0
					0
					0
					0
					0
					0
					0
					0
					0
					0
					0
					0
					0
					0
					0
					0
					0
					0
					0
					0
					0
					0
					0
					0
					0
					0
					0
					0
					0
					0
					0
					0
					0
					0
					0
					0
					0
					0
					0
					0
					0
					0
					0
					0
					0
					0
					0
					0
					0
					0
					0
					0
					0
					0
					0
					0
					0
					0
					0
					0
					0
					0
					0
					0
					0
					0
					0
					0
					0
					0
					0
					0
					0
					0
					0
					0
					0
					0
					0
					0
					0
					0
					0
					0
					0
					0
					0
					0
					0
					0
					0
					0
					0
					0
					0
					0
					0
					0
					0
					0
					0
					0
					0
					0
					0
					0
					0
					0
					0
					0
					0
					0
					0
					0
					0
					0
					0
					0
					0
					0
					0
					0
					0
					0
					0
					0
					0
					0
					0
					0
					0
					0
					0
					0
					0
					0
					0
					0
					0
					0
					0
					0
					0
					0
					0
					0
					0
					0
					0
					0
					0
					0
					0
					0
					0
					0
					0
					0
					0
					0
					0
					0
					0
					0
					0
					0
					0
					0
					0
					0
					0
					0
					0
					0
					0
					0
					0
					0
					0
					0
					0
					0
					0
					0
					0
					0
					0
					0
					0
					0
					0
					0
					0
					0
					0
					0
					0
					0
					0
					0
					0
					0
					0
					0
					0
					0
					0
					0
					0
					0
					0
					0
					0
					0
					0
					0
					0
					0
					0
					0
					0
					0
					0
					0
					0
					0
					0
					0
					0
					0
					0
					0
					0
					0
					0
					0
					0
					0
					0
					0
					0
					0
					0
					0
					0
					0
					0
					0
					0
					0
					0
					0
					0
					0
					0
					0
					0
					0
					0
					0
					0
					0
					0
					0
					0
					0
					0
					0
					0
					0
					0
					0
					0
					0
					0
					0
					0
					0
					0
					0
					0
					0
					0
					0
					0
					0
					0
					0
					0
					0
					0
					0
					0
					0
					0
					0
					0
					0
					0
					0
					0
					0
					0
					0
					0
					0
					0
					0
					0
					0
					0
					0
					0
					0
					0
					0
					0
					0
					0
					0
					0
					0
					0
					0
					0
					0
					0
					0
					0
					0
					0
					0
					0
					0
					0
					0
					0
					0
					0
					0
					0
					0
					0
					0
					0
					0
					0
					0
					0
					0
					0
					0
					0
					0
					0
					0
					0
					0
					0
					0
					0
					0
					0
					0
					0
					0
					0
					0
					0
					0
					0
					0
					0
					0
					0
					0
					0
					0
					0
					0
					0
					0
					0
					0
					0
					0
					0
					0
					0
					0
					0
					0
					0
					0
					0
					0
					0
					0
					0
					0
					0
					0
					0
					0
					0
					0
					0
					0
					0
					0
					0
					0
					0
					0
					0
					0
					0
					0
					0
					0
					0
					0
					0
					0
					0
					0
					0
					0
					0
					0
					0
					0
					0
					0
					0
					0
					0
					0
					0
					0
					0
					0
					0
					0
					0
					0
					0
					0
					0
					0
					0
					0
					0
					0
					0
					0
					0
					0
					0
					0
					0
					0
					0
					0
					0
					0
					0
					0
					0
					0
					0
					0
					0
					0
					0
					0
					0
					0
					0
					0
					0
					0
					0
					0
					0
					0
					0
					0
					0
					0
					0
					0
					0
					0
					0
					0
					0
					0
					0
					0
					0
					0
					0
					0
					0
					0
					0
					0
					0
					0
					0
					0
					0
					0
					0
					0
					0
					0
					0
					0
					0
					0
					0
					0
					0
					0
					0
					0
					0
					0
					0
					0
					0
					0
					0
					0
					0
					0
					0
					0
					0
					0
					0
					0
					0
					0
					0
					0
					0
					0
					0
					0
					0
					0
					0
					0
					0
					0
					0
					0
					0
					0
					0
					0
					0
					0
					0
					0
					0
					0
					0
					0
					0
					0
					0
					0
					0
					0
					0
					0
					0
					0
					0
					0
					0
					0
					0
					0
					0
					0
					0
					0
					0
					0
					0
					0
					0
					0
					0
					0
					0
					0
					0
					0
					0
					0
					0
					0
					0
					0
					0
					0
					0
					0
					0
					0
					0
					0
					0
					0
					0
					0
					0
					0
					0
					0
					0
					0
					0
					0
					0
					0
					0
					0
					0
					0
					0
					0
					0
					0
					0
					0
					0
					0
					0
					0
					0
					0
					0
					0
					0
					0
					0
					0
					0
					0
					0
					0
					0
					0
					0
					0
					0
					0
					0
					0
					0
					0
					0
					0
					0
					0
					0
					0
					0
					0
					0
					0
					0
					0
					0
					0
					0
					0
					0
					0
					0
					0
					0
