Date	Price Open	Price Low	Price High	Price Close	Volume
1999-12-30	464.3244	464.3244	515.916	515.916	
					0
					0
					0
					0
2000-01-12	503.0181	503.0181	528.8139	528.8139	
2000-01-12	503.0181	503.0181	528.8139	528.8139	30043
					0
					0
2000-01-17	528.8139	528.8139	528.8139	528.8139	9691
2000-01-17	528.8139	528.8139	528.8139	528.8139	
					0
					0
					0
					0
					0
					0
					0
					0
2000-01-28	515.916	515.916	515.916	515.916	
2000-01-28	515.916	515.916	515.916	515.916	9691
					0
					0
2000-02-02	528.8139	528.8139	554.6097	554.6097	
2000-02-02	528.8139	528.8139	554.6097	554.6097	67840
					0
					0
					0
					0
					0
					0
					0
					0
					0
					0
					0
					0
					0
					0
					0
					0
					0
2000-02-28	567.5076	567.5076	567.5076	567.5076	
2000-02-28	567.5076	567.5076	567.5076	567.5076	4845
					0
					0
					0
					0
					0
					0
					0
					0
					0
					0
					0
					0
					0
					0
					0
					0
					0
					0
2000-03-28	619.0992	619.0992	657.7929	657.7929	163786
2000-03-29	657.7929	657.7929	722.2824	722.2824	94007
2000-03-29	657.7929	657.7929	722.2824	722.2824	
					0
					0
					0
					0
					0
					0
					0
					0
					0
					0
					0
					0
					0
					0
					0
					0
					0
					0
					0
					0
					0
					0
					0
					0
					0
					0
					0
2000-05-12	528.8139	515.916	528.8139	515.916	
2000-05-12	528.8139	515.916	528.8139	515.916	11629
					0
2000-05-16	515.916	515.916	515.916	515.916	
2000-05-16	515.916	515.916	515.916	515.916	1938
					0
					0
					0
					0
					0
2000-05-25	567.5076	528.8139	593.3034	528.8139	
2000-05-25	567.5076	528.8139	593.3034	528.8139	10660
					0
					0
					0
					0
					0
					0
2000-06-06	567.5076	567.5076	567.5076	567.5076	
2000-06-06	567.5076	567.5076	567.5076	567.5076	1938
					0
					0
2000-06-09	528.8139	515.916	528.8139	515.916	
2000-06-09	528.8139	515.916	528.8139	515.916	1938
					0
					0
2000-06-14	567.5076	567.5076	593.3034	593.3034	2907
2000-06-14	567.5076	567.5076	593.3034	593.3034	
					0
					0
					0
					0
					0
2000-06-23	606.2013	606.2013	606.2013	606.2013	
2000-06-23	606.2013	606.2013	606.2013	606.2013	1938
					0
					0
					0
					0
					0
					0
					0
					0
2000-07-06	619.0992	619.0992	631.9971	631.9971	
2000-07-06	619.0992	619.0992	631.9971	631.9971	8722
					0
					0
					0
					0
					0
					0
					0
					0
					0
					0
					0
					0
					0
					0
					0
					0
					0
					0
					0
					0
					0
					0
					0
					0
					0
					0
					0
					0
					0
					0
					0
					0
2000-08-23	518.49558	515.916	518.49558	515.916	
2000-08-23	518.49558	515.916	518.49558	515.916	9691
					0
					0
					0
					0
					0
					0
					0
					0
					0
					0
2000-09-07	541.7118	541.7118	616.51962	616.51962	6784
2000-09-07	541.7118	541.7118	616.51962	616.51962	
					0
					0
					0
					0
					0
					0
					0
					0
					0
					0
					0
					0
					0
					0
					0
					0
					0
					0
					0
					0
					0
					0
					0
					0
					0
					0
					0
					0
					0
					0
					0
					0
					0
					0
					0
					0
					0
					0
					0
					0
					0
					0
					0
					0
					0
					0
					0
					0
					0
					0
					0
					0
					0
					0
2000-11-24	619.0992	477.2223	644.895	593.3034	
2000-11-24	619.0992	477.2223	644.895	593.3034	21321
					0
					0
					0
2000-11-30	464.3244	464.3244	464.3244	464.3244	
2000-11-30	464.3244	464.3244	464.3244	464.3244	969
					0
					0
					0
					0
					0
					0
2000-12-11	515.916	515.916	593.3034	593.3034	21321
2000-12-12	593.3034	593.3034	606.2013	606.2013	
2000-12-12	593.3034	593.3034	606.2013	606.2013	14537
					0
					0
					0
					0
2000-12-19	619.0992	619.0992	619.0992	619.0992	
2000-12-19	619.0992	619.0992	619.0992	619.0992	1938
					0
2000-12-21	593.3034	593.3034	593.3034	593.3034	4845
2000-12-22	619.0992	619.0992	773.874	773.874	
2000-12-22	619.0992	619.0992	773.874	773.874	17444
					0
					0
					0
					0
					0
					0
					0
					0
					0
					0
					0
					0
					0
					0
					0
					0
					0
					0
					0
					0
					0
					0
					0
					0
					0
					0
					0
					0
					0
					0
					0
2001-02-14	773.874	515.916	773.874	515.916	9691
2001-02-14	773.874	515.916	773.874	515.916	
					0
					0
2001-02-19	515.916	515.916	515.916	515.916	9691
2001-02-20	361.1412	361.1412	361.1412	361.1412	2907
2001-02-21	257.958	257.958	257.958	257.958	
2001-02-21	257.958	257.958	257.958	257.958	1938
					0
					0
					0
					0
					0
2001-03-01	361.1412	361.1412	361.1412	361.1412	969
2001-03-01	361.1412	361.1412	361.1412	361.1412	
					0
2001-03-06	412.7328	412.7328	438.5286	438.5286	9691
2001-03-07	490.1202	490.1202	515.916	515.916	9691
2001-03-08	464.3244	464.3244	541.7118	541.7118	2907
2001-03-08	464.3244	464.3244	541.7118	541.7118	
					0
					0
					0
					0
					0
2001-03-16	554.6097	554.6097	580.4055	580.4055	9691
2001-03-19	399.8349	386.937	567.5076	567.5076	3876
2001-03-20	412.7328	412.7328	567.5076	567.5076	6784
2001-03-21	386.937	386.937	567.5076	567.5076	5814
2001-03-21	386.937	386.937	567.5076	567.5076	
					0
					0
					0
					0
					0
					0
					0
					0
					0
					0
					0
					0
					0
					0
2001-04-12	412.7328	412.7328	412.7328	412.7328	1938
2001-04-16	554.6097	554.6097	554.6097	554.6097	9691
2001-04-17	464.3244	464.3244	567.5076	567.5076	
2001-04-17	464.3244	464.3244	567.5076	567.5076	9691
					0
2001-04-19	464.3244	464.3244	515.916	515.916	2907
2001-04-20	464.3244	464.3244	515.916	515.916	
2001-04-20	464.3244	464.3244	515.916	515.916	10660
					0
					0
2001-04-25	567.5076	567.5076	567.5076	567.5076	
2001-04-25	567.5076	567.5076	567.5076	567.5076	4845
					0
					0
					0
					0
2001-05-02	593.3034	593.3034	593.3034	593.3034	4845
2001-05-03	619.0992	619.0992	619.0992	619.0992	
2001-05-03	619.0992	619.0992	619.0992	619.0992	4845
					0
					0
					0
					0
					0
					0
					0
					0
					0
					0
					0
					0
2001-05-23	619.0992	619.0992	619.0992	619.0992	9691
2001-05-25	644.895	644.895	644.895	644.895	11629
2001-05-25	644.895	644.895	644.895	644.895	
					0
					0
					0
					0
					0
					0
					0
					0
					0
					0
					0
					0
					0
					0
					0
					0
					0
					0
					0
					0
					0
					0
					0
					0
					0
					0
					0
					0
					0
					0
					0
					0
					0
					0
					0
					0
					0
					0
					0
					0
					0
					0
					0
					0
					0
					0
					0
					0
					0
					0
					0
					0
2001-08-09	657.7929	657.7929	657.7929	657.7929	14537
2001-08-09	657.7929	657.7929	657.7929	657.7929	
					0
					0
					0
					0
					0
					0
					0
					0
					0
					0
					0
					0
					0
					0
					0
					0
					0
					0
					0
					0
					0
					0
					0
					0
					0
					0
					0
					0
					0
					0
					0
					0
					0
					0
					0
					0
					0
					0
					0
					0
					0
					0
					0
					0
					0
					0
					0
					0
					0
					0
					0
					0
					0
					0
					0
					0
					0
2001-11-01	657.7929	657.7929	657.7929	657.7929	
2001-11-01	657.7929	657.7929	657.7929	657.7929	14537
					0
					0
					0
					0
					0
					0
					0
					0
					0
					0
					0
					0
					0
					0
					0
					0
					0
					0
					0
					0
					0
					0
					0
					0
					0
					0
					0
					0
					0
					0
					0
					0
					0
					0
					0
2001-12-28	670.6908	670.6908	670.6908	670.6908	
2001-12-28	670.6908	670.6908	670.6908	670.6908	14537
					0
					0
					0
					0
					0
					0
					0
					0
					0
					0
					0
					0
					0
					0
					0
					0
					0
					0
					0
					0
					0
					0
					0
					0
					0
					0
					0
					0
					0
					0
					0
					0
					0
					0
					0
2002-02-21	683.5887	683.5887	683.5887	683.5887	
2002-02-21	683.5887	683.5887	683.5887	683.5887	24228
					0
					0
					0
					0
					0
					0
					0
					0
					0
					0
					0
					0
					0
					0
					0
					0
					0
					0
					0
					0
					0
					0
					0
					0
					0
					0
					0
					0
					0
					0
					0
					0
					0
					0
					0
					0
					0
					0
					0
					0
					0
					0
					0
					0
					0
					0
					0
					0
2002-05-06	696.4866	696.4866	696.4866	696.4866	24228
2002-05-06	696.4866	696.4866	696.4866	696.4866	
					0
					0
					0
					0
					0
					0
					0
					0
					0
					0
					0
					0
					0
					0
					0
					0
					0
					0
					0
					0
					0
					0
					0
					0
					0
					0
					0
					0
					0
					0
					0
					0
					0
					0
					0
					0
					0
					0
					0
					0
					0
					0
					0
					0
					0
					0
					0
					0
					0
					0
					0
					0
					0
					0
					0
					0
					0
					0
					0
					0
					0
					0
					0
					0
					0
					0
					0
					0
					0
					0
					0
					0
					0
					0
					0
					0
					0
					0
					0
					0
					0
					0
					0
					0
					0
					0
					0
					0
					0
					0
					0
					0
					0
					0
					0
					0
					0
					0
					0
					0
					0
					0
					0
					0
					0
					0
					0
					0
					0
					0
					0
					0
					0
					0
					0
					0
					0
					0
					0
					0
					0
					0
					0
					0
					0
					0
					0
					0
					0
					0
					0
					0
					0
					0
					0
					0
					0
					0
					0
					0
					0
					0
					0
					0
					0
					0
					0
					0
					0
					0
					0
					0
					0
					0
					0
					0
					0
					0
					0
					0
					0
					0
					0
					0
					0
					0
					0
					0
					0
					0
					0
					0
					0
					0
					0
					0
					0
					0
					0
					0
					0
					0
					0
					0
					0
					0
					0
					0
					0
					0
					0
					0
					0
					0
					0
					0
					0
					0
					0
					0
					0
					0
					0
					0
					0
					0
					0
					0
					0
					0
					0
					0
					0
					0
					0
					0
					0
					0
					0
					0
					0
					0
					0
					0
					0
					0
					0
					0
					0
					0
					0
					0
					0
					0
					0
					0
					0
					0
					0
					0
					0
					0
					0
					0
					0
					0
					0
					0
					0
					0
					0
					0
					0
					0
					0
					0
					0
					0
					0
					0
					0
2003-06-03	700.0	700.0	700.0	700.0	5000
2003-06-03	700.0	700.0	700.0	700.0	
					0
					0
					0
					0
					0
					0
					0
					0
					0
					0
					0
					0
					0
					0
					0
					0
					0
					0
					0
					0
					0
					0
					0
					0
					0
					0
					0
					0
					0
					0
					0
					0
					0
					0
					0
					0
					0
					0
					0
					0
					0
					0
					0
					0
					0
					0
					0
					0
					0
					0
					0
					0
					0
					0
					0
					0
					0
					0
					0
					0
					0
					0
					0
					0
					0
					0
					0
					0
					0
					0
					0
					0
					0
					0
					0
					0
					0
					0
					0
					0
					0
					0
					0
					0
					0
					0
					0
					0
					0
					0
					0
					0
					0
					0
					0
					0
					0
					0
					0
					0
					0
					0
					0
					0
					0
					0
					0
					0
					0
					0
					0
					0
					0
					0
					0
					0
					0
					0
					0
					0
					0
					0
					0
					0
					0
					0
					0
					0
					0
					0
					0
					0
					0
					0
					0
					0
					0
					0
					0
					0
					0
					0
					0
					0
					0
					0
					0
					0
					0
					0
					0
					0
					0
					0
					0
					0
					0
					0
					0
					0
					0
					0
					0
					0
					0
					0
					0
					0
					0
					0
					0
					0
					0
					0
					0
					0
					0
					0
					0
					0
					0
					0
					0
					0
					0
					0
					0
					0
					0
					0
					0
					0
					0
					0
					0
					0
					0
					0
					0
					0
					0
					0
					0
					0
					0
					0
					0
					0
					0
					0
					0
					0
					0
					0
					0
					0
					0
					0
					0
					0
					0
					0
					0
					0
					0
					0
					0
					0
					0
					0
					0
					0
					0
					0
					0
					0
					0
					0
					0
					0
					0
					0
					0
					0
					0
					0
					0
					0
					0
					0
					0
					0
					0
					0
					0
					0
					0
					0
					0
					0
					0
					0
					0
					0
					0
					0
					0
					0
					0
					0
					0
					0
					0
					0
					0
					0
					0
					0
					0
					0
					0
					0
					0
					0
					0
					0
					0
					0
					0
					0
					0
					0
					0
					0
					0
					0
					0
					0
					0
					0
					0
					0
					0
					0
					0
					0
					0
					0
					0
					0
					0
					0
					0
					0
					0
					0
					0
					0
					0
					0
					0
					0
					0
					0
					0
					0
					0
					0
					0
					0
					0
					0
					0
					0
					0
					0
					0
					0
					0
					0
					0
					0
					0
					0
					0
					0
					0
					0
					0
					0
					0
					0
					0
					0
					0
					0
					0
					0
					0
					0
					0
					0
					0
2004-12-02	700.0	700.0	700.0	700.0	23500
2004-12-03	725.0	725.0	725.0	725.0	10000
2004-12-03	725.0	725.0	725.0	725.0	
					0
					0
					0
					0
					0
					0
					0
					0
					0
					0
					0
					0
2004-12-22	700.0	700.0	700.0	700.0	
2004-12-22	700.0	700.0	700.0	700.0	7607500
					0
					0
					0
					0
					0
					0
					0
					0
					0
					0
					0
					0
					0
					0
					0
					0
					0
					0
					0
					0
					0
					0
					0
					0
					0
					0
					0
					0
					0
					0
					0
					0
					0
					0
					0
					0
					0
					0
					0
					0
					0
					0
					0
					0
					0
					0
					0
					0
					0
					0
					0
					0
					0
					0
					0
					0
					0
					0
					0
					0
					0
					0
					0
					0
					0
					0
					0
					0
					0
					0
					0
					0
					0
					0
					0
					0
					0
					0
					0
					0
					0
					0
					0
					0
					0
					0
					0
					0
					0
					0
					0
					0
					0
					0
					0
					0
					0
					0
					0
					0
					0
					0
					0
					0
					0
					0
					0
					0
					0
					0
					0
					0
					0
					0
					0
					0
					0
					0
					0
					0
					0
					0
					0
					0
					0
					0
					0
					0
					0
					0
					0
					0
					0
					0
					0
					0
					0
					0
					0
					0
					0
					0
					0
					0
					0
					0
					0
					0
					0
					0
					0
					0
					0
					0
					0
					0
					0
					0
					0
					0
					0
					0
					0
					0
					0
					0
					0
					0
					0
					0
					0
					0
					0
					0
					0
					0
					0
					0
					0
					0
					0
					0
					0
					0
					0
					0
					0
					0
					0
					0
					0
					0
					0
					0
					0
					0
					0
					0
					0
					0
					0
					0
					0
					0
					0
					0
					0
					0
					0
					0
					0
					0
					0
					0
					0
					0
					0
					0
					0
					0
					0
					0
					0
					0
					0
					0
					0
					0
					0
					0
					0
					0
					0
					0
					0
					0
					0
					0
					0
					0
					0
					0
					0
					0
					0
					0
					0
					0
					0
					0
					0
					0
					0
					0
					0
					0
					0
					0
					0
					0
					0
					0
					0
					0
					0
					0
					0
					0
					0
					0
					0
					0
					0
					0
					0
					0
					0
					0
					0
					0
					0
					0
					0
					0
					0
					0
					0
					0
					0
					0
					0
					0
					0
					0
					0
					0
					0
					0
					0
					0
					0
					0
					0
					0
					0
					0
					0
					0
					0
					0
					0
					0
					0
					0
					0
					0
					0
					0
					0
					0
					0
					0
					0
					0
					0
					0
					0
					0
					0
					0
					0
					0
					0
					0
					0
					0
					0
					0
					0
					0
					0
					0
					0
					0
					0
					0
					0
					0
					0
					0
					0
					0
					0
					0
					0
					0
					0
					0
					0
					0
					0
					0
					0
					0
					0
					0
					0
					0
					0
					0
					0
					0
					0
					0
					0
					0
					0
					0
					0
					0
					0
					0
					0
					0
					0
					0
					0
					0
					0
					0
					0
					0
					0
					0
					0
					0
					0
					0
					0
					0
					0
					0
					0
					0
					0
					0
					0
					0
					0
					0
					0
					0
					0
					0
					0
					0
					0
					0
					0
					0
					0
					0
					0
					0
					0
					0
					0
					0
					0
					0
					0
					0
					0
					0
					0
					0
					0
					0
					0
					0
					0
					0
					0
					0
					0
					0
					0
					0
					0
					0
					0
					0
					0
					0
					0
					0
					0
					0
					0
					0
					0
					0
					0
					0
					0
					0
					0
					0
					0
					0
					0
					0
					0
					0
					0
					0
					0
					0
					0
					0
2006-12-14	710.0	710.0	710.0	710.0	5000
2006-12-14	710.0	710.0	710.0	710.0	
					0
					0
					0
					0
					0
					0
					0
2006-12-27	720.0	720.0	720.0	720.0	1000
2006-12-28	730.0	730.0	740.0	740.0	
2006-12-28	730.0	730.0	740.0	740.0	26500
					0
					0
					0
					0
					0
					0
					0
					0
					0
					0
					0
					0
					0
					0
					0
					0
					0
					0
					0
					0
					0
					0
					0
					0
					0
					0
					0
					0
					0
					0
					0
					0
					0
					0
					0
					0
					0
					0
					0
					0
					0
					0
					0
					0
					0
					0
					0
					0
					0
					0
					0
					0
					0
					0
					0
					0
					0
					0
					0
					0
					0
					0
					0
					0
					0
					0
					0
					0
					0
					0
					0
					0
					0
					0
					0
					0
					0
					0
					0
					0
					0
					0
					0
					0
					0
					0
					0
					0
					0
					0
					0
					0
					0
					0
					0
					0
					0
					0
					0
					0
					0
					0
					0
					0
					0
					0
					0
					0
					0
					0
					0
					0
					0
					0
					0
					0
					0
2007-06-21	740.0	740.0	740.0	740.0	
2007-06-21	740.0	740.0	740.0	740.0	1000
					0
					0
					0
					0
					0
					0
					0
					0
					0
2007-07-05	530.0	520.0	740.0	740.0	25000
2007-07-05	530.0	520.0	740.0	740.0	
					0
					0
					0
					0
					0
					0
					0
					0
					0
					0
					0
					0
					0
					0
					0
					0
					0
					0
					0
					0
					0
					0
					0
					0
					0
					0
					0
					0
					0
					0
					0
					0
					0
					0
					0
					0
					0
					0
					0
					0
					0
					0
					0
					0
					0
					0
					0
					0
					0
					0
					0
					0
					0
					0
					0
					0
					0
					0
					0
					0
					0
					0
					0
					0
					0
					0
					0
					0
					0
					0
					0
					0
					0
					0
					0
					0
					0
					0
					0
					0
					0
					0
					0
					0
					0
					0
					0
					0
					0
					0
					0
					0
					0
					0
					0
					0
					0
					0
					0
					0
					0
					0
					0
					0
					0
					0
					0
					0
					0
					0
					0
					0
					0
					0
					0
					0
					0
					0
					0
					0
					0
					0
					0
					0
					0
					0
					0
					0
					0
					0
					0
					0
					0
					0
					0
					0
					0
					0
					0
					0
					0
					0
					0
					0
					0
					0
					0
					0
					0
					0
					0
					0
					0
					0
					0
					0
					0
					0
					0
					0
					0
					0
					0
					0
					0
					0
					0
					0
					0
					0
					0
					0
					0
					0
					0
					0
					0
					0
					0
					0
					0
					0
					0
					0
					0
					0
					0
					0
					0
					0
					0
					0
					0
					0
					0
					0
					0
					0
					0
					0
					0
					0
					0
					0
					0
					0
					0
					0
					0
					0
					0
					0
					0
					0
					0
					0
					0
					0
					0
					0
					0
					0
					0
					0
					0
					0
					0
					0
					0
					0
					0
					0
					0
					0
					0
					0
					0
					0
					0
					0
					0
					0
					0
					0
					0
					0
					0
					0
					0
					0
					0
					0
					0
					0
					0
					0
					0
					0
					0
					0
					0
					0
					0
					0
					0
					0
					0
					0
					0
					0
					0
2008-08-19	700.0	700.0	700.0	700.0	2000
2008-08-20	650.0	650.0	700.0	700.0	
2008-08-20	650.0	650.0	700.0	700.0	2000
					0
					0
					0
					0
					0
					0
					0
					0
					0
					0
					0
					0
					0
					0
					0
					0
					0
					0
					0
					0
					0
					0
					0
					0
					0
					0
					0
					0
					0
					0
					0
					0
					0
					0
					0
					0
					0
					0
					0
					0
					0
					0
					0
					0
					0
					0
					0
					0
					0
					0
					0
					0
					0
					0
					0
					0
					0
					0
					0
					0
					0
					0
					0
					0
					0
					0
					0
					0
					0
					0
					0
					0
					0
					0
					0
					0
					0
					0
					0
					0
					0
					0
					0
					0
					0
					0
					0
					0
					0
					0
					0
					0
					0
					0
					0
					0
					0
					0
					0
					0
					0
					0
					0
					0
					0
					0
					0
					0
					0
					0
					0
					0
					0
					0
					0
					0
					0
					0
					0
					0
					0
					0
					0
					0
					0
					0
					0
					0
					0
					0
					0
					0
					0
					0
					0
					0
					0
					0
					0
					0
					0
					0
					0
					0
					0
					0
					0
					0
					0
					0
					0
					0
					0
					0
					0
					0
					0
					0
					0
					0
					0
					0
					0
					0
					0
					0
					0
					0
					0
					0
					0
					0
					0
					0
					0
					0
					0
					0
					0
					0
					0
					0
					0
					0
					0
					0
					0
					0
					0
					0
					0
					0
					0
					0
					0
					0
					0
					0
					0
					0
					0
					0
					0
					0
					0
					0
					0
					0
					0
					0
					0
					0
					0
					0
					0
					0
					0
					0
					0
					0
					0
					0
					0
					0
					0
					0
					0
					0
					0
					0
					0
					0
					0
					0
					0
					0
					0
					0
					0
					0
					0
					0
					0
					0
					0
					0
					0
					0
					0
					0
					0
					0
					0
					0
					0
					0
					0
					0
					0
2009-09-16	700.0	700.0	700.0	700.0	3000
2009-09-16	700.0	700.0	700.0	700.0	
					0
					0
2009-09-25	700.0	700.0	700.0	700.0	
2009-09-25	700.0	700.0	700.0	700.0	2500
					0
					0
					0
					0
					0
					0
					0
					0
					0
					0
					0
					0
					0
2009-10-15	700.0	700.0	700.0	700.0	
2009-10-15	700.0	700.0	700.0	700.0	6500
					0
					0
					0
					0
					0
					0
					0
					0
					0
					0
					0
					0
					0
					0
					0
					0
					0
					0
					0
					0
					0
					0
					0
					0
					0
					0
					0
					0
					0
					0
					0
					0
					0
					0
					0
					0
					0
					0
					0
					0
					0
					0
					0
					0
					0
					0
					0
					0
					0
					0
					0
					0
					0
					0
					0
					0
					0
					0
					0
					0
					0
					0
					0
					0
					0
					0
					0
					0
					0
					0
					0
					0
					0
					0
					0
					0
					0
					0
					0
					0
					0
					0
					0
					0
					0
					0
					0
					0
					0
					0
					0
					0
					0
					0
					0
					0
					0
					0
					0
					0
					0
					0
					0
					0
					0
					0
					0
					0
					0
					0
					0
					0
					0
					0
					0
					0
					0
					0
					0
					0
					0
					0
					0
					0
					0
					0
					0
					0
					0
					0
					0
					0
					0
					0
					0
					0
					0
					0
					0
					0
					0
					0
					0
					0
					0
					0
					0
					0
					0
					0
					0
					0
					0
					0
					0
					0
					0
					0
					0
					0
					0
					0
					0
					0
					0
					0
					0
					0
					0
					0
					0
					0
					0
					0
					0
					0
					0
					0
					0
					0
					0
					0
					0
					0
					0
					0
					0
					0
2010-07-22	700.0	700.0	700.0	700.0	
2010-07-22	700.0	700.0	700.0	700.0	1000
					0
					0
					0
					0
					0
					0
					0
					0
					0
					0
					0
					0
					0
					0
2010-08-12	700.0	700.0	700.0	700.0	50000
2010-08-13	700.0	700.0	700.0	700.0	
2010-08-13	700.0	700.0	700.0	700.0	78500
					0
					0
					0
					0
					0
					0
					0
					0
					0
2010-08-30	700.0	700.0	700.0	700.0	2557000
2010-08-30	700.0	700.0	700.0	700.0	
					0
					0
					0
					0
					0
					0
					0
					0
					0
					0
					0
					0
					0
					0
					0
					0
					0
					0
					0
					0
					0
					0
					0
					0
					0
					0
					0
					0
					0
					0
					0
					0
					0
					0
					0
					0
					0
					0
					0
					0
					0
					0
					0
					0
					0
					0
					0
					0
					0
					0
					0
					0
					0
					0
					0
					0
					0
					0
					0
					0
					0
					0
					0
					0
					0
					0
					0
					0
					0
					0
					0
					0
					0
					0
					0
					0
					0
					0
					0
					0
					0
					0
					0
					0
					0
					0
					0
					0
					0
					0
					0
					0
					0
					0
					0
					0
					0
2011-01-26	700.0	700.0	700.0	700.0	
2011-01-26	700.0	700.0	700.0	700.0	10000
					0
					0
					0
					0
2011-02-02	650.0	650.0	650.0	650.0	15000
2011-02-04	650.0	650.0	650.0	650.0	500
2011-02-07	650.0	650.0	650.0	650.0	
2011-02-07	650.0	650.0	650.0	650.0	2000
					0
					0
					0
					0
					0
					0
					0
					0
					0
					0
					0
					0
					0
					0
					0
					0
					0
					0
					0
					0
					0
					0
					0
					0
					0
					0
					0
					0
					0
					0
					0
					0
					0
					0
2011-03-29	650.0	650.0	650.0	650.0	20000
2011-03-29	650.0	650.0	650.0	650.0	
					0
2011-03-31	650.0	630.0	650.0	630.0	20500
2011-03-31	650.0	630.0	650.0	630.0	
					0
					0
					0
2011-04-06	630.0	620.0	630.0	620.0	12500
2011-04-07	620.0	600.0	620.0	600.0	15000
2011-04-07	620.0	600.0	620.0	600.0	
					0
					0
					0
					0
					0
					0
					0
					0
					0
					0
					0
					0
					0
					0
					0
					0
2011-05-03	590.0	590.0	590.0	590.0	
2011-05-03	590.0	590.0	590.0	590.0	15000
					0
					0
					0
					0
					0
					0
					0
					0
					0
					0
					0
					0
					0
					0
					0
					0
					0
					0
					0
					0
					0
					0
					0
					0
					0
					0
					0
					0
					0
					0
					0
					0
					0
					0
					0
					0
					0
					0
					0
					0
					0
					0
					0
					0
					0
					0
					0
					0
					0
					0
					0
					0
					0
					0
					0
					0
					0
					0
					0
					0
					0
					0
					0
					0
					0
					0
					0
					0
					0
					0
					0
					0
					0
					0
					0
					0
					0
					0
					0
					0
					0
					0
					0
					0
					0
					0
					0
					0
					0
					0
					0
					0
					0
					0
					0
2011-09-27	700.0	700.0	700.0	700.0	
2011-09-27	700.0	700.0	700.0	700.0	5000
					0
					0
					0
					0
					0
					0
					0
					0
					0
					0
					0
					0
					0
					0
					0
					0
					0
					0
					0
					0
					0
					0
					0
					0
					0
					0
					0
					0
					0
					0
					0
					0
					0
					0
					0
					0
					0
					0
					0
					0
					0
					0
					0
					0
					0
					0
					0
					0
					0
					0
					0
					0
					0
					0
					0
					0
					0
					0
					0
					0
					0
					0
					0
					0
					0
					0
					0
					0
					0
					0
					0
					0
					0
					0
					0
					0
					0
					0
					0
					0
					0
					0
					0
					0
					0
					0
					0
					0
					0
					0
					0
					0
					0
					0
					0
					0
					0
					0
					0
					0
					0
					0
					0
					0
					0
					0
					0
					0
					0
					0
					0
					0
					0
					0
					0
					0
2012-03-12	750.0	750.0	750.0	750.0	
2012-03-12	750.0	750.0	750.0	750.0	500
					0
					0
					0
					0
					0
2012-03-20	750.0	750.0	750.0	750.0	
2012-03-20	750.0	750.0	750.0	750.0	500
					0
					0
					0
					0
					0
					0
					0
					0
					0
					0
					0
					0
					0
					0
					0
					0
					0
					0
					0
					0
					0
					0
					0
					0
					0
					0
					0
					0
					0
					0
					0
					0
					0
					0
					0
					0
					0
					0
					0
					0
					0
					0
					0
					0
					0
					0
					0
					0
					0
					0
					0
					0
					0
					0
					0
					0
					0
					0
					0
					0
					0
					0
					0
					0
					0
					0
					0
					0
					0
					0
					0
					0
					0
					0
					0
					0
					0
					0
					0
					0
					0
					0
					0
					0
					0
					0
					0
					0
					0
					0
					0
					0
					0
					0
					0
					0
					0
					0
					0
					0
					0
					0
					0
					0
					0
					0
					0
					0
					0
					0
					0
					0
					0
					0
					0
					0
					0
					0
					0
					0
					0
					0
					0
					0
					0
					0
					0
					0
					0
					0
					0
					0
					0
					0
					0
					0
					0
					0
					0
					0
					0
					0
					0
					0
					0
					0
					0
					0
					0
					0
					0
					0
					0
					0
					0
					0
					0
					0
					0
					0
					0
					0
					0
					0
					0
					0
					0
					0
					0
					0
					0
					0
					0
					0
					0
					0
					0
					0
					0
					0
					0
					0
					0
					0
					0
					0
					0
					0
					0
					0
					0
					0
					0
					0
					0
					0
					0
					0
					0
					0
					0
					0
					0
					0
					0
					0
					0
					0
					0
					0
					0
					0
					0
					0
					0
					0
					0
					0
					0
					0
					0
					0
					0
					0
					0
					0
					0
					0
					0
					0
					0
					0
					0
					0
2013-03-06	750.0	750.0	750.0	750.0	
2013-03-06	750.0	750.0	750.0	750.0	12500
					0
					0
					0
					0
					0
					0
					0
					0
					0
					0
					0
					0
					0
					0
					0
					0
					0
					0
					0
					0
					0
					0
					0
					0
					0
					0
					0
					0
					0
					0
					0
					0
					0
					0
					0
					0
					0
					0
					0
					0
					0
					0
					0
					0
					0
					0
					0
					0
					0
					0
					0
					0
					0
					0
					0
					0
					0
					0
					0
					0
					0
					0
					0
					0
					0
					0
					0
					0
					0
					0
					0
					0
					0
					0
					0
					0
					0
					0
					0
					0
					0
					0
					0
					0
					0
					0
					0
					0
					0
					0
					0
					0
					0
					0
					0
					0
					0
					0
					0
					0
					0
					0
					0
					0
					0
					0
					0
					0
					0
					0
					0
					0
					0
					0
					0
					0
					0
					0
					0
					0
					0
					0
					0
					0
					0
					0
					0
					0
					0
					0
					0
					0
					0
					0
					0
					0
					0
					0
					0
					0
					0
					0
					0
					0
					0
					0
					0
					0
					0
					0
					0
					0
					0
					0
					0
					0
					0
					0
					0
					0
					0
					0
					0
					0
					0
					0
					0
					0
					0
					0
					0
					0
					0
					0
					0
					0
					0
					0
					0
					0
					0
					0
					0
					0
					0
					0
					0
					0
					0
					0
					0
					0
					0
					0
					0
					0
					0
					0
					0
					0
					0
					0
					0
					0
					0
					0
					0
					0
					0
					0
					0
					0
					0
					0
					0
					0
					0
					0
					0
					0
					0
					0
					0
					0
					0
					0
					0
					0
					0
					0
					0
					0
					0
					0
					0
					0
					0
					0
					0
					0
					0
					0
					0
					0
					0
					0
					0
					0
					0
					0
					0
					0
					0
					0
					0
					0
					0
					0
					0
					0
					0
					0
					0
					0
					0
					0
					0
					0
					0
					0
					0
					0
					0
					0
					0
					0
					0
					0
					0
					0
					0
					0
					0
					0
					0
					0
					0
					0
					0
					0
					0
					0
					0
					0
					0
					0
					0
					0
					0
					0
					0
					0
					0
					0
					0
					0
					0
					0
					0
					0
					0
					0
					0
					0
					0
					0
					0
					0
					0
					0
					0
					0
					0
					0
					0
					0
					0
					0
					0
					0
					0
					0
					0
					0
					0
					0
					0
					0
					0
					0
					0
					0
					0
					0
					0
					0
					0
					0
					0
					0
					0
					0
					0
					0
					0
					0
					0
					0
					0
					0
					0
					0
					0
					0
					0
					0
					0
					0
					0
					0
					0
					0
					0
					0
					0
					0
					0
					0
					0
					0
					0
					0
					0
					0
					0
					0
					0
					0
					0
					0
					0
					0
					0
					0
					0
					0
					0
					0
					0
					0
					0
					0
					0
					0
					0
					0
					0
					0
					0
					0
					0
					0
					0
					0
					0
					0
					0
					0
					0
					0
					0
					0
					0
					0
					0
					0
					0
					0
					0
					0
					0
					0
					0
					0
					0
					0
					0
					0
					0
					0
					0
					0
					0
					0
					0
					0
					0
					0
					0
					0
2015-01-15	750.0	750.0	750.0	750.0	
2015-01-15	750.0	750.0	750.0	750.0	100
					0
					0
					0
					0
					0
					0
					0
					0
					0
					0
					0
					0
					0
					0
					0
					0
					0
					0
					0
					0
					0
					0
					0
					0
					0
					0
					0
					0
					0
					0
					0
					0
					0
					0
					0
					0
					0
					0
					0
					0
					0
					0
					0
					0
					0
					0
					0
					0
					0
					0
					0
					0
					0
					0
					0
					0
					0
					0
					0
					0
					0
					0
					0
					0
					0
					0
					0
					0
					0
					0
					0
					0
					0
					0
					0
					0
					0
					0
					0
					0
					0
					0
					0
					0
					0
					0
					0
					0
					0
					0
					0
					0
					0
					0
					0
					0
					0
					0
					0
					0
					0
					0
					0
					0
					0
					0
					0
					0
					0
					0
					0
					0
					0
					0
					0
					0
					0
					0
					0
					0
					0
					0
					0
					0
					0
					0
					0
					0
					0
					0
					0
					0
					0
					0
					0
					0
					0
					0
					0
					0
					0
					0
					0
					0
					0
					0
					0
					0
					0
					0
					0
					0
					0
					0
					0
					0
					0
					0
					0
					0
					0
					0
					0
					0
					0
					0
					0
					0
					0
					0
					0
					0
					0
					0
					0
					0
					0
					0
					0
					0
					0
					0
					0
					0
					0
					0
					0
					0
					0
					0
					0
					0
2015-10-28	750.0	750.0	750.0	750.0	100
2015-10-28	750.0	750.0	750.0	750.0	
					0
					0
					0
					0
					0
					0
					0
					0
					0
					0
					0
					0
					0
					0
					0
					0
					0
					0
					0
2015-11-25	935.0	935.0	935.0	935.0	200
2015-11-25	935.0	935.0	935.0	935.0	
					0
					0
					0
					0
					0
					0
					0
					0
					0
					0
					0
					0
					0
					0
					0
					0
					0
					0
					0
					0
					0
					0
					0
					0
					0
					0
					0
					0
					0
					0
					0
					0
					0
					0
					0
					0
					0
					0
					0
					0
					0
					0
					0
					0
					0
					0
					0
					0
					0
					0
					0
					0
					0
					0
					0
					0
					0
					0
					0
					0
					0
					0
					0
					0
					0
					0
					0
					0
					0
					0
					0
					0
					0
					0
					0
					0
					0
					0
					0
					0
					0
					0
					0
					0
					0
					0
2016-04-06	935.0	935.0	935.0	935.0	
2016-04-06	935.0	935.0	935.0	935.0	400
					0
					0
					0
					0
					0
					0
					0
					0
					0
					0
					0
					0
					0
					0
					0
					0
					0
					0
					0
					0
					0
					0
					0
					0
					0
					0
					0
					0
					0
					0
					0
					0
					0
					0
					0
					0
					0
					0
					0
					0
					0
					0
					0
					0
					0
					0
					0
					0
					0
					0
					0
					0
					0
					0
					0
					0
					0
					0
					0
					0
					0
					0
					0
2016-07-14	935.0	935.0	935.0	935.0	300
2016-07-14	935.0	935.0	935.0	935.0	
					0
					0
					0
					0
					0
					0
					0
					0
					0
					0
					0
					0
					0
					0
					0
					0
					0
					0
					0
					0
					0
					0
					0
					0
					0
					0
					0
					0
					0
					0
					0
					0
					0
					0
					0
					0
					0
					0
					0
					0
					0
					0
					0
					0
					0
					0
					0
					0
					0
					0
					0
					0
					0
					0
					0
					0
					0
					0
					0
					0
					0
					0
					0
					0
					0
2016-10-18	1050.0	1050.0	1050.0	1050.0	200
2016-10-19	1200.0	1200.0	1200.0	1200.0	100
2016-10-20	1500.0	1500.0	1500.0	1500.0	
2016-10-20	1500.0	1500.0	1500.0	1500.0	100
					0
					0
2016-10-25	1800.0	1800.0	1800.0	1800.0	
2016-10-25	1800.0	1800.0	1800.0	1800.0	100
					0
					0
					0
					0
					0
					0
					0
					0
					0
					0
2016-11-09	1990.0	1990.0	1990.0	1990.0	100
2016-11-10	2010.0	2010.0	2010.0	2010.0	
2016-11-10	2010.0	2010.0	2010.0	2010.0	100
					0
					0
					0
					0
					0
					0
					0
					0
					0
					0
					0
					0
					0
2016-11-30	2500.0	2050.0	2500.0	2050.0	
2016-11-30	2500.0	2050.0	2500.0	2050.0	200
					0
					0
					0
					0
					0
					0
					0
					0
					0
					0
					0
					0
					0
2016-12-21	2560.0	2560.0	2560.0	2560.0	
2016-12-21	2560.0	2560.0	2560.0	2560.0	100
					0
					0
					0
					0
					0
					0
					0
					0
2017-01-05	3000.0	3000.0	3000.0	3000.0	
2017-01-05	3000.0	3000.0	3000.0	3000.0	100
					0
					0
					0
					0
					0
					0
					0
					0
					0
					0
					0
					0
					0
					0
					0
					0
					0
					0
					0
					0
					0
					0
					0
					0
					0
					0
					0
					0
					0
					0
					0
					0
					0
					0
					0
					0
					0
					0
					0
					0
					0
					0
					0
					0
					0
2017-03-13	3000.0	3000.0	3000.0	3000.0	
2017-03-13	3000.0	3000.0	3000.0	3000.0	300
					0
					0
					0
					0
					0
					0
					0
					0
					0
					0
					0
					0
					0
					0
					0
					0
					0
					0
					0
					0
					0
					0
					0
					0
					0
2017-04-21	3000.0	3000.0	3000.0	3000.0	
2017-04-21	3000.0	3000.0	3000.0	3000.0	100
					0
					0
					0
					0
					0
					0
					0
					0
					0
					0
					0
					0
2017-05-15	3300.0	3300.0	3300.0	3300.0	
2017-05-15	3300.0	3300.0	3300.0	3300.0	100
					0
					0
					0
					0
					0
					0
					0
					0
					0
					0
					0
					0
					0
					0
					0
					0
					0
					0
					0
					0
					0
					0
					0
					0
					0
					0
					0
					0
					0
					0
					0
					0
					0
					0
					0
					0
					0
					0
					0
					0
					0
					0
					0
					0
					0
					0
					0
					0
					0
					0
					0
					0
					0
					0
					0
					0
					0
					0
					0
					0
					0
					0
2017-08-23	3300.0	3300.0	3300.0	3300.0	500
2017-08-23	3300.0	3300.0	3300.0	3300.0	
					0
					0
					0
					0
					0
					0
					0
2017-09-05	3300.0	3300.0	3300.0	3300.0	
2017-09-05	3300.0	3300.0	3300.0	3300.0	200
					0
					0
					0
					0
2017-09-12	2600.0	2600.0	2600.0	2600.0	600
2017-09-12	2600.0	2600.0	2600.0	2600.0	
					0
					0
					0
					0
					0
					0
					0
					0
					0
					0
					0
					0
					0
					0
					0
					0
					0
					0
					0
2017-10-11	2600.0	2600.0	2600.0	2600.0	
2017-10-11	2600.0	2600.0	2600.0	2600.0	500
					0
					0
					0
					0
					0
					0
2017-10-20	2500.0	2500.0	2500.0	2500.0	500
2017-10-20	2500.0	2500.0	2500.0	2500.0	
					0
					0
					0
					0
					0
					0
					0
					0
					0
					0
					0
					0
					0
					0
					0
					0
					0
					0
					0
					0
					0
2017-11-21	2500.0	2500.0	2500.0	2500.0	
2017-11-21	2500.0	2500.0	2500.0	2500.0	100
					0
					0
					0
					0
					0
					0
2017-11-30	2500.0	2500.0	2500.0	2500.0	
2017-11-30	2500.0	2500.0	2500.0	2500.0	500
					0
					0
					0
					0
					0
					0
					0
					0
					0
					0
					0
					0
					0
					0
					0
					0
					0
					0
					0
2018-01-03	2500.0	2500.0	2500.0	2500.0	
2018-01-03	2500.0	2500.0	2500.0	2500.0	500
					0
					0
					0
					0
					0
2018-01-11	2200.0	2000.0	2200.0	2100.0	12400
2018-01-12	2110.0	2110.0	2110.0	2110.0	100
2018-01-12	2110.0	2110.0	2110.0	2110.0	
					0
					0
					0
					0
					0
					0
					0
					0
					0
					0
					0
					0
					0
					0
					0
					0
					0
					0
					0
					0
					0
					0
					0
					0
					0
2018-02-20	2110.0	2110.0	2110.0	2110.0	100
2018-02-21	2000.0	1700.0	2000.0	1710.0	8200
2018-02-21	2000.0	1700.0	2000.0	1710.0	
					0
					0
2018-02-26	1710.0	1710.0	1710.0	1710.0	300
2018-02-26	1710.0	1710.0	1710.0	1710.0	
					0
					0
2018-03-01	1720.0	1720.0	1720.0	1720.0	100
2018-03-01	1720.0	1720.0	1720.0	1720.0	
					0
					0
2018-03-06	1605.0	1605.0	1605.0	1605.0	1700
2018-03-06	1605.0	1605.0	1605.0	1605.0	
					0
					0
					0
					0
2018-03-13	1605.0	1605.0	1605.0	1605.0	100
2018-03-14	1555.0	1490.0	1555.0	1490.0	
2018-03-14	1555.0	1490.0	1555.0	1490.0	6700
					0
					0
					0
					0
					0
					0
					0
					0
2018-03-27	1500.0	1500.0	1500.0	1500.0	100
2018-03-27	1500.0	1500.0	1500.0	1500.0	
					0
					0
2018-04-02	1500.0	1500.0	1500.0	1500.0	
2018-04-02	1500.0	1500.0	1500.0	1500.0	100
					0
					0
					0
2018-04-06	1205.0	1205.0	1300.0	1300.0	400
2018-04-09	1305.0	1200.0	1305.0	1200.0	3300
2018-04-10	1205.0	1200.0	1205.0	1200.0	200
2018-04-11	1110.0	1055.0	1110.0	1055.0	400
2018-04-11	1110.0	1055.0	1110.0	1055.0	
					0
2018-04-13	1080.0	1080.0	1080.0	1080.0	
2018-04-13	1080.0	1080.0	1080.0	1080.0	100
					0
					0
2018-04-18	1100.0	1100.0	1100.0	1100.0	100
2018-04-19	1100.0	1100.0	1100.0	1100.0	100
2018-04-20	1060.0	1055.0	1060.0	1055.0	1200
2018-04-23	1005.0	1005.0	1005.0	1005.0	1100
2018-04-24	1005.0	990.0	1005.0	990.0	2900
2018-04-25	990.0	980.0	1000.0	990.0	
2018-04-25	990.0	980.0	1000.0	990.0	4200
					0
					0
					0
2018-05-02	990.0	975.0	990.0	975.0	4100
2018-05-03	975.0	960.0	975.0	960.0	5600
2018-05-04	960.0	950.0	960.0	950.0	4700
2018-05-07	950.0	925.0	950.0	925.0	25900
2018-05-07	950.0	925.0	950.0	925.0	
					0
					0
					0
					0
					0
					0
					0
2018-05-18	920.0	920.0	920.0	920.0	100
2018-05-21	905.0	900.0	905.0	900.0	3000
2018-05-21	905.0	900.0	905.0	900.0	
					0
					0
					0
					0
2018-05-28	900.0	900.0	900.0	900.0	200
2018-05-28	900.0	900.0	900.0	900.0	
					0
					0
2018-06-04	1120.0	1120.0	1120.0	1120.0	100
2018-06-04	1120.0	1120.0	1120.0	1120.0	
					0
					0
2018-06-07	1120.0	1120.0	1120.0	1120.0	100
2018-06-07	1120.0	1120.0	1120.0	1120.0	
					0
					0
					0
					0
					0
2018-06-25	1130.0	1130.0	1130.0	1130.0	100
2018-06-25	1130.0	1130.0	1130.0	1130.0	
					0
					0
2018-06-28	1160.0	1160.0	1160.0	1160.0	100
2018-06-28	1160.0	1160.0	1160.0	1160.0	
					0
					0
					0
					0
2018-07-05	1150.0	1150.0	1150.0	1150.0	100
2018-07-05	1150.0	1150.0	1150.0	1150.0	
					0
					0
					0
					0
					0
					0
					0
					0
					0
					0
					0
					0
					0
					0
					0
					0
					0
2018-07-31	1160.0	1160.0	1435.0	1380.0	1400
2018-08-01	1300.0	1250.0	1715.0	1655.0	4500
2018-08-02	1515.0	1465.0	1515.0	1465.0	300
2018-08-02	1515.0	1465.0	1515.0	1465.0	
					0
					0
2018-08-07	1515.0	1100.0	1565.0	1100.0	3700
2018-08-08	1105.0	1105.0	1240.0	1240.0	1800
2018-08-09	1220.0	1100.0	1220.0	1100.0	900
2018-08-10	1105.0	1105.0	1110.0	1110.0	
2018-08-10	1105.0	1105.0	1110.0	1110.0	800
					0
					0
					0
					0
					0
					0
2018-08-23	1160.0	1110.0	1160.0	1110.0	11000
2018-08-23	1160.0	1110.0	1160.0	1110.0	
					0
					0
					0
					0
2018-08-30	1110.0	1110.0	1110.0	1110.0	400
2018-08-30	1110.0	1110.0	1110.0	1110.0	
					0
2018-09-03	1110.0	1110.0	1110.0	1110.0	100
2018-09-03	1110.0	1110.0	1110.0	1110.0	
					0
2018-09-05	1005.0	1005.0	1005.0	1005.0	100
2018-09-06	1255.0	1245.0	1255.0	1255.0	
2018-09-06	1255.0	1245.0	1255.0	1255.0	3000
					0
					0
					0
					0
					0
					0
2018-09-18	1200.0	1200.0	1200.0	1200.0	2100
2018-09-19	1495.0	1450.0	1495.0	1450.0	
2018-09-19	1495.0	1450.0	1495.0	1450.0	300
					0
					0
					0
					0
					0
					0
2018-09-28	1300.0	1300.0	1300.0	1300.0	
2018-09-28	1300.0	1300.0	1300.0	1300.0	300
					0
					0
2018-10-03	1305.0	1305.0	1325.0	1325.0	
2018-10-03	1305.0	1305.0	1325.0	1325.0	1600
					0
					0
					0
					0
					0
					0
2018-10-12	1270.0	1270.0	1270.0	1270.0	200
2018-10-12	1270.0	1270.0	1270.0	1270.0	
					0
					0
					0
					0
					0
					0
					0
					0
2018-10-25	1155.0	1150.0	1155.0	1150.0	
2018-10-25	1155.0	1150.0	1155.0	1150.0	30600
					0
					0
2018-10-30	1150.0	1150.0	1150.0	1150.0	
2018-10-30	1150.0	1150.0	1150.0	1150.0	500
					0
					0
2018-11-02	1150.0	1150.0	1150.0	1150.0	2000
2018-11-05	1150.0	1150.0	1150.0	1150.0	2500
2018-11-06	1150.0	1150.0	1150.0	1150.0	9700
2018-11-06	1150.0	1150.0	1150.0	1150.0	
					0
2018-11-08	1150.0	1150.0	1395.0	1150.0	18100
2018-11-08	1150.0	1150.0	1395.0	1150.0	
					0
					0
					0
2018-11-14	1120.0	1120.0	1120.0	1120.0	
2018-11-14	1120.0	1120.0	1120.0	1120.0	5300
					0
2018-11-16	1120.0	1050.0	1120.0	1050.0	17500
2018-11-19	1050.0	1050.0	1070.0	1050.0	1600
2018-11-21	980.0	980.0	985.0	985.0	600
2018-11-21	980.0	980.0	985.0	985.0	
					0
					0
2018-11-26	1000.0	1000.0	1000.0	1000.0	400
2018-11-26	1000.0	1000.0	1000.0	1000.0	
					0
					0
2018-11-29	1000.0	1000.0	1000.0	1000.0	4000
2018-11-30	995.0	995.0	1000.0	995.0	6200
2018-12-03	1000.0	1000.0	1000.0	1000.0	1000
2018-12-04	1000.0	1000.0	1000.0	1000.0	
2018-12-04	1000.0	1000.0	1000.0	1000.0	800
					0
					0
2018-12-07	1200.0	1145.0	1200.0	1145.0	200
2018-12-10	1050.0	1050.0	1050.0	1050.0	
2018-12-10	1050.0	1050.0	1050.0	1050.0	3000
					0
					0
2018-12-13	1300.0	1025.0	1300.0	1025.0	200
2018-12-14	1000.0	1000.0	1000.0	1000.0	200
2018-12-17	1000.0	1000.0	1000.0	1000.0	
2018-12-17	1000.0	1000.0	1000.0	1000.0	300
					0
					0
					0
					0
					0
2018-12-27	1245.0	1100.0	1245.0	1175.0	2400
2018-12-28	1175.0	970.0	1460.0	970.0	10700
2019-01-02	970.0	970.0	1050.0	1050.0	4100
2019-01-03	1050.0	1050.0	1050.0	1050.0	3100
2019-01-04	1050.0	1050.0	1050.0	1050.0	
2019-01-04	1050.0	1050.0	1050.0	1050.0	1500
					0
					0
2019-01-09	1050.0	1050.0	1050.0	1050.0	1700
2019-01-10	1050.0	1050.0	1050.0	1050.0	
2019-01-10	1050.0	1050.0	1050.0	1050.0	100
					0
					0
					0
2019-01-16	1000.0	1000.0	1000.0	1000.0	1000
2019-01-17	1000.0	1000.0	1205.0	1000.0	28800
2019-01-18	1030.0	1000.0	1200.0	1000.0	1500
2019-01-21	1000.0	1000.0	1095.0	1000.0	2200
2019-01-22	1000.0	990.0	1000.0	1000.0	26900
2019-01-23	1000.0	1000.0	1000.0	1000.0	8000
2019-01-24	990.0	990.0	990.0	990.0	200
2019-01-25	1000.0	1000.0	1000.0	1000.0	500
2019-01-28	1000.0	1000.0	1000.0	1000.0	
2019-01-28	1000.0	1000.0	1000.0	1000.0	100
					0
					0
					0
					0
					0
2019-02-06	1000.0	1000.0	1000.0	1000.0	200
2019-02-07	1000.0	1000.0	1020.0	1020.0	2400
2019-02-07	1000.0	1000.0	1020.0	1020.0	
					0
2019-02-11	1020.0	1020.0	1020.0	1020.0	100
2019-02-12	1050.0	1020.0	1050.0	1020.0	600
2019-02-12	1050.0	1020.0	1050.0	1020.0	
					0
					0
					0
					0
2019-02-19	1020.0	1020.0	1020.0	1020.0	
2019-02-19	1020.0	1020.0	1020.0	1020.0	100
					0
					0
2019-02-22	1050.0	1050.0	1050.0	1050.0	100
2019-02-25	1010.0	1010.0	1010.0	1010.0	
2019-02-25	1010.0	1010.0	1010.0	1010.0	1000
					0
2019-02-27	1050.0	1050.0	1050.0	1050.0	
2019-02-27	1050.0	1050.0	1050.0	1050.0	1400
					0
					0
					0
					0
2019-03-06	1310.0	1090.0	1310.0	1090.0	4900
2019-03-08	1050.0	1050.0	1050.0	1050.0	4400
2019-03-11	1100.0	1100.0	1140.0	1140.0	
2019-03-11	1100.0	1100.0	1140.0	1140.0	10100
					0
2019-03-13	1090.0	1090.0	1090.0	1090.0	
2019-03-13	1090.0	1090.0	1090.0	1090.0	5000
					0
2019-03-15	1100.0	1100.0	1100.0	1100.0	8400
2019-03-15	1100.0	1100.0	1100.0	1100.0	
					0
					0
					0
					0
2019-03-22	1140.0	1140.0	1140.0	1140.0	200
2019-03-22	1140.0	1140.0	1140.0	1140.0	
					0
					0
					0
					0
					0
					0
					0
					0
					0
					0
2019-04-09	1240.0	1240.0	1335.0	1335.0	200
2019-04-09	1240.0	1240.0	1335.0	1335.0	
					0
					0
					0
					0
					0
2019-04-18	1205.0	1205.0	1255.0	1225.0	400
2019-04-18	1205.0	1205.0	1255.0	1225.0	
					0
					0
					0
					0
2019-04-26	1225.0	1225.0	1260.0	1260.0	300
2019-04-26	1225.0	1225.0	1260.0	1260.0	
					0
					0
					0
					0
2019-05-06	1225.0	1225.0	1225.0	1225.0	2000
2019-05-07	1230.0	1230.0	1230.0	1230.0	
2019-05-07	1230.0	1230.0	1230.0	1230.0	800
					0
					0
					0
					0
2019-05-14	1225.0	1225.0	1225.0	1225.0	
2019-05-14	1225.0	1225.0	1225.0	1225.0	300
					0
2019-05-16	1215.0	1215.0	1220.0	1220.0	1500
2019-05-17	1245.0	1245.0	1245.0	1245.0	100
2019-05-17	1245.0	1245.0	1245.0	1245.0	
					0
					0
					0
2019-05-23	1280.0	990.0	1290.0	1040.0	9800
2019-05-24	1040.0	995.0	1040.0	995.0	33100
2019-05-27	995.0	995.0	1015.0	1015.0	700
2019-05-27	995.0	995.0	1015.0	1015.0	
					0
2019-05-29	1065.0	1065.0	1065.0	1065.0	
2019-05-29	1065.0	1065.0	1065.0	1065.0	100
					0
2019-06-10	1065.0	1005.0	1065.0	1015.0	1400
2019-06-10	1065.0	1005.0	1065.0	1015.0	
					0
2019-06-12	1015.0	1015.0	1015.0	1015.0	
2019-06-12	1015.0	1015.0	1015.0	1015.0	300
					0
2019-06-14	1015.0	1005.0	1015.0	1005.0	
2019-06-14	1015.0	1005.0	1015.0	1005.0	1500
					0
					0
2019-06-19	1005.0	1005.0	1005.0	1005.0	800
2019-06-20	1005.0	1005.0	1005.0	1005.0	1000
2019-06-21	1005.0	1005.0	1005.0	1005.0	800
2019-06-21	1005.0	1005.0	1005.0	1005.0	
					0
2019-06-25	1005.0	1005.0	1005.0	1005.0	500
2019-06-26	1000.0	1000.0	1000.0	1000.0	1500
2019-06-27	1000.0	985.0	1000.0	985.0	3000
2019-06-28	985.0	985.0	985.0	985.0	200
2019-06-28	985.0	985.0	985.0	985.0	
					0
					0
					0
					0
					0
					0
					0
					0
2019-07-11	985.0	985.0	985.0	985.0	900
2019-07-11	985.0	985.0	985.0	985.0	
					0
					0
					0
2019-07-17	985.0	980.0	985.0	980.0	
2019-07-17	985.0	980.0	985.0	980.0	2700
					0
					0
					0
					0
					0
					0
					0
					0
2019-07-30	1160.0	1120.0	1160.0	1140.0	1900
2019-07-31	1140.0	1010.0	1140.0	1060.0	1400
2019-08-01	1060.0	1015.0	1065.0	1055.0	1100
2019-08-02	1010.0	1010.0	1050.0	1050.0	
2019-08-02	1010.0	1010.0	1050.0	1050.0	1600
					0
2019-08-06	990.0	990.0	1000.0	990.0	11400
2019-08-07	990.0	990.0	990.0	990.0	100
2019-08-08	990.0	985.0	990.0	985.0	300
2019-08-08	990.0	985.0	990.0	985.0	
					0
					0
2019-08-13	980.0	980.0	980.0	980.0	200
2019-08-14	980.0	980.0	980.0	980.0	
2019-08-14	980.0	980.0	980.0	980.0	100
					0
					0
					0
					0
					0
					0
					0
					0
					0
					0
					0
					0
2019-09-02	970.0	970.0	970.0	970.0	100
2019-09-03	950.0	950.0	950.0	950.0	200
2019-09-04	950.0	905.0	950.0	905.0	600
2019-09-04	950.0	905.0	950.0	905.0	
					0
2019-09-06	885.0	885.0	885.0	885.0	1600
2019-09-09	925.0	885.0	925.0	910.0	
2019-09-09	925.0	885.0	925.0	910.0	1400
					0
2019-09-11	885.0	885.0	885.0	885.0	100
2019-09-11	885.0	885.0	885.0	885.0	
					0
					0
					0
2019-09-17	890.0	890.0	890.0	890.0	200
2019-09-17	890.0	890.0	890.0	890.0	
					0
					0
					0
2019-09-23	890.0	825.0	890.0	840.0	400
2019-09-23	890.0	825.0	890.0	840.0	
					0
					0
2019-09-26	815.0	815.0	815.0	815.0	100
2019-09-27	810.0	810.0	810.0	810.0	
2019-09-27	810.0	810.0	810.0	810.0	400
					0
					0
					0
					0
2019-10-04	810.0	810.0	810.0	810.0	2000
2019-10-04	810.0	810.0	810.0	810.0	
					0
					0
					0
					0
2019-10-11	930.0	930.0	945.0	935.0	500
2019-10-14	945.0	935.0	945.0	935.0	200
2019-10-15	950.0	950.0	950.0	950.0	100
2019-10-15	950.0	950.0	950.0	950.0	
					0
					0
					0
					0
2019-10-22	850.0	850.0	850.0	850.0	200
2019-10-22	850.0	850.0	850.0	850.0	
					0
					0
2019-10-25	900.0	900.0	900.0	900.0	100
2019-10-25	900.0	900.0	900.0	900.0	
					0
2019-10-29	900.0	900.0	900.0	900.0	
2019-10-29	900.0	900.0	900.0	900.0	1000
					0
					0
					0
					0
2019-11-05	950.0	950.0	950.0	950.0	100
2019-11-06	950.0	950.0	950.0	950.0	100
2019-11-07	950.0	950.0	950.0	950.0	100
2019-11-07	950.0	950.0	950.0	950.0	
					0
2019-11-11	950.0	895.0	950.0	895.0	1200
2019-11-11	950.0	895.0	950.0	895.0	
					0
					0
					0
					0
					0
					0
					0
					0
					0
					0
					0
					0
					0
					0
					0
					0
					0
					0
					0
					0
					0
					0
					0
					0
2019-12-16	1095.0	1095.0	1095.0	1095.0	
2019-12-16	1095.0	1095.0	1095.0	1095.0	500
					0
					0
2019-12-19	1025.0	1025.0	1025.0	1025.0	
2019-12-19	1025.0	1025.0	1025.0	1025.0	200
					0
					0
					0
					0
					0
					0
					0
					0
					0
					0
2020-01-09	1010.0	1010.0	1010.0	1010.0	100
2020-01-09	1010.0	1010.0	1010.0	1010.0	
					0
					0
					0
					0
					0
					0
					0
					0
					0
					0
					0
					0
					0
					0
2020-01-30	1005.0	1005.0	1005.0	1005.0	100
2020-01-31	1005.0	1005.0	1005.0	1005.0	200
2020-02-03	805.0	805.0	905.0	900.0	500
2020-02-03	805.0	805.0	905.0	900.0	
					0
					0
					0
					0
					0
					0
					0
					0
					0
					0
					0
					0
					0
					0
					0
					0
					0
					0
					0
					0
2020-03-03	690.0	690.0	985.0	950.0	1000
2020-03-03	690.0	690.0	985.0	950.0	
					0
					0
2020-03-06	950.0	950.0	950.0	950.0	200
2020-03-09	1030.0	1030.0	1040.0	1040.0	500
2020-03-10	1025.0	1025.0	1040.0	1040.0	600
2020-03-10	1025.0	1025.0	1040.0	1040.0	
					0
					0
2020-03-13	1000.0	1000.0	1000.0	1000.0	100
2020-03-13	1000.0	1000.0	1000.0	1000.0	
					0
2020-03-17	980.0	980.0	980.0	980.0	
2020-03-17	980.0	980.0	980.0	980.0	100
					0
2020-03-19	920.0	920.0	920.0	920.0	
2020-03-19	920.0	920.0	920.0	920.0	2000
					0
					0
					0
					0
					0
					0
					0
					0
					0
					0
					0
					0
					0
					0
					0
2020-04-14	920.0	920.0	920.0	920.0	600
2020-04-14	920.0	920.0	920.0	920.0	
					0
					0
					0
					0
					0
					0
2020-04-23	920.0	920.0	920.0	920.0	200
2020-04-23	920.0	920.0	920.0	920.0	
					0
					0
					0
					0
					0
					0
					0
					0
					0
					0
					0
					0
					0
					0
2020-05-18	1070.0	1060.0	1070.0	1060.0	
2020-05-18	1070.0	1060.0	1070.0	1060.0	400
					0
					0
2020-05-26	990.0	990.0	990.0	990.0	100
2020-05-26	990.0	990.0	990.0	990.0	
					0
					0
					0
					0
					0
					0
					0
					0
					0
					0
					0
					0
					0
					0
2020-06-17	990.0	990.0	990.0	990.0	200
2020-06-18	990.0	990.0	990.0	990.0	2200
2020-06-19	990.0	990.0	990.0	990.0	3200
2020-06-22	990.0	990.0	995.0	995.0	1800
2020-06-23	995.0	995.0	995.0	995.0	
2020-06-23	995.0	995.0	995.0	995.0	1300
					0
2020-06-25	995.0	995.0	995.0	995.0	
2020-06-25	995.0	995.0	995.0	995.0	2400
					0
					0
					0
					0
					0
2020-07-03	995.0	995.0	995.0	995.0	
2020-07-03	995.0	995.0	995.0	995.0	3000
					0
					0
					0
					0
					0
					0
					0
					0
					0
					0
					0
					0
					0
					0
					0
					0
					0
					0
					0
2020-08-03	995.0	995.0	995.0	995.0	4200
2020-08-04	995.0	995.0	995.0	995.0	4100
2020-08-05	995.0	995.0	995.0	995.0	4700
2020-08-06	995.0	995.0	995.0	995.0	500
2020-08-07	995.0	995.0	995.0	995.0	400
2020-08-10	995.0	995.0	995.0	995.0	
2020-08-10	995.0	995.0	995.0	995.0	1400
					0
2020-08-12	995.0	995.0	995.0	995.0	
2020-08-12	995.0	995.0	995.0	995.0	4100
					0
2020-08-14	995.0	995.0	995.0	995.0	
2020-08-14	995.0	995.0	995.0	995.0	4200
					0
2020-08-19	995.0	995.0	995.0	995.0	4200
2020-08-24	995.0	995.0	995.0	995.0	100
2020-08-25	1015.0	1015.0	1050.0	1040.0	3500
2020-08-26	1030.0	1030.0	1030.0	1030.0	4200
2020-08-27	1030.0	1030.0	1030.0	1030.0	4300
2020-08-28	1020.0	1020.0	1030.0	1030.0	
2020-08-28	1020.0	1020.0	1030.0	1030.0	4300
					0
2020-09-01	1020.0	1020.0	1020.0	1020.0	
2020-09-01	1020.0	1020.0	1020.0	1020.0	3900
					0
2020-09-03	1010.0	1010.0	1020.0	1020.0	1800
2020-09-04	1010.0	1010.0	1010.0	1010.0	4500
2020-09-07	1005.0	1005.0	1005.0	1005.0	2400
2020-09-08	1000.0	1000.0	1005.0	1005.0	4600
2020-09-09	1005.0	1005.0	1005.0	1005.0	4700
2020-09-10	1000.0	1000.0	1000.0	1000.0	4700
2020-09-10	1000.0	1000.0	1000.0	1000.0	
					0
2020-09-14	995.0	995.0	1000.0	1000.0	4800
2020-09-15	995.0	995.0	995.0	995.0	4800
2020-09-15	995.0	995.0	995.0	995.0	
					0
2020-09-17	995.0	995.0	995.0	995.0	4800
2020-09-18	980.0	980.0	985.0	985.0	4900
2020-09-21	985.0	985.0	985.0	985.0	5000
2020-09-22	985.0	985.0	985.0	985.0	
2020-09-22	985.0	985.0	985.0	985.0	4900
					0
2020-09-24	985.0	985.0	985.0	985.0	
2020-09-24	985.0	985.0	985.0	985.0	5200
					0
2020-09-28	985.0	980.0	985.0	985.0	5200
2020-09-29	985.0	985.0	985.0	985.0	5300
2020-09-30	980.0	980.0	985.0	985.0	5400
2020-10-01	980.0	980.0	985.0	985.0	5500
2020-10-02	985.0	985.0	985.0	985.0	5600
2020-10-05	935.0	920.0	935.0	920.0	1600
2020-10-06	935.0	920.0	935.0	920.0	7500
2020-10-07	920.0	920.0	920.0	920.0	5600
2020-10-08	920.0	920.0	920.0	920.0	5700
2020-10-08	920.0	920.0	920.0	920.0	
					0
2020-10-12	920.0	920.0	920.0	920.0	4000
2020-10-13	920.0	920.0	970.0	970.0	
2020-10-13	920.0	920.0	970.0	970.0	4000
					0
					0
					0
2020-10-19	970.0	905.0	970.0	905.0	7200
2020-10-20	920.0	920.0	920.0	920.0	100
2020-10-20	920.0	920.0	920.0	920.0	
					0
					0
2020-10-23	1135.0	1135.0	1135.0	1135.0	100
2020-10-23	1135.0	1135.0	1135.0	1135.0	
					0
2020-10-27	1060.0	1060.0	1060.0	1060.0	16600
2020-11-02	1065.0	995.0	1065.0	995.0	300
2020-11-03	995.0	930.0	995.0	930.0	3600
2020-11-04	935.0	930.0	935.0	930.0	3900
2020-11-05	930.0	930.0	930.0	930.0	7900
2020-11-06	1010.0	910.0	1010.0	910.0	1600
2020-11-09	920.0	920.0	920.0	920.0	1000
2020-11-10	920.0	920.0	920.0	920.0	5600
2020-11-11	920.0	920.0	920.0	920.0	1400
2020-11-12	925.0	925.0	925.0	925.0	7700
2020-11-13	920.0	920.0	930.0	930.0	1100
2020-11-16	920.0	900.0	930.0	930.0	9800
2020-11-17	905.0	905.0	935.0	935.0	300
2020-11-18	905.0	905.0	995.0	995.0	1600
2020-11-19	930.0	930.0	980.0	975.0	9100
2020-11-20	965.0	965.0	965.0	965.0	
2020-11-20	965.0	965.0	965.0	965.0	6000
					0
2020-11-24	900.0	900.0	900.0	900.0	42500
2020-11-25	900.0	900.0	900.0	900.0	2900
2020-11-26	840.0	840.0	885.0	885.0	12600
2020-11-27	955.0	955.0	960.0	960.0	200
2020-11-30	925.0	895.0	925.0	895.0	7600
2020-12-01	890.0	890.0	915.0	915.0	
2020-12-01	890.0	890.0	915.0	915.0	5200
					0
2020-12-03	910.0	910.0	910.0	910.0	100
2020-12-03	910.0	910.0	910.0	910.0	
					0
2020-12-07	865.0	850.0	875.0	870.0	43300
2020-12-08	870.0	870.0	885.0	875.0	9300
2020-12-10	850.0	850.0	855.0	850.0	700
2020-12-11	850.0	850.0	850.0	850.0	800
2020-12-14	850.0	850.0	850.0	850.0	1400
2020-12-15	850.0	850.0	850.0	850.0	100
2020-12-16	850.0	850.0	850.0	850.0	500
2020-12-17	845.0	845.0	845.0	845.0	400
2020-12-18	845.0	840.0	845.0	840.0	1900
2020-12-21	830.0	830.0	850.0	850.0	400
2020-12-22	850.0	850.0	850.0	850.0	200
2020-12-23	860.0	840.0	860.0	845.0	7900
2020-12-28	845.0	845.0	860.0	860.0	9100
2020-12-29	855.0	855.0	855.0	855.0	8700
2020-12-30	850.0	850.0	850.0	850.0	8900
2020-12-30	850.0	850.0	850.0	850.0	
					0
2021-01-05	840.0	840.0	960.0	950.0	
2021-01-05	840.0	840.0	960.0	950.0	5700
					0
2021-01-07	940.0	885.0	940.0	890.0	8700
2021-01-08	935.0	840.0	935.0	885.0	1100
2021-01-11	835.0	835.0	875.0	870.0	8600
2021-01-12	860.0	860.0	860.0	860.0	8500
2021-01-13	830.0	830.0	860.0	855.0	8800
2021-01-14	855.0	830.0	855.0	830.0	11200
2021-01-15	830.0	825.0	835.0	825.0	9900
2021-01-18	830.0	830.0	845.0	845.0	10100
2021-01-19	845.0	845.0	845.0	845.0	9200
2021-01-20	845.0	845.0	845.0	845.0	9200
2021-01-21	845.0	845.0	845.0	845.0	9200
2021-01-22	850.0	850.0	850.0	850.0	9200
2021-01-25	850.0	850.0	850.0	850.0	6000
2021-01-26	850.0	850.0	850.0	850.0	6000
2021-01-27	850.0	850.0	850.0	850.0	9200
2021-01-28	845.0	845.0	850.0	850.0	9300
2021-01-29	850.0	850.0	850.0	850.0	9300
2021-02-01	850.0	850.0	850.0	850.0	9300
2021-02-02	850.0	820.0	850.0	825.0	14900
2021-02-03	835.0	835.0	835.0	835.0	9300
2021-02-04	835.0	835.0	835.0	835.0	9300
2021-02-05	835.0	835.0	835.0	835.0	9300
2021-02-08	835.0	825.0	835.0	825.0	9400
2021-02-09	830.0	830.0	860.0	860.0	9500
2021-02-10	910.0	860.0	910.0	860.0	9500
2021-02-11	860.0	860.0	860.0	860.0	9500
2021-02-15	860.0	860.0	900.0	860.0	9800
2021-02-16	860.0	830.0	885.0	830.0	12500
2021-02-17	830.0	830.0	830.0	830.0	9500
2021-02-18	835.0	835.0	835.0	835.0	9600
2021-02-19	835.0	830.0	835.0	830.0	9100
2021-02-22	830.0	820.0	830.0	820.0	11200
2021-02-23	820.0	810.0	820.0	820.0	15500
2021-02-24	820.0	820.0	820.0	820.0	9700
2021-02-25	875.0	830.0	895.0	835.0	10100
2021-02-26	835.0	835.0	835.0	835.0	9700
2021-03-01	835.0	835.0	835.0	835.0	9700
2021-03-02	835.0	835.0	865.0	865.0	10200
2021-03-03	855.0	855.0	875.0	865.0	10000
2021-03-04	860.0	850.0	865.0	850.0	15200
2021-03-05	850.0	850.0	860.0	860.0	14900
2021-03-08	860.0	860.0	860.0	860.0	7900
2021-03-09	865.0	860.0	870.0	860.0	9000
2021-03-10	860.0	855.0	860.0	855.0	20000
2021-03-12	855.0	855.0	855.0	855.0	9600
2021-03-15	825.0	825.0	855.0	855.0	2200
2021-03-16	850.0	825.0	850.0	825.0	10800
2021-03-17	825.0	825.0	830.0	830.0	12400
2021-03-18	830.0	830.0	830.0	830.0	10000
2021-03-19	830.0	830.0	830.0	830.0	10000
2021-03-22	830.0	830.0	830.0	830.0	10000
2021-03-23	830.0	820.0	830.0	820.0	13000
2021-03-24	820.0	820.0	830.0	830.0	10100
2021-03-25	830.0	830.0	830.0	830.0	300
2021-03-25	830.0	830.0	830.0	830.0	
					0
					0
					0
					0
					0
2021-04-05	830.0	830.0	830.0	830.0	10000
2021-04-06	830.0	830.0	830.0	830.0	6300
2021-04-07	830.0	800.0	830.0	800.0	10500
2021-04-08	815.0	815.0	815.0	815.0	6700
2021-04-09	815.0	815.0	815.0	815.0	6700
2021-04-12	820.0	815.0	820.0	815.0	6400
2021-04-13	815.0	815.0	890.0	860.0	9900
2021-04-14	810.0	810.0	885.0	825.0	10200
2021-04-15	875.0	815.0	875.0	830.0	900
2021-04-16	880.0	825.0	885.0	825.0	1600
2021-04-19	825.0	825.0	825.0	825.0	100
2021-04-20	815.0	815.0	815.0	815.0	
2021-04-20	815.0	815.0	815.0	815.0	200
					0
					0
					0
					0
					0
					0
					0
					0
2021-05-03	830.0	830.0	880.0	865.0	500
2021-05-04	845.0	805.0	845.0	805.0	600
2021-05-05	820.0	820.0	820.0	820.0	500
2021-05-05	820.0	820.0	820.0	820.0	
					0
					0
					0
2021-05-11	815.0	815.0	815.0	815.0	800
2021-05-11	815.0	815.0	815.0	815.0	
					0
2021-05-18	805.0	805.0	805.0	805.0	100
2021-05-19	815.0	815.0	815.0	815.0	500
2021-05-20	810.0	810.0	810.0	810.0	100
2021-05-21	810.0	810.0	815.0	815.0	200
2021-05-24	865.0	835.0	865.0	835.0	200
2021-05-25	805.0	805.0	805.0	805.0	100
2021-05-25	805.0	805.0	805.0	805.0	
					0
					0
2021-05-31	845.0	845.0	845.0	845.0	600
2021-06-02	810.0	810.0	840.0	840.0	700
2021-06-03	840.0	830.0	840.0	835.0	1000
2021-06-04	830.0	830.0	840.0	840.0	700
2021-06-07	835.0	835.0	835.0	835.0	600
2021-06-08	805.0	805.0	805.0	805.0	
2021-06-08	805.0	805.0	805.0	805.0	100
					0
					0
					0
					0
2021-06-15	810.0	810.0	810.0	810.0	100
2021-06-15	810.0	810.0	810.0	810.0	
					0
2021-06-17	810.0	785.0	810.0	785.0	200
2021-06-18	785.0	785.0	785.0	785.0	
2021-06-18	785.0	785.0	785.0	785.0	1000
					0
					0
2021-06-23	785.0	785.0	785.0	785.0	1100
2021-06-23	785.0	785.0	785.0	785.0	
					0
2021-06-25	785.0	785.0	785.0	785.0	100
2021-06-28	790.0	790.0	790.0	790.0	
2021-06-28	790.0	790.0	790.0	790.0	100
					0
					0
2021-07-01	890.0	805.0	890.0	805.0	
2021-07-01	890.0	805.0	890.0	805.0	300
					0
2021-07-05	860.0	860.0	870.0	860.0	600
2021-07-06	870.0	805.0	870.0	855.0	
2021-07-06	870.0	805.0	870.0	855.0	4600
					0
2021-07-08	850.0	850.0	850.0	850.0	100
2021-07-08	850.0	850.0	850.0	850.0	
					0
2021-07-12	840.0	840.0	840.0	840.0	100
2021-07-13	835.0	835.0	835.0	835.0	700
2021-07-13	835.0	835.0	835.0	835.0	
					0
					0
2021-07-16	805.0	805.0	805.0	805.0	3500
2021-07-16	805.0	805.0	805.0	805.0	
					0
2021-07-21	805.0	805.0	805.0	805.0	100
2021-07-21	805.0	805.0	805.0	805.0	
					0
2021-07-23	805.0	805.0	805.0	805.0	
2021-07-23	805.0	805.0	805.0	805.0	300
					0
2021-07-27	855.0	800.0	855.0	800.0	10100
2021-07-28	800.0	800.0	800.0	800.0	1200
2021-07-29	855.0	855.0	855.0	855.0	1000
2021-07-29	855.0	855.0	855.0	855.0	
					0
					0
					0
2021-08-04	855.0	855.0	880.0	880.0	5000
2021-08-05	850.0	825.0	850.0	825.0	
2021-08-05	850.0	825.0	850.0	825.0	2600
					0
					0
					0
					0
					0
					0
					0
2021-08-19	805.0	800.0	805.0	800.0	10600
2021-08-20	800.0	800.0	800.0	800.0	100
2021-08-23	800.0	800.0	800.0	800.0	2700
2021-08-24	780.0	745.0	800.0	800.0	16200
2021-08-25	800.0	755.0	800.0	760.0	1600
2021-08-26	765.0	765.0	765.0	765.0	
2021-08-26	765.0	765.0	765.0	765.0	300
					0
					0
					0
					0
2021-09-02	765.0	760.0	765.0	760.0	
2021-09-02	765.0	760.0	765.0	760.0	1000
					0
					0
					0
					0
					0
					0
					0
					0
2021-09-15	765.0	765.0	765.0	765.0	100
2021-09-16	770.0	770.0	770.0	770.0	
2021-09-16	770.0	770.0	770.0	770.0	200
					0
2021-09-20	770.0	770.0	770.0	770.0	1300
2021-09-20	770.0	770.0	770.0	770.0	
					0
					0
2021-09-23	795.0	795.0	795.0	795.0	1100
2021-09-24	795.0	790.0	795.0	790.0	300
2021-09-24	795.0	790.0	795.0	790.0	
					0
2021-09-28	790.0	790.0	790.0	790.0	100
2021-09-29	790.0	790.0	790.0	790.0	
2021-09-29	790.0	790.0	790.0	790.0	900
					0
					0
					0
2021-10-05	790.0	780.0	890.0	820.0	1400
2021-10-06	810.0	785.0	825.0	785.0	2200
2021-10-07	770.0	770.0	770.0	770.0	100
2021-10-08	790.0	790.0	790.0	790.0	100
2021-10-11	790.0	790.0	790.0	790.0	200
2021-10-12	785.0	775.0	785.0	775.0	800
2021-10-13	775.0	775.0	775.0	775.0	100
2021-10-14	775.0	775.0	775.0	775.0	300
2021-10-14	775.0	775.0	775.0	775.0	
					0
					0
2021-10-19	790.0	790.0	790.0	790.0	
2021-10-19	790.0	790.0	790.0	790.0	600
					0
					0
2021-10-25	790.0	790.0	790.0	790.0	100
2021-10-26	775.0	775.0	775.0	775.0	100
2021-10-27	775.0	775.0	775.0	775.0	
2021-10-27	775.0	775.0	775.0	775.0	500
					0
2021-10-29	775.0	775.0	775.0	775.0	
2021-10-29	775.0	775.0	775.0	775.0	100
					0
					0
2021-11-03	795.0	795.0	795.0	795.0	900
2021-11-04	795.0	795.0	795.0	795.0	100
2021-11-05	800.0	800.0	800.0	800.0	200
2021-11-08	800.0	800.0	800.0	800.0	
2021-11-08	800.0	800.0	800.0	800.0	500
					0
					0
					0
2021-11-12	795.0	795.0	800.0	800.0	200
2021-11-15	750.0	750.0	795.0	795.0	
2021-11-15	750.0	750.0	795.0	795.0	600
					0
					0
2021-11-18	790.0	790.0	790.0	790.0	1000
2021-11-19	800.0	785.0	800.0	795.0	1000
2021-11-22	800.0	800.0	800.0	800.0	100
2021-11-23	800.0	760.0	800.0	795.0	14000
2021-11-24	800.0	800.0	800.0	800.0	
2021-11-24	800.0	800.0	800.0	800.0	800
					0
2021-11-26	800.0	800.0	800.0	800.0	
2021-11-26	800.0	800.0	800.0	800.0	7600
					0
					0
					0
					0
					0
2021-12-06	800.0	800.0	800.0	800.0	100
2021-12-07	845.0	845.0	845.0	845.0	500
2021-12-08	795.0	790.0	825.0	825.0	20500
2021-12-09	820.0	770.0	820.0	780.0	300
2021-12-10	780.0	780.0	780.0	780.0	200
2021-12-10	780.0	780.0	780.0	780.0	
					0
					0
					0
2021-12-16	755.0	755.0	755.0	755.0	
2021-12-16	755.0	755.0	755.0	755.0	100
					0
					0
					0
					0
					0
					0
					0
2021-12-28	755.0	755.0	755.0	755.0	
2021-12-28	755.0	755.0	755.0	755.0	600
					0
					0
2022-01-03	755.0	755.0	755.0	755.0	
2022-01-03	755.0	755.0	755.0	755.0	200
					0
					0
					0
					0
					0
2022-01-11	765.0	765.0	765.0	765.0	
2022-01-11	765.0	765.0	765.0	765.0	600
					0
2022-01-13	815.0	815.0	815.0	815.0	
2022-01-13	815.0	815.0	815.0	815.0	100
					0
					0
					0
2022-01-19	815.0	815.0	815.0	815.0	
2022-01-19	815.0	815.0	815.0	815.0	200
					0
					0
					0
					0
					0
					0
					0
					0
2022-02-02	815.0	815.0	815.0	815.0	100
2022-02-02	815.0	815.0	815.0	815.0	
					0
					0
					0
					0
2022-02-09	760.0	760.0	760.0	760.0	100
2022-02-10	765.0	765.0	765.0	765.0	100
2022-02-10	765.0	765.0	765.0	765.0	
					0
					0
2022-02-15	810.0	810.0	810.0	810.0	400
2022-02-16	815.0	815.0	815.0	815.0	2000
2022-02-16	815.0	815.0	815.0	815.0	
					0
2022-02-18	765.0	765.0	765.0	765.0	200
2022-02-21	770.0	770.0	770.0	770.0	2000
2022-02-22	800.0	800.0	800.0	800.0	5000
2022-02-22	800.0	800.0	800.0	800.0	
					0
2022-02-24	810.0	810.0	810.0	810.0	100
2022-02-25	815.0	755.0	815.0	760.0	
2022-02-25	815.0	755.0	815.0	760.0	800
					0
					0
					0
					0
					0
					0
					0
					0
					0
					0
					0
					0
2022-03-18	825.0	770.0	825.0	795.0	3700
2022-03-21	795.0	795.0	795.0	795.0	100
2022-03-22	780.0	780.0	780.0	780.0	
2022-03-22	780.0	780.0	780.0	780.0	800
					0
2022-03-24	820.0	785.0	820.0	785.0	200
2022-03-25	820.0	765.0	820.0	765.0	
2022-03-25	820.0	765.0	820.0	765.0	1600
					0
2022-03-29	770.0	770.0	770.0	770.0	
2022-03-29	770.0	770.0	770.0	770.0	100
					0
					0
					0
					0
					0
					0
					0
					0
2022-04-11	735.0	735.0	735.0	735.0	
2022-04-11	735.0	735.0	735.0	735.0	100
					0
2022-04-13	740.0	740.0	740.0	740.0	
2022-04-13	740.0	740.0	740.0	740.0	100
					0
					0
					0
					0
					0
					0
					0
					0
					0
					0
2022-05-09	810.0	810.0	810.0	810.0	100
2022-05-10	810.0	810.0	810.0	810.0	5000
2022-05-11	810.0	810.0	810.0	810.0	500
2022-05-11	810.0	810.0	810.0	810.0	
					0
2022-05-13	760.0	760.0	760.0	760.0	300
2022-05-17	755.0	755.0	755.0	755.0	1000
2022-05-18	760.0	760.0	760.0	760.0	
2022-05-18	760.0	760.0	760.0	760.0	100
					0
					0
2022-05-23	760.0	760.0	760.0	760.0	2500
2022-05-24	710.0	710.0	745.0	745.0	700
2022-05-25	760.0	760.0	760.0	760.0	200
2022-05-25	760.0	760.0	760.0	760.0	
					0
					0
2022-05-31	765.0	765.0	765.0	765.0	100
2022-05-31	765.0	765.0	765.0	765.0	
					0
2022-06-03	775.0	775.0	775.0	775.0	400
2022-06-06	815.0	815.0	815.0	815.0	200
2022-06-06	815.0	815.0	815.0	815.0	
					0
					0
2022-06-09	775.0	775.0	775.0	775.0	100
2022-06-10	815.0	775.0	850.0	775.0	
2022-06-10	815.0	775.0	850.0	775.0	1800
					0
					0
					0
					0
					0
					0
					0
					0
2022-06-23	760.0	760.0	760.0	760.0	100
2022-06-24	805.0	805.0	805.0	805.0	600
2022-06-24	805.0	805.0	805.0	805.0	
					0
					0
2022-06-29	810.0	810.0	810.0	810.0	200
2022-06-30	815.0	815.0	845.0	845.0	1100
2022-07-01	835.0	820.0	835.0	830.0	400
2022-07-04	855.0	800.0	855.0	810.0	600
2022-07-05	810.0	810.0	810.0	810.0	100
2022-07-06	840.0	840.0	840.0	840.0	100
2022-07-07	835.0	835.0	835.0	835.0	2600
2022-07-08	835.0	835.0	835.0	835.0	800
2022-07-11	835.0	835.0	835.0	835.0	
2022-07-11	835.0	835.0	835.0	835.0	100
					0
					0
					0
2022-07-15	835.0	800.0	835.0	800.0	1700
2022-07-18	815.0	815.0	815.0	815.0	200
2022-07-19	765.0	765.0	795.0	795.0	200
2022-07-19	765.0	765.0	795.0	795.0	
					0
					0
2022-07-22	830.0	830.0	830.0	830.0	
2022-07-22	830.0	830.0	830.0	830.0	100
					0
2022-07-26	785.0	785.0	785.0	785.0	100
2022-07-26	785.0	785.0	785.0	785.0	
					0
					0
2022-07-29	845.0	845.0	845.0	845.0	
2022-07-29	845.0	845.0	845.0	845.0	100
					0
					0
2022-08-03	790.0	790.0	790.0	790.0	
2022-08-03	790.0	790.0	790.0	790.0	2300
					0
					0
					0
					0
					0
					0
					0
2022-08-15	805.0	805.0	805.0	805.0	
2022-08-15	805.0	805.0	805.0	805.0	100
					0
					0
					0
					0
2022-08-23	805.0	805.0	805.0	805.0	100
2022-08-23	805.0	805.0	805.0	805.0	
					0
					0
2022-08-26	845.0	845.0	845.0	845.0	200
2022-08-29	840.0	840.0	840.0	840.0	100
2022-08-30	830.0	830.0	830.0	830.0	
2022-08-30	830.0	830.0	830.0	830.0	100
					0
2022-09-01	845.0	845.0	845.0	845.0	100
2022-09-02	840.0	840.0	840.0	840.0	
2022-09-02	840.0	840.0	840.0	840.0	100
					0
2022-09-06	865.0	865.0	865.0	865.0	200
2022-09-07	885.0	860.0	885.0	860.0	2100
2022-09-07	885.0	860.0	885.0	860.0	
					0
2022-09-09	860.0	860.0	865.0	865.0	500
2022-09-12	840.0	840.0	840.0	840.0	1600
2022-09-13	865.0	855.0	865.0	855.0	200
2022-09-14	865.0	865.0	865.0	865.0	200
2022-09-15	865.0	865.0	865.0	865.0	100
2022-09-16	860.0	860.0	860.0	860.0	100
2022-09-19	865.0	865.0	865.0	865.0	100
2022-09-19	865.0	865.0	865.0	865.0	
					0
2022-09-21	860.0	860.0	860.0	860.0	100
2022-09-21	860.0	860.0	860.0	860.0	
					0
					0
2022-09-26	835.0	835.0	835.0	835.0	100
2022-09-27	790.0	790.0	860.0	860.0	800
2022-09-28	850.0	850.0	850.0	850.0	100
2022-09-29	850.0	850.0	850.0	850.0	100
2022-09-30	845.0	845.0	845.0	845.0	100
2022-09-30	845.0	845.0	845.0	845.0	
					0
					0
					0
					0
2022-10-07	840.0	840.0	840.0	840.0	600
2022-10-10	840.0	840.0	840.0	840.0	100
2022-10-10	840.0	840.0	840.0	840.0	
					0
					0
					0
					0
					0
					0
2022-10-19	850.0	850.0	850.0	850.0	100
2022-10-20	825.0	825.0	825.0	825.0	
2022-10-20	825.0	825.0	825.0	825.0	200
					0
					0
					0
					0
					0
					0
					0
2022-11-01	850.0	850.0	850.0	850.0	
2022-11-01	850.0	850.0	850.0	850.0	100
					0
					0
2022-11-04	850.0	850.0	850.0	850.0	100
2022-11-07	850.0	850.0	850.0	850.0	100
2022-11-07	850.0	850.0	850.0	850.0	
					0
					0
					0
					0
					0
2022-11-15	820.0	820.0	820.0	820.0	100
2022-11-15	820.0	820.0	820.0	820.0	
					0
					0
					0
					0
2022-11-22	785.0	785.0	785.0	785.0	200
2022-11-22	785.0	785.0	785.0	785.0	
					0
					0
					0
					0
					0
					0
					0
					0
2022-12-05	830.0	830.0	830.0	830.0	100
2022-12-06	835.0	830.0	835.0	830.0	200
2022-12-07	865.0	840.0	870.0	850.0	2400
2022-12-08	850.0	850.0	850.0	850.0	
2022-12-08	850.0	850.0	850.0	850.0	100
					0
2022-12-12	845.0	845.0	845.0	845.0	300
2022-12-12	845.0	845.0	845.0	845.0	
					0
2022-12-14	845.0	845.0	845.0	845.0	100
2022-12-15	845.0	845.0	845.0	845.0	400
2022-12-15	845.0	845.0	845.0	845.0	
					0
					0
					0
2022-12-21	840.0	840.0	840.0	840.0	100
2022-12-21	840.0	840.0	840.0	840.0	
					0
					0
					0
					0
					0
					0
					0
