Date	Price Open	Price Low	Price High	Price Close	Volume
1999-12-29	375.0	375.0	375.0	375.0	
					0
2000-01-05	387.5	375.0	387.5	375.0	47000
2000-01-06	387.5	375.0	387.5	375.0	51000
2000-01-11	400.0	400.0	550.0	525.0	1127000
2000-01-12	550.0	462.5	600.0	475.0	1448000
2000-01-13	512.5	462.5	512.5	462.5	297000
2000-01-13	512.5	462.5	512.5	462.5	
					0
2000-01-17	487.5	437.5	487.5	475.0	118000
2000-01-18	462.5	462.5	462.5	462.5	20000
2000-01-18	462.5	462.5	462.5	462.5	
					0
					0
					0
					0
2000-01-25	462.5	387.5	462.5	387.5	25000
2000-01-26	375.0	375.0	375.0	375.0	27000
2000-01-27	375.0	375.0	375.0	375.0	
2000-01-27	375.0	375.0	375.0	375.0	10000
					0
					0
2000-02-01	400.0	375.0	400.0	375.0	
2000-02-01	400.0	375.0	400.0	375.0	20000
					0
2000-02-03	400.0	400.0	400.0	400.0	10000
2000-02-04	412.5	412.5	425.0	425.0	22000
2000-02-04	412.5	412.5	425.0	425.0	
					0
					0
					0
					0
					0
					0
					0
					0
					0
					0
					0
					0
					0
					0
					0
2000-02-28	362.5	362.5	362.5	362.5	10000
2000-03-01	362.5	362.5	362.5	362.5	
2000-03-01	362.5	362.5	362.5	362.5	12000
					0
					0
					0
2000-03-07	412.5	412.5	412.5	412.5	2000
2000-03-08	425.0	387.5	437.5	400.0	101000
2000-03-09	400.0	400.0	400.0	400.0	10000
2000-03-10	400.0	400.0	400.0	400.0	40000
2000-03-10	400.0	400.0	400.0	400.0	
					0
					0
					0
2000-03-17	375.0	375.0	375.0	375.0	
2000-03-17	375.0	375.0	375.0	375.0	63000
					0
					0
					0
					0
					0
					0
					0
					0
					0
					0
					0
					0
					0
					0
					0
					0
					0
					0
					0
2000-04-19	350.0	350.0	350.0	350.0	
2000-04-19	350.0	350.0	350.0	350.0	20000
					0
					0
					0
					0
2000-04-27	300.0	300.0	350.0	300.0	
2000-04-27	300.0	300.0	350.0	300.0	21000
					0
2000-05-01	312.5	312.5	325.0	325.0	12000
2000-05-02	300.0	300.0	312.5	312.5	
2000-05-02	300.0	300.0	312.5	312.5	30000
					0
2000-05-04	300.0	300.0	300.0	300.0	18000
2000-05-05	312.5	312.5	312.5	312.5	10000
2000-05-05	312.5	312.5	312.5	312.5	
					0
					0
2000-05-10	337.5	337.5	362.5	350.0	98000
2000-05-11	275.0	275.0	275.0	275.0	2000
2000-05-12	300.0	300.0	312.5	300.0	14000
2000-05-12	300.0	300.0	312.5	300.0	
					0
					0
					0
					0
					0
					0
					0
					0
					0
					0
					0
					0
					0
					0
					0
					0
					0
					0
					0
					0
					0
					0
					0
2000-06-20	337.5	337.5	337.5	337.5	8000
2000-06-21	312.5	312.5	312.5	312.5	15000
2000-06-22	325.0	325.0	337.5	337.5	40000
2000-06-23	312.5	312.5	312.5	312.5	1000
2000-06-26	325.0	325.0	325.0	325.0	32000
2000-06-27	275.0	275.0	275.0	275.0	
2000-06-27	275.0	275.0	275.0	275.0	22000
					0
2000-06-29	275.0	250.0	275.0	250.0	
2000-06-29	275.0	250.0	275.0	250.0	22000
					0
					0
					0
					0
					0
					0
					0
					0
					0
					0
					0
					0
					0
2000-07-19	250.0	250.0	250.0	250.0	5000
2000-07-19	250.0	250.0	250.0	250.0	
					0
					0
2000-07-24	280.0	280.0	280.0	280.0	
2000-07-24	280.0	280.0	280.0	280.0	20000
					0
					0
					0
					0
					0
					0
					0
					0
					0
					0
					0
					0
					0
					0
					0
					0
					0
					0
					0
2000-08-22	250.0	250.0	250.0	250.0	
2000-08-22	250.0	250.0	250.0	250.0	4000
					0
					0
					0
					0
					0
					0
					0
					0
					0
					0
					0
					0
					0
2000-09-11	200.0	200.0	202.5	202.5	
2000-09-11	200.0	200.0	202.5	202.5	38000
					0
					0
					0
					0
2000-09-18	177.5	175.0	177.5	175.0	12000
2000-09-18	177.5	175.0	177.5	175.0	
					0
					0
2000-09-21	177.5	177.5	177.5	177.5	8000
2000-09-21	177.5	177.5	177.5	177.5	
					0
					0
					0
					0
					0
					0
2000-10-02	200.0	200.0	202.5	202.5	
2000-10-02	200.0	200.0	202.5	202.5	14000
					0
					0
2000-10-05	202.5	202.5	205.0	205.0	
2000-10-05	202.5	202.5	205.0	205.0	33000
					0
					0
					0
					0
					0
					0
					0
					0
2000-10-18	200.0	187.5	200.0	187.5	25000
2000-10-18	200.0	187.5	200.0	187.5	
					0
					0
					0
					0
					0
					0
					0
					0
					0
					0
					0
					0
					0
					0
					0
					0
					0
					0
					0
					0
					0
					0
					0
					0
					0
					0
					0
					0
					0
					0
2000-12-01	152.5	152.5	162.5	162.5	13000
2000-12-01	152.5	152.5	162.5	162.5	
					0
					0
					0
					0
					0
					0
					0
					0
					0
					0
					0
					0
					0
					0
2000-12-22	200.0	200.0	250.0	250.0	40000
2000-12-22	200.0	200.0	250.0	250.0	
					0
					0
					0
2001-01-05	212.5	212.5	212.5	212.5	
2001-01-05	212.5	212.5	212.5	212.5	1000
					0
					0
					0
					0
					0
					0
					0
					0
					0
					0
					0
					0
					0
					0
					0
					0
					0
2001-01-31	187.5	187.5	187.5	187.5	
2001-01-31	187.5	187.5	187.5	187.5	1000
					0
					0
					0
					0
					0
					0
					0
					0
					0
					0
					0
					0
					0
					0
					0
					0
					0
					0
					0
					0
					0
					0
					0
					0
					0
					0
					0
					0
					0
					0
					0
					0
					0
					0
					0
					0
					0
					0
					0
					0
					0
					0
					0
					0
					0
					0
					0
					0
					0
					0
					0
					0
					0
					0
					0
					0
					0
					0
					0
					0
					0
					0
2001-05-03	175.0	175.0	175.0	175.0	1000
2001-05-03	175.0	175.0	175.0	175.0	
					0
					0
					0
					0
					0
					0
					0
					0
					0
					0
					0
					0
					0
					0
					0
					0
					0
					0
					0
					0
					0
					0
					0
					0
					0
					0
					0
					0
					0
					0
					0
					0
					0
					0
					0
					0
					0
					0
					0
					0
					0
					0
					0
					0
					0
					0
					0
					0
					0
					0
					0
					0
					0
					0
					0
					0
					0
					0
					0
					0
					0
					0
					0
					0
					0
					0
					0
					0
					0
					0
					0
					0
					0
					0
					0
					0
					0
					0
					0
					0
					0
					0
					0
					0
					0
					0
					0
					0
					0
					0
					0
					0
					0
					0
					0
					0
					0
					0
					0
					0
					0
					0
					0
					0
					0
					0
					0
					0
					0
					0
					0
					0
					0
					0
					0
					0
					0
					0
					0
					0
					0
					0
					0
					0
					0
					0
					0
					0
					0
					0
					0
					0
					0
					0
					0
					0
					0
					0
					0
					0
					0
					0
					0
					0
2001-11-29	175.0	175.0	175.0	175.0	
2001-11-29	175.0	175.0	175.0	175.0	10000
					0
					0
					0
					0
					0
					0
					0
					0
					0
					0
					0
					0
					0
					0
2001-12-27	145.0	145.0	145.0	145.0	1000
2001-12-27	145.0	145.0	145.0	145.0	
					0
					0
					0
					0
					0
					0
					0
					0
					0
					0
					0
2002-01-16	150.0	150.0	150.0	150.0	
2002-01-16	150.0	150.0	150.0	150.0	22000
					0
					0
					0
					0
					0
					0
					0
					0
2002-01-29	97.5	97.5	97.5	97.5	1000
2002-01-30	100.0	100.0	100.0	100.0	1000
2002-01-31	102.5	102.5	135.0	132.5	
2002-01-31	102.5	102.5	135.0	132.5	12000
					0
					0
					0
					0
2002-02-07	107.5	107.5	107.5	107.5	20000
2002-02-08	102.5	102.5	102.5	102.5	
2002-02-08	102.5	102.5	102.5	102.5	10000
					0
2002-02-13	102.5	102.5	102.5	102.5	
2002-02-13	102.5	102.5	102.5	102.5	1000
					0
					0
					0
					0
					0
					0
					0
2002-02-26	100.0	100.0	100.0	100.0	
2002-02-26	100.0	100.0	100.0	100.0	13000
					0
					0
2002-03-01	87.5	87.5	87.5	87.5	2000
2002-03-01	87.5	87.5	87.5	87.5	
					0
					0
2002-03-06	95.0	95.0	95.0	95.0	
2002-03-06	95.0	95.0	95.0	95.0	85000
					0
					0
					0
2002-03-12	112.5	112.5	112.5	112.5	1000
2002-03-12	112.5	112.5	112.5	112.5	
					0
2002-03-14	100.0	100.0	132.5	132.5	4000
2002-03-14	100.0	100.0	132.5	132.5	
					0
					0
					0
					0
					0
					0
					0
					0
					0
					0
					0
					0
					0
					0
					0
2002-04-09	132.5	132.5	132.5	132.5	9000
2002-04-09	132.5	132.5	132.5	132.5	
					0
2002-04-11	132.5	132.5	132.5	132.5	
2002-04-11	132.5	132.5	132.5	132.5	110000
					0
					0
					0
					0
					0
2002-04-19	130.0	130.0	130.0	130.0	15000
2002-04-19	130.0	130.0	130.0	130.0	
					0
					0
2002-04-24	130.0	130.0	130.0	130.0	30000
2002-04-24	130.0	130.0	130.0	130.0	
					0
					0
2002-04-29	130.0	130.0	130.0	130.0	2000
2002-04-29	130.0	130.0	130.0	130.0	
					0
2002-05-01	130.0	130.0	130.0	130.0	2000
2002-05-02	130.0	130.0	130.0	130.0	
2002-05-02	130.0	130.0	130.0	130.0	11000
					0
					0
					0
					0
					0
2002-05-13	130.0	130.0	130.0	130.0	25000
2002-05-14	130.0	130.0	130.0	130.0	25000
2002-05-15	130.0	130.0	130.0	130.0	18000
2002-05-15	130.0	130.0	130.0	130.0	
					0
					0
2002-05-20	155.0	155.0	155.0	155.0	1000
2002-05-20	155.0	155.0	155.0	155.0	
					0
2002-05-22	130.0	130.0	130.0	130.0	
2002-05-22	130.0	130.0	130.0	130.0	19000
					0
					0
					0
					0
					0
					0
					0
2002-06-03	155.0	155.0	155.0	155.0	1000
2002-06-03	155.0	155.0	155.0	155.0	
					0
					0
					0
					0
					0
					0
					0
					0
					0
					0
					0
					0
					0
					0
2002-06-24	135.0	135.0	135.0	135.0	18000
2002-06-24	135.0	135.0	135.0	135.0	
					0
2002-06-26	135.0	135.0	135.0	135.0	1000
2002-06-26	135.0	135.0	135.0	135.0	
					0
					0
2002-07-01	135.0	132.5	135.0	132.5	27000
2002-07-02	135.0	135.0	135.0	135.0	19000
2002-07-02	135.0	135.0	135.0	135.0	
					0
					0
2002-07-05	135.0	135.0	135.0	135.0	3000
2002-07-05	135.0	135.0	135.0	135.0	
					0
2002-07-09	135.0	132.5	135.0	132.5	30000
2002-07-09	135.0	132.5	135.0	132.5	
					0
2002-07-11	135.0	135.0	135.0	135.0	20000
2002-07-11	135.0	135.0	135.0	135.0	
					0
					0
					0
					0
2002-07-18	135.0	135.0	135.0	135.0	25000
2002-07-19	135.0	135.0	135.0	135.0	1000
2002-07-19	135.0	135.0	135.0	135.0	
					0
2002-07-23	135.0	135.0	135.0	135.0	10000
2002-07-24	135.0	130.0	135.0	130.0	55000
2002-07-25	135.0	130.0	135.0	130.0	135000
2002-07-26	135.0	130.0	135.0	130.0	60000
2002-07-29	135.0	130.0	135.0	130.0	45000
2002-07-30	135.0	130.0	135.0	130.0	45000
2002-07-31	135.0	135.0	135.0	135.0	
2002-07-31	135.0	135.0	135.0	135.0	15000
					0
2002-08-02	135.0	135.0	135.0	135.0	10000
2002-08-02	135.0	135.0	135.0	135.0	
					0
2002-08-06	135.0	135.0	135.0	135.0	20000
2002-08-07	135.0	135.0	135.0	135.0	15000
2002-08-07	135.0	135.0	135.0	135.0	
					0
2002-08-09	135.0	135.0	135.0	135.0	20000
2002-08-12	135.0	135.0	135.0	135.0	20000
2002-08-12	135.0	135.0	135.0	135.0	
					0
					0
2002-08-15	135.0	135.0	135.0	135.0	20000
2002-08-16	135.0	135.0	135.0	135.0	25000
2002-08-19	135.0	135.0	135.0	135.0	8000
2002-08-19	135.0	135.0	135.0	135.0	
					0
2002-08-21	135.0	135.0	135.0	135.0	5000
2002-08-22	135.0	135.0	135.0	135.0	5000
2002-08-22	135.0	135.0	135.0	135.0	
					0
2002-08-26	135.0	135.0	135.0	135.0	10000
2002-08-27	135.0	135.0	135.0	135.0	6000
2002-08-27	135.0	135.0	135.0	135.0	
					0
					0
					0
					0
					0
					0
					0
					0
					0
					0
					0
					0
					0
					0
					0
					0
					0
					0
2002-09-23	135.0	135.0	135.0	135.0	15000
2002-09-24	135.0	135.0	135.0	135.0	50000
2002-09-24	135.0	135.0	135.0	135.0	
					0
					0
					0
2002-09-30	135.0	135.0	135.0	135.0	55000
2002-09-30	135.0	135.0	135.0	135.0	
					0
2002-10-02	135.0	135.0	135.0	135.0	8000
2002-10-02	135.0	135.0	135.0	135.0	
					0
					0
2002-10-08	135.0	135.0	135.0	135.0	42000
2002-10-08	135.0	135.0	135.0	135.0	
					0
2002-10-10	135.0	135.0	135.0	135.0	35000
2002-10-10	135.0	135.0	135.0	135.0	
					0
2002-10-14	132.5	132.5	132.5	132.5	14000
2002-10-15	132.5	127.5	132.5	127.5	100000
2002-10-15	132.5	127.5	132.5	127.5	
					0
					0
2002-10-18	132.5	132.5	132.5	132.5	17000
2002-10-18	132.5	132.5	132.5	132.5	
					0
					0
					0
					0
					0
					0
					0
					0
					0
					0
					0
					0
					0
					0
					0
					0
2002-11-12	132.5	132.5	132.5	132.5	10000
2002-11-12	132.5	132.5	132.5	132.5	
					0
					0
					0
					0
					0
					0
					0
					0
					0
					0
					0
					0
					0
2002-12-02	132.5	132.5	132.5	132.5	
2002-12-02	132.5	132.5	132.5	132.5	40000
					0
					0
					0
					0
					0
					0
					0
					0
					0
					0
					0
					0
					0
					0
					0
					0
					0
					0
					0
					0
					0
					0
					0
					0
					0
					0
					0
					0
					0
					0
					0
					0
					0
2003-01-31	150.0	150.0	150.0	150.0	5000
2003-01-31	150.0	150.0	150.0	150.0	
					0
					0
2003-02-05	140.0	140.0	140.0	140.0	2000
2003-02-05	140.0	140.0	140.0	140.0	
					0
					0
					0
					0
					0
					0
					0
					0
					0
					0
					0
					0
					0
					0
					0
					0
					0
					0
					0
					0
					0
					0
					0
2003-03-13	132.5	132.5	132.5	132.5	20000
2003-03-13	132.5	132.5	132.5	132.5	
					0
					0
					0
2003-03-19	132.5	132.5	132.5	132.5	
2003-03-19	132.5	132.5	132.5	132.5	13000
					0
					0
					0
					0
					0
					0
					0
					0
					0
					0
					0
					0
					0
					0
					0
					0
					0
					0
2003-04-16	132.5	132.5	132.5	132.5	28000
2003-04-16	132.5	132.5	132.5	132.5	
					0
					0
					0
					0
					0
					0
					0
					0
					0
					0
					0
					0
					0
2003-05-07	132.5	132.5	132.5	132.5	
2003-05-07	132.5	132.5	132.5	132.5	1000
					0
					0
					0
2003-05-13	132.5	132.5	150.0	150.0	10000
2003-05-13	132.5	132.5	150.0	150.0	
					0
					0
					0
					0
					0
					0
					0
					0
					0
					0
					0
					0
					0
					0
					0
					0
					0
					0
					0
					0
					0
					0
					0
					0
					0
					0
					0
					0
					0
					0
					0
					0
					0
					0
2003-07-04	132.5	132.5	132.5	132.5	
2003-07-04	132.5	132.5	132.5	132.5	2000
					0
					0
					0
					0
					0
					0
					0
					0
2003-07-17	132.5	132.5	132.5	132.5	3000
2003-07-18	132.5	132.5	132.5	132.5	8000
2003-07-21	132.5	132.5	132.5	132.5	
2003-07-21	132.5	132.5	132.5	132.5	1000
					0
					0
					0
					0
2003-07-28	132.5	132.5	132.5	132.5	
2003-07-28	132.5	132.5	132.5	132.5	8000
					0
					0
					0
					0
					0
					0
					0
					0
					0
					0
					0
					0
2003-08-14	132.5	132.5	132.5	132.5	
2003-08-14	132.5	132.5	132.5	132.5	30000
					0
					0
					0
					0
					0
					0
					0
					0
					0
					0
					0
					0
					0
					0
					0
					0
					0
					0
2003-09-11	132.5	132.5	132.5	132.5	67000
2003-09-11	132.5	132.5	132.5	132.5	
					0
					0
					0
					0
2003-09-18	132.5	132.5	132.5	132.5	
2003-09-18	132.5	132.5	132.5	132.5	15000
					0
					0
					0
					0
					0
					0
					0
					0
					0
					0
					0
					0
					0
2003-10-09	132.5	132.5	132.5	132.5	5000
2003-10-10	132.5	132.5	132.5	132.5	94000
2003-10-13	132.5	132.5	132.5	132.5	36000
2003-10-14	132.5	132.5	132.5	132.5	64000
2003-10-14	132.5	132.5	132.5	132.5	
					0
					0
					0
					0
					0
					0
					0
					0
					0
					0
					0
					0
					0
					0
					0
					0
					0
2003-11-07	132.5	132.5	132.5	132.5	10000
2003-11-07	132.5	132.5	132.5	132.5	
					0
					0
					0
					0
					0
					0
					0
					0
					0
2003-11-21	132.5	132.5	132.5	132.5	5000
2003-11-21	132.5	132.5	132.5	132.5	
					0
					0
					0
					0
					0
					0
					0
					0
					0
					0
					0
2003-12-16	132.5	132.5	132.5	132.5	
2003-12-16	132.5	132.5	132.5	132.5	3000
					0
					0
					0
					0
2003-12-23	132.5	132.5	132.5	132.5	
2003-12-23	132.5	132.5	132.5	132.5	10000
					0
					0
					0
					0
2004-01-06	135.0	135.0	135.0	135.0	
2004-01-06	135.0	135.0	135.0	135.0	10000
					0
					0
					0
					0
2004-01-13	132.5	132.5	132.5	132.5	10000
2004-01-14	132.5	132.5	132.5	132.5	1000
2004-01-14	132.5	132.5	132.5	132.5	
					0
					0
					0
					0
					0
2004-01-23	132.5	132.5	132.5	132.5	40000
2004-01-23	132.5	132.5	132.5	132.5	
					0
					0
					0
					0
					0
					0
					0
					0
2004-02-06	132.5	132.5	132.5	132.5	2000
2004-02-06	132.5	132.5	132.5	132.5	
					0
					0
					0
					0
2004-02-13	132.5	132.5	132.5	132.5	15000
2004-02-16	132.5	132.5	132.5	132.5	10000
2004-02-17	132.5	132.5	132.5	132.5	30000
2004-02-17	132.5	132.5	132.5	132.5	
					0
					0
					0
					0
					0
2004-02-26	132.5	132.5	132.5	132.5	
2004-02-26	132.5	132.5	132.5	132.5	2000
					0
					0
					0
					0
					0
					0
					0
					0
					0
					0
					0
2004-03-15	132.5	132.5	132.5	132.5	
2004-03-15	132.5	132.5	132.5	132.5	10000
					0
					0
					0
					0
					0
					0
					0
					0
					0
					0
					0
					0
					0
					0
					0
					0
					0
					0
					0
					0
					0
					0
					0
					0
					0
					0
					0
					0
					0
					0
					0
					0
					0
					0
					0
					0
					0
					0
					0
					0
					0
					0
					0
					0
					0
					0
					0
2004-05-27	132.5	132.5	132.5	132.5	20000
2004-05-27	132.5	132.5	132.5	132.5	
					0
					0
					0
					0
					0
					0
					0
					0
					0
2004-06-11	132.5	132.5	132.5	132.5	
2004-06-11	132.5	132.5	132.5	132.5	15000
					0
					0
					0
					0
					0
					0
					0
					0
					0
					0
2004-06-28	132.5	132.5	132.5	132.5	5000
2004-06-28	132.5	132.5	132.5	132.5	
					0
					0
					0
					0
					0
					0
					0
					0
					0
					0
					0
					0
					0
					0
					0
					0
					0
					0
					0
					0
					0
					0
					0
					0
					0
					0
					0
					0
					0
					0
					0
					0
					0
					0
					0
					0
					0
					0
					0
					0
					0
					0
					0
					0
					0
2004-09-01	135.0	135.0	137.5	137.5	5000
2004-09-01	135.0	135.0	137.5	137.5	
					0
					0
					0
					0
					0
					0
					0
					0
					0
					0
					0
					0
					0
					0
					0
					0
					0
					0
					0
					0
					0
					0
					0
					0
					0
2004-10-08	132.5	132.5	132.5	132.5	32000
2004-10-08	132.5	132.5	132.5	132.5	
					0
					0
					0
					0
					0
					0
					0
					0
					0
					0
					0
					0
					0
					0
					0
2004-11-01	132.5	132.5	132.5	132.5	2000
2004-11-01	132.5	132.5	132.5	132.5	
					0
					0
					0
					0
					0
					0
					0
					0
					0
2004-11-22	137.5	137.5	137.5	137.5	1000
2004-11-22	137.5	137.5	137.5	137.5	
					0
					0
					0
					0
					0
					0
					0
					0
					0
					0
					0
					0
					0
					0
					0
					0
					0
					0
					0
					0
					0
					0
					0
					0
					0
					0
					0
					0
					0
					0
					0
					0
					0
					0
					0
					0
					0
					0
					0
					0
					0
					0
					0
					0
					0
					0
					0
					0
					0
					0
					0
					0
					0
					0
					0
					0
					0
					0
					0
					0
					0
					0
					0
					0
					0
					0
					0
					0
					0
					0
					0
					0
					0
					0
					0
					0
					0
					0
					0
					0
					0
					0
					0
					0
					0
					0
					0
					0
					0
					0
					0
					0
					0
					0
					0
					0
					0
					0
					0
					0
					0
					0
					0
					0
					0
					0
					0
					0
					0
					0
					0
					0
					0
					0
					0
					0
					0
					0
					0
					0
					0
					0
					0
					0
					0
					0
					0
					0
					0
					0
					0
					0
					0
					0
					0
					0
					0
					0
					0
					0
					0
					0
					0
					0
					0
					0
					0
					0
					0
					0
					0
					0
					0
					0
					0
					0
					0
					0
					0
					0
					0
					0
					0
					0
2005-07-25	100.0	100.0	100.0	100.0	40000
2005-07-26	75.0	65.0	75.0	65.0	150000
2005-07-27	55.0	55.0	55.0	55.0	100000
2005-07-27	55.0	55.0	55.0	55.0	
					0
					0
					0
					0
2005-08-03	52.5	50.0	52.5	50.0	29000
2005-08-04	55.0	55.0	65.0	65.0	
2005-08-04	55.0	55.0	65.0	65.0	1346000
					0
					0
					0
					0
					0
					0
					0
					0
					0
					0
					0
					0
					0
					0
					0
					0
					0
					0
					0
					0
					0
					0
					0
					0
					0
					0
					0
					0
					0
					0
					0
					0
					0
					0
					0
					0
					0
					0
					0
					0
					0
					0
					0
					0
					0
					0
					0
					0
					0
					0
					0
					0
					0
					0
					0
					0
					0
					0
					0
					0
					0
					0
					0
					0
					0
					0
					0
					0
					0
					0
					0
					0
					0
					0
					0
					0
					0
					0
					0
					0
					0
					0
					0
					0
					0
					0
					0
					0
					0
					0
					0
					0
					0
					0
					0
					0
					0
					0
					0
					0
					0
					0
					0
					0
					0
					0
					0
					0
					0
					0
					0
					0
					0
					0
					0
					0
					0
					0
					0
					0
					0
					0
					0
					0
					0
					0
					0
					0
					0
					0
					0
					0
					0
					0
					0
					0
					0
					0
					0
					0
					0
					0
					0
					0
					0
					0
					0
					0
					0
					0
					0
					0
					0
					0
					0
					0
					0
					0
					0
					0
					0
					0
					0
					0
					0
					0
					0
					0
					0
					0
					0
					0
					0
					0
					0
					0
					0
					0
					0
					0
					0
					0
					0
					0
					0
					0
					0
					0
					0
					0
					0
					0
					0
					0
					0
					0
					0
					0
					0
					0
					0
					0
					0
					0
					0
					0
					0
					0
					0
					0
					0
					0
					0
					0
					0
					0
					0
					0
					0
					0
					0
					0
					0
					0
					0
					0
					0
					0
					0
					0
					0
					0
					0
					0
					0
					0
					0
					0
					0
					0
					0
					0
					0
					0
					0
					0
					0
					0
					0
					0
					0
					0
					0
					0
					0
					0
					0
					0
					0
					0
					0
					0
					0
					0
					0
					0
					0
					0
					0
					0
					0
					0
					0
					0
					0
					0
					0
					0
					0
					0
					0
					0
					0
					0
					0
					0
					0
					0
					0
					0
					0
					0
					0
					0
					0
					0
					0
					0
					0
					0
					0
					0
					0
					0
					0
					0
					0
					0
					0
					0
					0
					0
					0
					0
					0
					0
					0
					0
					0
					0
					0
					0
					0
					0
					0
					0
					0
					0
					0
					0
					0
					0
					0
					0
					0
					0
					0
					0
					0
					0
					0
					0
					0
					0
					0
					0
					0
					0
					0
					0
					0
					0
					0
					0
					0
					0
					0
					0
					0
					0
					0
					0
					0
					0
					0
					0
					0
					0
					0
					0
					0
					0
					0
					0
					0
					0
					0
					0
					0
					0
					0
					0
					0
					0
					0
					0
					0
					0
					0
					0
					0
					0
					0
					0
					0
					0
					0
					0
					0
					0
					0
					0
					0
					0
					0
					0
					0
					0
					0
					0
					0
					0
					0
					0
					0
					0
					0
					0
					0
					0
					0
					0
					0
					0
					0
					0
					0
					0
					0
					0
					0
					0
					0
					0
					0
					0
					0
					0
					0
					0
					0
					0
					0
					0
					0
					0
					0
					0
					0
					0
					0
					0
					0
					0
					0
					0
					0
					0
2007-06-25	65.0	65.0	65.0	65.0	
2007-06-25	65.0	65.0	65.0	65.0	10000
					0
2007-06-27	50.0	50.0	50.0	50.0	2000
2007-06-27	50.0	50.0	50.0	50.0	
					0
2007-06-29	75.0	72.5	75.0	72.5	3000
2007-07-02	80.0	80.0	80.0	80.0	1000
2007-07-02	80.0	80.0	80.0	80.0	
					0
					0
					0
					0
					0
					0
					0
					0
					0
					0
					0
					0
					0
					0
					0
					0
2007-07-25	105.0	105.0	105.0	105.0	
2007-07-25	105.0	105.0	105.0	105.0	2000
					0
					0
					0
					0
					0
					0
					0
					0
					0
					0
					0
					0
					0
					0
					0
					0
					0
					0
					0
					0
					0
					0
					0
					0
					0
					0
					0
					0
					0
					0
					0
					0
					0
					0
					0
					0
					0
					0
					0
					0
					0
					0
					0
					0
					0
					0
					0
					0
					0
					0
					0
					0
					0
					0
					0
					0
					0
					0
					0
					0
					0
					0
					0
					0
					0
2007-10-31	105.0	105.0	105.0	105.0	50000
2007-10-31	105.0	105.0	105.0	105.0	
					0
					0
					0
					0
					0
					0
					0
					0
					0
					0
					0
					0
					0
					0
					0
					0
					0
					0
					0
					0
					0
					0
					0
					0
					0
					0
					0
					0
					0
					0
					0
					0
					0
					0
					0
					0
					0
					0
					0
					0
					0
					0
					0
					0
					0
					0
					0
					0
					0
					0
					0
					0
					0
					0
					0
					0
					0
					0
					0
					0
					0
					0
					0
					0
					0
					0
2008-02-15	70.0	70.0	70.0	70.0	
2008-02-15	70.0	70.0	70.0	70.0	4000
					0
					0
					0
					0
					0
					0
					0
					0
					0
					0
					0
					0
					0
					0
					0
					0
					0
					0
					0
					0
					0
					0
					0
					0
					0
					0
					0
					0
					0
					0
					0
					0
					0
					0
					0
					0
					0
					0
					0
					0
					0
					0
					0
					0
					0
					0
					0
					0
					0
					0
					0
					0
					0
					0
					0
					0
					0
					0
					0
					0
					0
					0
					0
					0
					0
					0
					0
					0
					0
					0
					0
					0
					0
					0
					0
					0
					0
					0
					0
					0
					0
					0
					0
					0
					0
					0
					0
					0
					0
					0
					0
					0
					0
					0
					0
					0
					0
					0
					0
					0
					0
					0
					0
					0
					0
					0
					0
					0
					0
					0
					0
					0
					0
					0
					0
					0
					0
					0
					0
2008-08-11	46.0	46.0	46.0	46.0	
2008-08-11	46.0	46.0	46.0	46.0	20000
					0
					0
					0
					0
					0
					0
					0
					0
					0
					0
					0
					0
					0
					0
					0
					0
					0
					0
					0
					0
					0
					0
					0
					0
					0
					0
					0
					0
					0
					0
					0
					0
					0
					0
					0
					0
					0
					0
					0
					0
					0
					0
					0
					0
					0
					0
					0
					0
					0
					0
					0
					0
					0
					0
					0
					0
					0
					0
					0
					0
					0
					0
					0
					0
					0
					0
					0
					0
					0
					0
					0
					0
					0
					0
					0
					0
					0
					0
					0
					0
					0
					0
					0
					0
					0
					0
					0
					0
					0
					0
					0
					0
					0
					0
					0
					0
					0
					0
					0
					0
					0
					0
					0
					0
					0
					0
					0
					0
					0
					0
					0
					0
					0
					0
					0
					0
					0
					0
					0
					0
					0
					0
					0
					0
					0
					0
					0
					0
					0
					0
					0
					0
					0
					0
					0
					0
					0
					0
					0
					0
					0
					0
					0
					0
					0
					0
					0
					0
					0
					0
					0
					0
					0
					0
					0
					0
					0
					0
					0
					0
					0
					0
					0
					0
					0
					0
					0
					0
					0
					0
					0
					0
					0
					0
					0
					0
					0
					0
					0
					0
					0
					0
					0
					0
					0
2009-05-22	30.5	30.5	30.5	30.5	
2009-05-22	30.5	30.5	30.5	30.5	5000
					0
					0
					0
					0
					0
					0
					0
					0
					0
					0
					0
					0
					0
					0
					0
2009-06-15	41.0	41.0	41.0	41.0	
2009-06-15	41.0	41.0	41.0	41.0	25000
					0
					0
					0
					0
					0
					0
					0
					0
					0
					0
					0
					0
					0
					0
					0
					0
					0
					0
					0
					0
					0
					0
					0
					0
					0
					0
					0
					0
2009-07-28	41.0	41.0	41.0	41.0	
2009-07-28	41.0	41.0	41.0	41.0	23000
					0
					0
					0
					0
					0
					0
					0
					0
					0
					0
					0
					0
					0
					0
					0
					0
					0
					0
					0
					0
					0
					0
					0
					0
					0
					0
					0
					0
					0
					0
					0
					0
					0
					0
					0
					0
					0
					0
					0
					0
					0
					0
					0
					0
					0
					0
2009-10-08	27.5	27.5	29.0	29.0	70000
2009-10-09	38.5	38.0	38.5	38.5	58000
2009-10-09	38.5	38.0	38.5	38.5	
					0
					0
					0
					0
					0
					0
					0
					0
					0
					0
					0
					0
					0
					0
					0
					0
					0
					0
					0
					0
2009-11-09	37.0	37.0	37.0	37.0	
2009-11-09	37.0	37.0	37.0	37.0	14000
					0
					0
					0
					0
					0
					0
					0
					0
					0
					0
					0
					0
					0
					0
					0
					0
					0
					0
					0
					0
					0
					0
					0
					0
					0
					0
					0
					0
					0
					0
					0
					0
					0
					0
					0
					0
					0
					0
					0
2010-01-12	37.5	37.5	37.5	37.5	34000
2010-01-12	37.5	37.5	37.5	37.5	
					0
					0
					0
					0
					0
					0
					0
					0
					0
					0
					0
					0
					0
					0
					0
					0
					0
					0
					0
					0
					0
					0
					0
					0
					0
					0
					0
					0
					0
					0
					0
					0
					0
					0
					0
					0
					0
					0
					0
					0
					0
					0
					0
					0
					0
					0
					0
					0
					0
					0
					0
					0
					0
					0
					0
					0
					0
					0
					0
					0
					0
					0
					0
					0
					0
					0
					0
					0
					0
					0
					0
					0
					0
					0
					0
2010-05-03	27.5	27.5	27.5	27.5	
2010-05-03	27.5	27.5	27.5	27.5	3000
					0
					0
					0
					0
					0
					0
					0
					0
					0
					0
					0
					0
					0
					0
					0
					0
					0
					0
					0
					0
					0
					0
					0
					0
					0
					0
					0
					0
					0
					0
					0
					0
					0
2010-06-22	25.5	25.5	25.5	25.5	5000
2010-06-22	25.5	25.5	25.5	25.5	
					0
					0
					0
2010-06-28	33.5	30.0	34.0	34.0	
2010-06-28	33.5	30.0	34.0	34.0	8000
					0
					0
					0
					0
					0
					0
					0
					0
					0
					0
2010-07-13	45.5	45.5	45.5	45.5	5000
2010-07-13	45.5	45.5	45.5	45.5	
					0
					0
					0
					0
					0
					0
					0
					0
					0
					0
					0
					0
					0
					0
					0
					0
					0
					0
					0
					0
					0
					0
					0
					0
					0
					0
					0
					0
					0
					0
					0
					0
					0
					0
					0
					0
					0
					0
					0
					0
					0
					0
					0
					0
					0
					0
					0
					0
					0
					0
					0
					0
					0
					0
					0
					0
					0
					0
					0
					0
					0
					0
					0
					0
					0
					0
					0
					0
					0
					0
					0
					0
					0
					0
					0
					0
					0
					0
					0
					0
					0
					0
					0
					0
					0
					0
					0
					0
					0
					0
					0
					0
					0
					0
					0
					0
					0
					0
					0
2010-12-10	45.0	45.0	45.0	45.0	
2010-12-10	45.0	45.0	45.0	45.0	10000
					0
					0
					0
					0
					0
					0
					0
					0
					0
					0
2010-12-28	42.5	42.5	42.5	42.5	20000
2010-12-29	40.0	40.0	40.0	40.0	1000
2010-12-30	50.0	50.0	50.0	50.0	3000
2011-01-03	50.0	50.0	50.0	50.0	
2011-01-03	50.0	50.0	50.0	50.0	2000
					0
					0
					0
2011-01-07	50.0	50.0	50.0	50.0	31000
2011-01-07	50.0	50.0	50.0	50.0	
					0
					0
					0
					0
					0
					0
					0
					0
					0
					0
					0
					0
2011-01-26	50.0	50.0	60.0	60.0	
2011-01-26	50.0	50.0	60.0	60.0	43000
					0
					0
					0
					0
					0
					0
					0
					0
					0
					0
					0
					0
					0
					0
					0
					0
					0
					0
					0
					0
					0
					0
					0
					0
					0
					0
					0
					0
					0
					0
					0
					0
					0
					0
					0
					0
					0
					0
					0
					0
					0
					0
					0
					0
					0
					0
					0
					0
					0
					0
					0
					0
					0
					0
					0
					0
					0
					0
					0
					0
					0
					0
					0
					0
					0
					0
					0
2011-05-05	65.0	65.0	65.0	65.0	
2011-05-05	65.0	65.0	65.0	65.0	48000
					0
2011-05-09	65.5	65.5	65.5	65.5	30000
2011-05-10	66.5	66.5	66.5	66.5	2000
2011-05-11	66.5	66.5	66.5	66.5	105000
2011-05-12	66.5	66.5	66.5	66.5	18000
2011-05-13	67.0	67.0	67.0	67.0	20000
2011-05-13	67.0	67.0	67.0	67.0	
					0
					0
2011-05-19	69.0	69.0	69.0	69.0	50000
2011-05-20	71.5	71.5	71.5	71.5	55000
2011-05-20	71.5	71.5	71.5	71.5	
					0
					0
2011-05-25	77.5	77.5	77.5	77.5	52000
2011-05-26	87.5	87.5	100.0	94.0	480000
2011-05-27	89.0	89.0	100.0	100.0	55000
2011-05-27	89.0	89.0	100.0	100.0	
					0
2011-05-31	87.5	87.5	87.5	87.5	11000
2011-06-01	88.0	88.0	88.0	88.0	7000
2011-06-03	88.0	88.0	88.0	88.0	
2011-06-03	88.0	88.0	88.0	88.0	3000
					0
					0
2011-06-08	90.0	88.0	117.5	117.5	2013000
2011-06-09	117.5	117.5	145.0	145.0	416000
2011-06-10	155.0	142.5	170.0	165.0	147000
2011-06-13	165.0	160.0	165.0	160.0	38000
2011-06-14	160.0	130.0	160.0	145.0	68000
2011-06-15	142.5	125.0	142.5	125.0	48000
2011-06-16	125.0	117.5	125.0	117.5	25000
2011-06-17	117.5	117.5	117.5	117.5	39000
2011-06-20	115.0	115.0	115.0	115.0	1000
2011-06-21	110.0	110.0	110.0	110.0	
2011-06-21	110.0	110.0	110.0	110.0	12000
					0
2011-06-23	110.0	110.0	110.0	110.0	1000
2011-06-24	100.0	100.0	100.0	100.0	8000
2011-06-24	100.0	100.0	100.0	100.0	
					0
					0
					0
					0
					0
					0
					0
					0
					0
					0
					0
					0
					0
					0
					0
2011-07-19	100.0	100.0	110.0	110.0	28000
2011-07-19	100.0	100.0	110.0	110.0	
					0
2011-07-21	90.0	90.0	90.0	90.0	9000
2011-07-22	112.5	102.5	120.0	120.0	594000
2011-07-25	127.5	127.5	150.0	137.5	2071000
2011-07-26	125.0	125.0	145.0	145.0	31000
2011-07-27	115.0	115.0	137.5	137.5	10000
2011-07-28	115.0	115.0	135.0	135.0	11000
2011-07-28	115.0	115.0	135.0	135.0	
					0
2011-08-01	130.0	130.0	130.0	130.0	20000
2011-08-02	137.5	125.0	137.5	135.0	10000
2011-08-02	137.5	125.0	137.5	135.0	
					0
2011-08-04	145.0	115.0	145.0	115.0	6000
2011-08-05	102.5	100.0	102.5	102.5	261000
2011-08-08	102.5	95.0	102.5	95.0	97000
2011-08-09	110.0	100.0	110.0	100.0	2000
2011-08-10	95.0	95.0	127.5	112.5	1647000
2011-08-11	112.5	100.0	112.5	102.5	67000
2011-08-12	100.0	100.0	100.0	100.0	21000
2011-08-15	100.0	100.0	100.0	100.0	16000
2011-08-16	100.0	100.0	100.0	100.0	9000
2011-08-18	122.5	122.5	122.5	122.5	1000
2011-08-19	110.0	110.0	110.0	110.0	126000
2011-08-19	110.0	110.0	110.0	110.0	
					0
					0
					0
					0
					0
					0
					0
2011-09-07	110.0	110.0	110.0	110.0	10000
2011-09-08	100.0	100.0	100.0	100.0	1000
2011-09-09	100.0	100.0	100.0	100.0	21000
2011-09-09	100.0	100.0	100.0	100.0	
					0
					0
2011-09-14	102.5	102.5	102.5	102.5	60000
2011-09-15	102.5	102.5	102.5	102.5	10000
2011-09-16	102.5	102.5	115.0	102.5	218000
2011-09-19	102.5	102.5	102.5	102.5	1000
2011-09-20	100.0	100.0	100.0	100.0	67000
2011-09-21	110.0	102.5	112.5	102.5	467000
2011-09-22	100.0	100.0	100.0	100.0	32000
2011-09-23	97.5	97.5	97.5	97.5	10000
2011-09-26	97.5	97.5	97.5	97.5	25000
2011-09-26	97.5	97.5	97.5	97.5	
					0
2011-09-28	97.5	97.5	97.5	97.5	6000
2011-09-28	97.5	97.5	97.5	97.5	
					0
					0
2011-10-03	92.5	92.5	92.5	92.5	30000
2011-10-04	92.0	92.0	92.0	92.0	
2011-10-04	92.0	92.0	92.0	92.0	13000
					0
					0
					0
2011-10-10	82.5	82.5	82.5	82.5	
2011-10-10	82.5	82.5	82.5	82.5	3000
					0
					0
2011-10-13	110.0	93.0	110.0	93.0	
2011-10-13	110.0	93.0	110.0	93.0	106000
					0
					0
					0
					0
					0
					0
					0
					0
					0
					0
					0
					0
					0
2011-11-02	94.0	93.0	94.0	93.0	151000
2011-11-03	93.5	93.5	93.5	93.5	5000
2011-11-03	93.5	93.5	93.5	93.5	
					0
					0
					0
2011-11-09	95.0	95.0	95.0	95.0	
2011-11-09	95.0	95.0	95.0	95.0	20000
					0
					0
					0
					0
					0
					0
					0
					0
2011-11-22	100.0	100.0	100.0	100.0	100000
2011-11-23	100.0	100.0	100.0	100.0	10000
2011-11-23	100.0	100.0	100.0	100.0	
					0
					0
					0
					0
					0
					0
					0
					0
					0
					0
2011-12-08	100.0	100.0	100.0	100.0	
2011-12-08	100.0	100.0	100.0	100.0	2000
					0
					0
					0
					0
					0
2011-12-16	92.5	92.5	92.5	92.5	2000
2011-12-19	92.5	92.5	92.5	92.5	3000
2011-12-19	92.5	92.5	92.5	92.5	
					0
					0
2011-12-22	95.5	95.0	95.5	95.0	10000
2011-12-22	95.5	95.0	95.5	95.0	
					0
					0
					0
					0
2011-12-30	92.5	90.0	92.5	90.0	10000
2012-01-02	110.0	110.0	110.0	110.0	1000
2012-01-02	110.0	110.0	110.0	110.0	
					0
					0
2012-01-05	102.5	92.5	105.0	92.5	21000
2012-01-06	105.0	105.0	105.0	105.0	1000
2012-01-06	105.0	105.0	105.0	105.0	
					0
					0
					0
					0
2012-01-13	112.5	112.5	112.5	112.5	1000
2012-01-13	112.5	112.5	112.5	112.5	
					0
2012-01-17	100.0	100.0	102.5	102.5	16000
2012-01-17	100.0	100.0	102.5	102.5	
					0
2012-01-19	110.0	100.0	110.0	100.0	10000
2012-01-20	110.0	110.0	110.0	110.0	1000
2012-01-24	100.0	100.0	100.0	100.0	1000
2012-01-25	110.0	110.0	110.0	110.0	1000
2012-01-26	110.0	110.0	115.0	115.0	2000
2012-01-27	125.0	125.0	125.0	125.0	1000
2012-01-27	125.0	125.0	125.0	125.0	
					0
					0
2012-02-01	147.5	147.5	147.5	147.5	1000
2012-02-02	147.5	147.5	155.0	155.0	
2012-02-02	147.5	147.5	155.0	155.0	2000
					0
					0
					0
					0
					0
					0
					0
					0
					0
					0
					0
					0
					0
2012-02-22	150.0	150.0	157.5	157.5	
2012-02-22	150.0	150.0	157.5	157.5	4000
					0
					0
					0
					0
					0
					0
					0
					0
					0
					0
					0
					0
					0
					0
					0
					0
					0
					0
					0
					0
					0
					0
					0
2012-03-28	155.0	132.5	165.0	165.0	17000
2012-03-29	145.0	137.5	145.0	140.0	19000
2012-03-30	147.5	147.5	147.5	147.5	1000
2012-03-30	147.5	147.5	147.5	147.5	
					0
2012-04-03	130.0	130.0	145.0	140.0	7000
2012-04-04	120.0	120.0	120.0	120.0	1000
2012-04-05	135.0	135.0	150.0	150.0	2000
2012-04-09	125.0	125.0	125.0	125.0	2000
2012-04-10	127.5	127.5	155.0	155.0	196000
2012-04-11	165.0	160.0	187.5	187.5	666000
2012-04-12	187.5	187.5	187.5	187.5	2000
2012-04-12	187.5	187.5	187.5	187.5	
					0
					0
					0
					0
					0
					0
					0
					0
					0
					0
					0
					0
					0
					0
					0
					0
					0
					0
					0
					0
					0
					0
					0
					0
					0
					0
					0
					0
					0
					0
					0
2012-05-30	145.0	145.0	145.0	145.0	
2012-05-30	145.0	145.0	145.0	145.0	7000
					0
					0
					0
					0
					0
					0
					0
					0
					0
					0
					0
					0
					0
					0
					0
					0
					0
					0
					0
					0
					0
					0
					0
					0
					0
					0
					0
2012-07-09	147.5	135.0	147.5	135.0	10000
2012-07-10	135.0	135.0	135.0	135.0	1000
2012-07-11	135.0	110.0	135.0	117.5	
2012-07-11	135.0	110.0	135.0	117.5	26000
					0
					0
					0
					0
					0
					0
					0
					0
					0
					0
					0
					0
					0
					0
					0
					0
					0
					0
					0
					0
					0
					0
					0
					0
					0
					0
					0
					0
					0
					0
					0
					0
					0
					0
					0
					0
					0
					0
					0
					0
					0
					0
					0
					0
					0
					0
					0
					0
					0
					0
					0
					0
					0
					0
					0
					0
					0
					0
					0
					0
					0
					0
					0
					0
					0
					0
					0
					0
					0
					0
					0
					0
					0
					0
					0
					0
					0
					0
					0
2012-11-07	117.5	117.5	117.5	117.5	
2012-11-07	117.5	117.5	117.5	117.5	20000
					0
					0
					0
					0
					0
					0
2012-11-20	112.5	112.5	112.5	112.5	
2012-11-20	112.5	112.5	112.5	112.5	8000
					0
					0
					0
2012-11-26	115.0	115.0	115.0	115.0	
2012-11-26	115.0	115.0	115.0	115.0	15000
					0
2012-11-28	115.0	115.0	115.0	115.0	
2012-11-28	115.0	115.0	115.0	115.0	5000
					0
					0
					0
2012-12-04	120.0	120.0	125.0	125.0	39000
2012-12-05	120.0	120.0	120.0	120.0	80000
2012-12-06	112.5	112.5	112.5	112.5	2000
2012-12-07	115.0	115.0	125.0	125.0	
2012-12-07	115.0	115.0	125.0	125.0	85000
					0
					0
					0
					0
					0
					0
					0
					0
					0
					0
					0
					0
					0
					0
					0
					0
2013-01-07	120.0	120.0	120.0	120.0	20000
2013-01-07	120.0	120.0	120.0	120.0	
					0
					0
					0
					0
					0
					0
					0
					0
					0
					0
					0
					0
					0
					0
					0
					0
					0
					0
					0
					0
					0
					0
					0
					0
					0
					0
					0
					0
					0
					0
					0
					0
					0
					0
					0
					0
					0
					0
					0
					0
					0
					0
					0
					0
					0
					0
					0
					0
					0
2013-03-20	120.0	120.0	125.0	125.0	13000
2013-03-21	150.0	135.0	150.0	150.0	
2013-03-21	150.0	135.0	150.0	150.0	31000
					0
					0
2013-03-26	150.0	150.0	150.0	150.0	10000
2013-03-27	150.0	150.0	150.0	150.0	21000
2013-03-28	187.5	187.5	187.5	187.5	
2013-03-28	187.5	187.5	187.5	187.5	3000
					0
					0
					0
					0
					0
					0
					0
					0
2013-04-11	187.5	187.5	190.0	190.0	32000
2013-04-11	187.5	187.5	190.0	190.0	
					0
					0
					0
					0
					0
					0
					0
					0
					0
					0
					0
					0
					0
					0
					0
					0
					0
					0
					0
					0
					0
					0
					0
					0
					0
					0
					0
					0
					0
					0
					0
					0
					0
2013-05-30	237.5	237.5	237.5	237.5	
2013-05-30	237.5	237.5	237.5	237.5	1000
					0
					0
					0
					0
					0
					0
					0
					0
					0
					0
					0
					0
					0
					0
					0
					0
					0
					0
					0
					0
					0
					0
					0
					0
					0
					0
					0
					0
					0
					0
					0
					0
					0
					0
					0
					0
					0
					0
					0
					0
					0
					0
					0
					0
					0
					0
					0
					0
					0
					0
					0
					0
					0
					0
					0
					0
					0
					0
					0
					0
					0
					0
					0
					0
					0
					0
					0
					0
					0
					0
					0
					0
					0
					0
					0
					0
					0
					0
					0
					0
					0
					0
					0
					0
					0
					0
					0
					0
					0
					0
					0
					0
					0
					0
					0
					0
					0
					0
					0
					0
					0
					0
					0
					0
					0
					0
					0
					0
					0
					0
2013-11-14	295.0	295.0	295.0	295.0	1000
2013-11-15	225.0	225.0	225.0	225.0	11000
2013-11-15	225.0	225.0	225.0	225.0	
					0
					0
					0
					0
					0
					0
					0
					0
					0
					0
					0
					0
					0
					0
2013-12-06	175.0	170.0	175.0	170.0	
2013-12-06	175.0	170.0	175.0	170.0	70000
					0
					0
					0
					0
					0
					0
					0
					0
2013-12-19	212.5	212.5	212.5	212.5	
2013-12-19	212.5	212.5	212.5	212.5	1000
					0
					0
2013-12-24	175.0	170.0	175.0	170.0	
2013-12-24	175.0	170.0	175.0	170.0	12000
					0
					0
					0
					0
					0
					0
					0
2014-01-09	170.0	160.0	170.0	160.0	20000
2014-01-09	170.0	160.0	170.0	160.0	
					0
					0
					0
					0
					0
					0
					0
					0
					0
					0
					0
					0
					0
					0
					0
					0
					0
					0
					0
					0
2014-02-11	120.0	120.0	125.0	125.0	
2014-02-11	120.0	120.0	125.0	125.0	7000
					0
					0
					0
					0
					0
					0
					0
					0
					0
					0
					0
					0
2014-02-28	125.0	125.0	125.0	125.0	
2014-02-28	125.0	125.0	125.0	125.0	100000
					0
					0
					0
					0
					0
					0
					0
					0
					0
					0
					0
					0
					0
					0
					0
					0
					0
					0
					0
					0
					0
					0
					0
					0
					0
					0
					0
					0
					0
					0
					0
					0
					0
					0
					0
					0
					0
					0
					0
					0
2014-05-02	125.0	125.0	125.0	125.0	1200
2014-05-02	125.0	125.0	125.0	125.0	
					0
					0
					0
					0
2014-05-09	137.5	137.5	150.0	150.0	8000
2014-05-12	130.0	130.0	140.5	140.5	4200
2014-05-13	140.0	140.0	140.0	140.0	1000
2014-05-14	130.0	127.5	130.0	130.0	
2014-05-14	130.0	127.5	130.0	130.0	5600
					0
2014-05-19	125.0	125.0	125.0	125.0	
2014-05-19	125.0	125.0	125.0	125.0	2000
					0
					0
					0
					0
					0
2014-05-28	125.0	125.0	125.0	125.0	1400
2014-05-30	130.0	130.0	137.5	136.0	
2014-05-30	130.0	130.0	137.5	136.0	17600
					0
					0
					0
2014-06-05	137.5	137.5	137.5	137.5	
2014-06-05	137.5	137.5	137.5	137.5	400
					0
					0
2014-06-10	135.0	135.0	135.0	135.0	1000
2014-06-10	135.0	135.0	135.0	135.0	
					0
					0
					0
					0
					0
2014-06-18	125.5	125.5	149.5	149.5	2200
2014-06-19	128.0	127.5	128.0	127.5	1600
2014-06-19	128.0	127.5	128.0	127.5	
					0
					0
					0
					0
					0
					0
					0
					0
2014-07-02	127.5	127.5	127.5	127.5	800
2014-07-03	127.5	127.5	127.5	127.5	1000
2014-07-03	127.5	127.5	127.5	127.5	
					0
					0
					0
					0
2014-07-11	137.5	137.5	137.5	137.5	
2014-07-11	137.5	137.5	137.5	137.5	200
					0
					0
					0
					0
					0
					0
					0
					0
					0
					0
					0
					0
					0
					0
					0
					0
					0
					0
					0
					0
					0
					0
					0
					0
					0
					0
					0
					0
					0
					0
					0
					0
					0
					0
					0
					0
					0
					0
					0
					0
					0
					0
					0
2014-09-18	137.5	137.5	137.5	137.5	
2014-09-18	137.5	137.5	137.5	137.5	200
					0
					0
2014-09-23	137.5	137.5	137.5	137.5	200
2014-09-24	103.5	103.5	103.5	103.5	2000
2014-09-25	110.5	110.5	110.5	110.5	
2014-09-25	110.5	110.5	110.5	110.5	200
					0
					0
					0
2014-10-01	111.5	111.5	115.0	115.0	4200
2014-10-02	115.5	115.0	115.5	115.0	
2014-10-02	115.5	115.0	115.5	115.0	2000
					0
					0
2014-10-07	105.5	105.0	123.5	123.5	8200
2014-10-08	115.0	110.0	129.5	129.5	6200
2014-10-09	120.0	120.0	120.0	120.0	200
2014-10-10	120.0	120.0	129.5	129.5	6200
2014-10-13	134.5	101.5	134.5	101.5	600
2014-10-14	110.0	110.0	110.0	110.0	200
2014-10-15	119.5	119.5	119.5	119.5	200
2014-10-16	124.5	124.5	124.5	124.5	200
2014-10-17	129.5	129.5	129.5	129.5	1000
2014-10-20	129.5	129.5	129.5	129.5	200
2014-10-21	129.5	129.5	129.5	129.5	200
2014-10-21	129.5	129.5	129.5	129.5	
					0
2014-10-23	129.5	129.0	129.5	129.5	800
2014-10-24	130.0	130.0	155.0	152.5	17400
2014-10-24	130.0	130.0	155.0	152.5	
					0
					0
2014-10-29	160.0	160.0	160.0	160.0	200
2014-10-30	164.5	164.5	164.5	164.5	200
2014-10-30	164.5	164.5	164.5	164.5	
					0
					0
					0
2014-11-05	163.5	163.5	163.5	163.5	
2014-11-05	163.5	163.5	163.5	163.5	200
					0
					0
					0
					0
					0
					0
2014-11-14	165.0	165.0	165.0	165.0	200
2014-11-14	165.0	165.0	165.0	165.0	
					0
					0
					0
					0
					0
					0
					0
					0
					0
					0
					0
					0
2014-12-03	159.5	159.5	160.0	160.0	
2014-12-03	159.5	159.5	160.0	160.0	14600
					0
					0
					0
					0
					0
					0
					0
					0
					0
					0
2014-12-18	165.0	165.0	165.0	165.0	
2014-12-18	165.0	165.0	165.0	165.0	4600
					0
					0
					0
					0
					0
					0
					0
					0
					0
					0
					0
					0
					0
					0
					0
					0
					0
					0
					0
					0
					0
					0
					0
					0
					0
					0
					0
					0
					0
					0
					0
					0
					0
					0
					0
					0
					0
					0
					0
					0
					0
					0
					0
					0
					0
					0
					0
					0
					0
					0
					0
					0
					0
					0
					0
					0
					0
					0
					0
2015-03-19	165.0	165.0	165.0	165.0	
2015-03-19	165.0	165.0	165.0	165.0	40000
					0
					0
					0
					0
					0
					0
					0
					0
					0
					0
					0
					0
					0
					0
					0
					0
					0
					0
					0
					0
					0
					0
					0
					0
					0
					0
					0
					0
					0
					0
					0
					0
					0
					0
					0
					0
					0
					0
2015-05-18	164.5	164.5	164.5	164.5	200
2015-05-18	164.5	164.5	164.5	164.5	
					0
					0
					0
					0
					0
					0
					0
					0
					0
					0
					0
					0
					0
					0
					0
					0
					0
					0
					0
					0
					0
					0
					0
					0
					0
					0
					0
					0
					0
					0
					0
					0
					0
					0
					0
					0
					0
					0
					0
					0
					0
					0
					0
					0
					0
					0
					0
					0
					0
					0
					0
					0
					0
					0
					0
					0
2015-08-11	165.0	165.0	165.0	165.0	
2015-08-11	165.0	165.0	165.0	165.0	200
					0
					0
					0
					0
					0
					0
					0
					0
					0
					0
					0
					0
					0
					0
					0
					0
					0
					0
					0
					0
					0
					0
					0
					0
					0
					0
					0
					0
					0
					0
					0
					0
					0
2015-09-30	165.0	165.0	165.0	165.0	
2015-09-30	165.0	165.0	165.0	165.0	800
					0
					0
					0
					0
					0
					0
					0
2015-10-12	165.0	165.0	165.0	165.0	30000
2015-10-12	165.0	165.0	165.0	165.0	
					0
					0
					0
					0
					0
					0
					0
					0
					0
					0
					0
					0
					0
					0
					0
					0
					0
					0
					0
					0
					0
					0
					0
					0
					0
					0
					0
					0
					0
					0
					0
					0
					0
					0
					0
					0
					0
					0
					0
					0
					0
					0
					0
					0
					0
					0
2015-12-18	160.0	150.0	160.0	150.0	11200
2015-12-21	140.0	140.0	140.0	140.0	
2015-12-21	140.0	140.0	140.0	140.0	200
					0
					0
					0
					0
					0
					0
					0
					0
					0
					0
					0
					0
					0
					0
					0
					0
					0
2016-01-20	150.0	150.0	150.0	150.0	200
2016-01-21	140.0	140.0	140.0	140.0	200
2016-01-22	130.0	130.0	130.0	130.0	200
2016-01-22	130.0	130.0	130.0	130.0	
					0
					0
					0
					0
					0
					0
					0
					0
					0
					0
					0
					0
					0
					0
					0
2016-02-16	140.0	140.0	162.0	162.0	800
2016-02-17	172.0	172.0	200.0	200.0	800
2016-02-18	195.0	187.5	245.0	187.5	12800
2016-02-19	197.5	197.5	217.5	215.0	1600
2016-02-22	225.0	225.0	265.0	230.0	5900
2016-02-23	250.0	230.0	270.0	230.0	800
2016-02-24	250.0	240.0	270.0	240.0	400
2016-02-25	241.0	241.0	241.0	241.0	200
2016-02-25	241.0	241.0	241.0	241.0	
					0
					0
					0
					0
					0
					0
					0
					0
					0
					0
					0
2016-03-15	217.0	217.0	217.0	217.0	1600
2016-03-16	196.0	196.0	196.0	196.0	600
2016-03-17	200.0	194.0	200.0	194.0	10700
2016-03-17	200.0	194.0	200.0	194.0	
					0
2016-03-21	193.0	193.0	193.0	193.0	300
2016-03-22	184.0	182.0	184.0	182.0	800
2016-03-22	184.0	182.0	184.0	182.0	
					0
					0
					0
					0
					0
					0
					0
					0
2016-04-05	180.0	180.0	180.0	180.0	
2016-04-05	180.0	180.0	180.0	180.0	100
					0
					0
					0
					0
					0
					0
					0
					0
					0
					0
					0
2016-04-21	165.0	165.0	205.0	205.0	
2016-04-21	165.0	165.0	205.0	205.0	2100
					0
					0
					0
					0
					0
					0
					0
					0
2016-05-04	206.0	206.0	206.0	206.0	300
2016-05-04	206.0	206.0	206.0	206.0	
					0
2016-05-10	206.0	206.0	250.0	250.0	600
2016-05-10	206.0	206.0	250.0	250.0	
					0
2016-05-12	300.0	300.0	300.0	300.0	
2016-05-12	300.0	300.0	300.0	300.0	100
					0
					0
					0
					0
					0
2016-05-20	270.0	270.0	270.0	270.0	100
2016-05-23	260.0	260.0	260.0	260.0	
2016-05-23	260.0	260.0	260.0	260.0	100
					0
					0
					0
					0
					0
					0
					0
2016-06-02	250.0	250.0	308.0	290.0	
2016-06-02	250.0	250.0	308.0	290.0	400
					0
					0
					0
					0
2016-06-09	290.0	290.0	320.0	320.0	
2016-06-09	290.0	290.0	320.0	320.0	200
					0
					0
2016-06-14	298.0	298.0	298.0	298.0	
2016-06-14	298.0	298.0	298.0	298.0	100
					0
					0
					0
					0
					0
					0
					0
					0
					0
					0
2016-06-29	320.0	320.0	320.0	320.0	100
2016-06-29	320.0	320.0	320.0	320.0	
					0
2016-07-01	390.0	388.0	390.0	388.0	200
2016-07-01	390.0	388.0	390.0	388.0	
					0
2016-07-12	460.0	450.0	460.0	450.0	1100
2016-07-12	460.0	450.0	460.0	450.0	
					0
					0
					0
2016-07-18	430.0	430.0	430.0	430.0	100
2016-07-18	430.0	430.0	430.0	430.0	
					0
					0
					0
					0
					0
					0
					0
					0
					0
					0
					0
					0
2016-08-04	426.0	426.0	426.0	426.0	
2016-08-04	426.0	426.0	426.0	426.0	100
					0
2016-08-08	480.0	480.0	480.0	480.0	100
2016-08-08	480.0	480.0	480.0	480.0	
					0
2016-08-10	480.0	480.0	480.0	480.0	
2016-08-10	480.0	480.0	480.0	480.0	300
					0
					0
					0
					0
					0
					0
					0
					0
					0
2016-08-25	480.0	480.0	480.0	480.0	100
2016-08-25	480.0	480.0	480.0	480.0	
					0
					0
					0
					0
2016-09-01	474.0	474.0	474.0	474.0	
2016-09-01	474.0	474.0	474.0	474.0	200
					0
					0
					0
					0
					0
					0
					0
					0
					0
					0
					0
					0
					0
					0
					0
					0
					0
					0
					0
					0
					0
					0
					0
					0
					0
					0
					0
					0
					0
					0
					0
					0
					0
					0
					0
					0
					0
					0
					0
					0
					0
					0
					0
					0
					0
					0
					0
					0
					0
					0
					0
					0
					0
					0
					0
					0
					0
					0
					0
					0
					0
2016-11-29	460.0	460.0	460.0	460.0	100
2016-11-29	460.0	460.0	460.0	460.0	
					0
					0
					0
					0
					0
					0
					0
					0
					0
					0
					0
					0
					0
					0
					0
					0
					0
					0
					0
					0
					0
					0
					0
					0
					0
					0
					0
					0
					0
					0
					0
					0
2017-01-18	460.0	460.0	460.0	460.0	
2017-01-18	460.0	460.0	460.0	460.0	100
					0
					0
					0
					0
2017-01-25	460.0	460.0	460.0	460.0	
2017-01-25	460.0	460.0	460.0	460.0	100
					0
2017-01-27	480.0	480.0	480.0	480.0	100
2017-01-27	480.0	480.0	480.0	480.0	
					0
					0
					0
					0
					0
					0
					0
					0
					0
					0
					0
					0
					0
					0
2017-02-20	470.0	470.0	470.0	470.0	200
2017-02-21	478.0	478.0	478.0	478.0	100
2017-02-22	478.0	478.0	478.0	478.0	100
2017-02-22	478.0	478.0	478.0	478.0	
					0
2017-02-24	478.0	478.0	478.0	478.0	
2017-02-24	478.0	478.0	478.0	478.0	100
					0
2017-02-28	590.0	575.0	590.0	575.0	
2017-02-28	590.0	575.0	590.0	575.0	300
					0
					0
					0
					0
2017-03-07	575.0	575.0	575.0	575.0	100
2017-03-07	575.0	575.0	575.0	575.0	
					0
2017-03-09	715.0	625.0	715.0	625.0	1600
2017-03-09	715.0	625.0	715.0	625.0	
					0
2017-03-13	605.0	605.0	605.0	605.0	1900
2017-03-13	605.0	605.0	605.0	605.0	
					0
2017-03-15	625.0	625.0	625.0	625.0	100
2017-03-15	625.0	625.0	625.0	625.0	
					0
					0
					0
					0
2017-03-22	625.0	625.0	625.0	625.0	100
2017-03-22	625.0	625.0	625.0	625.0	
					0
					0
					0
2017-03-29	615.0	615.0	615.0	615.0	5000
2017-03-29	615.0	615.0	615.0	615.0	
					0
					0
					0
					0
					0
					0
					0
2017-04-10	760.0	615.0	760.0	615.0	
2017-04-10	760.0	615.0	760.0	615.0	500
					0
					0
					0
					0
					0
					0
					0
2017-04-25	760.0	760.0	760.0	760.0	100
2017-04-25	760.0	760.0	760.0	760.0	
					0
2017-04-27	750.0	750.0	760.0	760.0	1500
2017-04-28	745.0	745.0	745.0	745.0	
2017-04-28	745.0	745.0	745.0	745.0	1400
					0
					0
					0
					0
					0
					0
					0
					0
					0
					0
					0
					0
					0
2017-05-22	745.0	745.0	745.0	745.0	
2017-05-22	745.0	745.0	745.0	745.0	1300
					0
					0
					0
					0
					0
					0
					0
					0
2017-06-06	725.0	725.0	725.0	725.0	
2017-06-06	725.0	725.0	725.0	725.0	100
					0
					0
					0
					0
					0
					0
					0
					0
					0
					0
					0
					0
					0
					0
					0
					0
					0
					0
					0
					0
2017-07-13	750.0	750.0	750.0	750.0	100
2017-07-14	750.0	750.0	750.0	750.0	100
2017-07-14	750.0	750.0	750.0	750.0	
					0
					0
					0
					0
					0
					0
					0
					0
					0
					0
					0
					0
					0
					0
					0
					0
					0
					0
					0
					0
					0
					0
					0
2017-08-18	730.0	730.0	730.0	730.0	100
2017-08-18	730.0	730.0	730.0	730.0	
					0
					0
					0
					0
					0
					0
					0
					0
					0
					0
					0
					0
					0
					0
					0
					0
					0
					0
					0
					0
					0
					0
					0
					0
					0
2017-09-27	730.0	730.0	730.0	730.0	100
2017-09-27	730.0	730.0	730.0	730.0	
					0
					0
					0
					0
					0
					0
					0
					0
					0
					0
					0
2017-10-13	700.0	700.0	700.0	700.0	100
2017-10-13	700.0	700.0	700.0	700.0	
					0
					0
					0
					0
					0
					0
					0
					0
2017-10-26	720.0	720.0	720.0	720.0	100
2017-10-26	720.0	720.0	720.0	720.0	
					0
					0
					0
2017-11-01	570.0	540.0	720.0	540.0	23000
2017-11-02	505.0	406.0	505.0	406.0	144400
2017-11-03	400.0	306.0	400.0	366.0	404000
2017-11-06	330.0	310.0	360.0	358.0	65600
2017-11-07	340.0	340.0	360.0	360.0	25300
2017-11-08	360.0	340.0	362.0	346.0	20900
2017-11-09	346.0	346.0	350.0	350.0	4900
2017-11-10	360.0	360.0	360.0	360.0	10000
2017-11-13	344.0	340.0	344.0	340.0	
2017-11-13	344.0	340.0	344.0	340.0	1000
					0
					0
2017-11-16	338.0	302.0	340.0	302.0	
2017-11-16	338.0	302.0	340.0	302.0	3500
					0
2017-11-20	302.0	302.0	302.0	302.0	1000
2017-11-21	244.0	244.0	296.0	296.0	6000
2017-11-22	294.0	294.0	340.0	340.0	2500
2017-11-23	340.0	320.0	340.0	340.0	7400
2017-11-24	360.0	262.0	360.0	300.0	2300
2017-11-27	338.0	338.0	340.0	340.0	2700
2017-11-28	340.0	340.0	340.0	340.0	200
2017-11-28	340.0	340.0	340.0	340.0	
					0
2017-11-30	350.0	340.0	350.0	340.0	200
2017-12-04	360.0	340.0	360.0	340.0	600
2017-12-04	360.0	340.0	360.0	340.0	
					0
2017-12-06	256.0	256.0	316.0	316.0	2300
2017-12-07	290.0	282.0	290.0	290.0	1000
2017-12-08	272.0	272.0	288.0	288.0	
2017-12-08	272.0	272.0	288.0	288.0	11700
					0
2017-12-12	222.0	222.0	262.0	252.0	2600
2017-12-13	292.0	292.0	306.0	306.0	5200
2017-12-14	244.0	244.0	244.0	244.0	
2017-12-14	244.0	244.0	244.0	244.0	100
					0
					0
					0
2017-12-20	244.0	244.0	244.0	244.0	100
2017-12-21	268.0	246.0	288.0	288.0	17000
2017-12-22	290.0	290.0	290.0	290.0	100
2017-12-27	290.0	290.0	292.0	292.0	200
2017-12-28	290.0	278.0	362.0	294.0	13500
2017-12-29	282.0	282.0	338.0	338.0	5100
2018-01-02	330.0	330.0	338.0	338.0	200
2018-01-03	338.0	338.0	422.0	350.0	4300
2018-01-04	352.0	320.0	352.0	320.0	200
2018-01-05	320.0	320.0	400.0	322.0	15900
2018-01-08	302.0	302.0	302.0	302.0	1000
2018-01-09	302.0	302.0	340.0	338.0	4600
2018-01-10	340.0	340.0	340.0	340.0	100
2018-01-11	344.0	344.0	350.0	350.0	1200
2018-01-12	352.0	350.0	352.0	350.0	200
2018-01-15	352.0	352.0	352.0	352.0	
2018-01-15	352.0	352.0	352.0	352.0	100
					0
					0
					0
					0
2018-01-22	350.0	350.0	350.0	350.0	300
2018-01-23	352.0	352.0	352.0	352.0	
2018-01-23	352.0	352.0	352.0	352.0	100
					0
					0
					0
					0
					0
					0
					0
2018-02-02	350.0	350.0	350.0	350.0	
2018-02-02	350.0	350.0	350.0	350.0	100
					0
					0
					0
					0
					0
2018-02-12	350.0	350.0	350.0	350.0	100
2018-02-12	350.0	350.0	350.0	350.0	
					0
					0
					0
					0
					0
2018-02-21	346.0	346.0	348.0	348.0	7100
2018-02-21	346.0	346.0	348.0	348.0	
					0
2018-02-23	348.0	348.0	350.0	348.0	300
2018-02-23	348.0	348.0	350.0	348.0	
					0
					0
					0
					0
					0
					0
					0
					0
					0
2018-03-09	350.0	350.0	350.0	350.0	100
2018-03-09	350.0	350.0	350.0	350.0	
					0
					0
					0
					0
					0
					0
					0
					0
2018-03-22	340.0	340.0	340.0	340.0	100
2018-03-23	350.0	350.0	350.0	350.0	100
2018-03-23	350.0	350.0	350.0	350.0	
					0
					0
					0
2018-03-29	350.0	350.0	350.0	350.0	100
2018-03-29	350.0	350.0	350.0	350.0	
					0
					0
2018-04-04	300.0	300.0	300.0	300.0	1100
2018-04-05	300.0	282.0	350.0	282.0	38000
2018-04-06	254.0	212.0	290.0	290.0	900
2018-04-09	250.0	250.0	340.0	316.0	21000
2018-04-10	316.0	308.0	316.0	308.0	200
2018-04-11	280.0	260.0	306.0	306.0	4100
2018-04-12	304.0	304.0	304.0	304.0	
2018-04-12	304.0	304.0	304.0	304.0	100
					0
2018-04-16	304.0	304.0	324.0	324.0	1000
2018-04-16	304.0	304.0	324.0	324.0	
					0
2018-04-18	324.0	324.0	324.0	324.0	200
2018-04-18	324.0	324.0	324.0	324.0	
					0
2018-04-20	324.0	324.0	324.0	324.0	
2018-04-20	324.0	324.0	324.0	324.0	100
					0
					0
					0
					0
					0
					0
					0
					0
					0
					0
					0
2018-05-09	318.0	318.0	318.0	318.0	100
2018-05-11	318.0	316.0	318.0	316.0	
2018-05-11	318.0	316.0	318.0	316.0	200
					0
					0
2018-05-16	310.0	310.0	310.0	310.0	600
2018-05-16	310.0	310.0	310.0	310.0	
					0
2018-05-18	308.0	308.0	308.0	308.0	100
2018-05-21	252.0	252.0	252.0	252.0	300
2018-05-22	252.0	252.0	278.0	278.0	8200
2018-05-23	266.0	266.0	266.0	266.0	100
2018-05-24	270.0	240.0	270.0	266.0	5300
2018-05-24	270.0	240.0	270.0	266.0	
					0
2018-05-28	278.0	220.0	278.0	222.0	4000
2018-05-30	228.0	224.0	228.0	224.0	2900
2018-05-30	228.0	224.0	228.0	224.0	
					0
2018-06-04	230.0	204.0	266.0	208.0	11500
2018-06-05	258.0	206.0	258.0	220.0	127500
2018-06-06	220.0	208.0	220.0	212.0	300
2018-06-07	212.0	210.0	218.0	216.0	1900
2018-06-08	214.0	194.0	214.0	194.0	1300
2018-06-08	214.0	194.0	214.0	194.0	
					0
					0
2018-06-21	222.0	222.0	222.0	222.0	100
2018-06-22	272.0	220.0	272.0	254.0	700
2018-06-25	274.0	270.0	274.0	270.0	37800
2018-06-26	204.0	204.0	270.0	270.0	2000
2018-06-27	272.0	272.0	272.0	272.0	100
2018-06-28	220.0	220.0	272.0	236.0	700
2018-06-29	224.0	222.0	230.0	230.0	1100
2018-06-29	224.0	222.0	230.0	230.0	
					0
2018-07-03	214.0	214.0	214.0	214.0	100
2018-07-03	214.0	214.0	214.0	214.0	
					0
2018-07-05	202.0	169.0	224.0	224.0	6000
2018-07-06	224.0	224.0	278.0	270.0	3100
2018-07-09	278.0	278.0	334.0	330.0	14200
2018-07-10	334.0	320.0	334.0	320.0	5600
2018-07-11	242.0	242.0	344.0	344.0	9900
2018-07-12	352.0	352.0	352.0	352.0	100
2018-07-13	352.0	352.0	352.0	352.0	100
2018-07-16	352.0	352.0	352.0	352.0	100
2018-07-16	352.0	352.0	352.0	352.0	
					0
					0
					0
					0
					0
					0
					0
					0
					0
					0
					0
					0
					0
					0
					0
2018-08-07	340.0	264.0	340.0	306.0	5800
2018-08-07	340.0	264.0	340.0	306.0	
					0
2018-08-09	232.0	232.0	294.0	294.0	200
2018-08-09	232.0	232.0	294.0	294.0	
					0
					0
					0
					0
					0
					0
					0
					0
					0
					0
2018-08-28	294.0	294.0	342.0	310.0	
2018-08-28	294.0	294.0	342.0	310.0	800
					0
2018-08-30	290.0	270.0	290.0	286.0	3000
2018-08-31	274.0	216.0	274.0	254.0	20000
2018-09-03	252.0	230.0	252.0	230.0	1600
2018-09-04	214.0	214.0	214.0	214.0	
2018-09-04	214.0	214.0	214.0	214.0	1000
					0
2018-09-06	216.0	216.0	216.0	216.0	3500
2018-09-07	216.0	216.0	252.0	252.0	2200
2018-09-10	230.0	230.0	230.0	230.0	300
2018-09-12	240.0	240.0	240.0	240.0	
2018-09-12	240.0	240.0	240.0	240.0	100
					0
					0
					0
2018-09-18	216.0	214.0	242.0	220.0	3400
2018-09-18	216.0	214.0	242.0	220.0	
					0
2018-09-20	220.0	220.0	256.0	228.0	2700
2018-09-21	228.0	228.0	228.0	228.0	100
2018-09-21	228.0	228.0	228.0	228.0	
					0
					0
					0
2018-09-27	226.0	220.0	226.0	220.0	
2018-09-27	226.0	220.0	226.0	220.0	200
					0
2018-10-01	240.0	232.0	274.0	232.0	18500
2018-10-02	226.0	226.0	226.0	226.0	
2018-10-02	226.0	226.0	226.0	226.0	500
					0
					0
					0
					0
					0
2018-10-10	206.0	206.0	238.0	238.0	9300
2018-10-10	206.0	206.0	238.0	238.0	
					0
					0
2018-10-15	210.0	210.0	210.0	210.0	100
2018-10-16	195.0	175.0	199.0	193.0	6900
2018-10-17	192.0	188.0	192.0	190.0	1800
2018-10-18	200.0	200.0	200.0	200.0	100
2018-10-19	218.0	200.0	266.0	202.0	4500
2018-10-22	222.0	191.0	222.0	191.0	2100
2018-10-23	196.0	196.0	196.0	196.0	100
2018-10-23	196.0	196.0	196.0	196.0	
					0
2018-10-25	200.0	194.0	220.0	194.0	1300
2018-10-26	192.0	186.0	192.0	186.0	1400
2018-10-29	188.0	188.0	188.0	188.0	1000
2018-10-30	198.0	123.0	198.0	188.0	2300
2018-10-31	126.0	126.0	190.0	184.0	10400
2018-11-01	184.0	131.0	184.0	180.0	5600
2018-11-02	182.0	172.0	184.0	184.0	2200
2018-11-05	181.0	160.0	181.0	179.0	2500
2018-11-06	173.0	173.0	178.0	174.0	700
2018-11-07	168.0	168.0	168.0	168.0	500
2018-11-08	180.0	165.0	180.0	180.0	900
2018-11-09	168.0	150.0	168.0	150.0	400
2018-11-12	176.0	150.0	176.0	164.0	4400
2018-11-13	174.0	172.0	174.0	172.0	300
2018-11-14	172.0	121.0	172.0	156.0	5400
2018-11-15	146.0	136.0	146.0	143.0	6300
2018-11-16	133.0	111.0	143.0	142.0	33800
2018-11-19	133.0	133.0	133.0	133.0	200
2018-11-21	133.0	133.0	133.0	133.0	100
2018-11-22	88.0	88.0	133.0	112.0	23000
2018-11-23	141.0	114.0	151.0	151.0	100300
2018-11-26	152.0	151.0	202.0	202.0	102100
2018-11-27	220.0	220.0	252.0	252.0	77600
2018-11-28	254.0	252.0	314.0	294.0	161200
2018-11-29	300.0	234.0	300.0	296.0	29500
2018-11-30	296.0	264.0	324.0	300.0	33800
2018-12-03	314.0	232.0	374.0	290.0	76700
2018-12-04	308.0	260.0	362.0	306.0	57700
2018-12-05	306.0	276.0	350.0	276.0	26700
2018-12-06	296.0	296.0	344.0	344.0	146400
2018-12-07	346.0	346.0	430.0	418.0	97200
2018-12-10	430.0	424.0	510.0	430.0	147000
2018-12-10	430.0	424.0	510.0	430.0	
					0
2018-12-12	430.0	430.0	535.0	460.0	98200
2018-12-13	460.0	450.0	545.0	450.0	57800
2018-12-14	450.0	340.0	470.0	340.0	31400
2018-12-17	336.0	336.0	424.0	424.0	83700
2018-12-18	444.0	418.0	530.0	500.0	131700
2018-12-19	500.0	500.0	620.0	535.0	152400
2018-12-20	535.0	535.0	660.0	610.0	
2018-12-20	535.0	535.0	660.0	610.0	65600
					0
					0
2018-12-27	650.0	490.0	685.0	505.0	141800
2018-12-28	545.0	480.0	545.0	480.0	54100
2019-01-02	480.0	422.0	480.0	462.0	8000
2019-01-03	482.0	482.0	575.0	550.0	46300
2019-01-04	550.0	480.0	550.0	530.0	77600
2019-01-07	580.0	420.0	580.0	530.0	36000
2019-01-08	530.0	460.0	560.0	460.0	55200
2019-01-09	460.0	460.0	550.0	530.0	3300
2019-01-10	530.0	432.0	530.0	505.0	12000
2019-01-11	530.0	450.0	530.0	450.0	15100
2019-01-14	470.0	470.0	500.0	486.0	11800
2019-01-15	494.0	494.0	550.0	500.0	7500
2019-01-16	530.0	505.0	540.0	505.0	400
2019-01-17	510.0	510.0	510.0	510.0	100
2019-01-18	510.0	500.0	510.0	500.0	1800
2019-01-21	515.0	505.0	625.0	520.0	8900
2019-01-22	505.0	498.0	630.0	525.0	19000
2019-01-23	525.0	446.0	595.0	500.0	9900
2019-01-24	456.0	420.0	492.0	420.0	42500
2019-01-25	420.0	342.0	420.0	374.0	16700
2019-01-28	374.0	304.0	400.0	374.0	15900
2019-01-29	372.0	314.0	372.0	314.0	26800
2019-01-30	314.0	284.0	314.0	284.0	3400
2019-01-31	284.0	264.0	284.0	268.0	1700
2019-02-01	268.0	268.0	334.0	334.0	31000
2019-02-04	356.0	356.0	416.0	416.0	30400
2019-02-06	500.0	450.0	520.0	490.0	104300
2019-02-07	472.0	440.0	472.0	458.0	22300
2019-02-08	458.0	458.0	470.0	466.0	3400
2019-02-11	464.0	464.0	464.0	464.0	500
2019-02-12	462.0	462.0	462.0	462.0	500
2019-02-13	462.0	444.0	550.0	444.0	8200
2019-02-14	444.0	442.0	498.0	498.0	4600
2019-02-15	505.0	398.0	505.0	398.0	7400
2019-02-18	496.0	392.0	496.0	486.0	21000
2019-02-19	505.0	368.0	505.0	438.0	10500
2019-02-20	438.0	360.0	438.0	386.0	31200
2019-02-21	410.0	410.0	410.0	410.0	200
2019-02-22	408.0	408.0	410.0	410.0	1300
2019-02-25	406.0	406.0	410.0	408.0	5000
2019-02-26	406.0	406.0	408.0	408.0	500
2019-02-27	384.0	350.0	406.0	350.0	1600
2019-02-28	344.0	342.0	344.0	342.0	14600
2019-03-01	342.0	260.0	342.0	342.0	4300
2019-03-04	342.0	282.0	342.0	308.0	13600
2019-03-05	320.0	310.0	320.0	310.0	600
2019-03-06	240.0	240.0	350.0	344.0	9500
2019-03-08	330.0	328.0	330.0	330.0	600
2019-03-11	330.0	330.0	344.0	342.0	2500
2019-03-12	340.0	328.0	400.0	354.0	4700
2019-03-13	336.0	314.0	356.0	340.0	2200
2019-03-14	322.0	322.0	322.0	322.0	100
2019-03-15	326.0	310.0	326.0	310.0	2000
2019-03-18	300.0	300.0	332.0	332.0	7500
2019-03-19	332.0	330.0	332.0	330.0	300
2019-03-19	332.0	330.0	332.0	330.0	
					0
2019-03-21	326.0	280.0	366.0	358.0	14500
2019-03-22	380.0	378.0	380.0	378.0	400
2019-03-25	376.0	290.0	376.0	310.0	1200
2019-03-26	320.0	310.0	320.0	310.0	5000
2019-03-27	294.0	292.0	294.0	292.0	1100
2019-03-28	300.0	300.0	300.0	300.0	800
2019-03-29	320.0	320.0	320.0	320.0	300
2019-03-29	320.0	320.0	320.0	320.0	
					0
2019-04-02	310.0	290.0	310.0	290.0	200
2019-04-04	294.0	294.0	316.0	298.0	800
2019-04-05	298.0	298.0	298.0	298.0	800
2019-04-08	294.0	284.0	294.0	284.0	1200
2019-04-09	300.0	300.0	300.0	300.0	100
2019-04-09	300.0	300.0	300.0	300.0	
					0
2019-04-11	282.0	280.0	286.0	280.0	900
2019-04-12	276.0	276.0	276.0	276.0	300
2019-04-15	262.0	262.0	320.0	270.0	1700
2019-04-16	272.0	272.0	282.0	282.0	600
2019-04-18	260.0	260.0	280.0	270.0	2500
2019-04-22	278.0	278.0	278.0	278.0	300
2019-04-23	262.0	262.0	272.0	272.0	200
2019-04-24	272.0	272.0	318.0	318.0	1100
2019-04-25	280.0	264.0	318.0	318.0	4600
2019-04-26	268.0	268.0	274.0	274.0	400
2019-04-29	300.0	274.0	300.0	274.0	900
2019-04-30	214.0	214.0	214.0	214.0	200
2019-04-30	214.0	214.0	214.0	214.0	
					0
2019-05-03	250.0	250.0	266.0	266.0	1300
2019-05-06	312.0	268.0	316.0	268.0	46300
2019-05-07	270.0	270.0	272.0	270.0	30000
2019-05-08	282.0	282.0	310.0	310.0	13000
2019-05-09	306.0	306.0	320.0	318.0	4600
2019-05-10	318.0	318.0	320.0	320.0	50600
2019-05-13	300.0	300.0	300.0	300.0	2300
2019-05-14	300.0	300.0	300.0	300.0	
2019-05-14	300.0	300.0	300.0	300.0	600
					0
					0
2019-05-17	292.0	282.0	292.0	282.0	
2019-05-17	292.0	282.0	292.0	282.0	500
					0
					0
					0
2019-05-23	214.0	214.0	214.0	214.0	100
2019-05-24	222.0	220.0	264.0	264.0	12400
2019-05-27	328.0	222.0	328.0	244.0	19100
2019-05-28	246.0	246.0	298.0	298.0	8000
2019-05-29	298.0	298.0	370.0	356.0	4600
2019-05-31	356.0	356.0	442.0	360.0	2700
2019-06-10	360.0	280.0	450.0	304.0	16900
2019-06-11	290.0	290.0	292.0	292.0	300
2019-06-12	294.0	292.0	294.0	294.0	2000
2019-06-13	222.0	222.0	360.0	284.0	31000
2019-06-14	252.0	252.0	338.0	338.0	500
2019-06-17	338.0	338.0	372.0	372.0	43700
2019-06-18	372.0	372.0	460.0	436.0	16800
2019-06-19	430.0	328.0	430.0	430.0	8200
2019-06-20	428.0	428.0	530.0	500.0	2200
2019-06-21	550.0	376.0	550.0	376.0	7500
2019-06-24	376.0	376.0	378.0	376.0	2900
2019-06-25	376.0	376.0	458.0	448.0	1200
2019-06-26	520.0	376.0	520.0	382.0	4100
2019-06-27	382.0	382.0	382.0	382.0	100
2019-06-28	290.0	290.0	330.0	330.0	200
2019-07-01	340.0	340.0	352.0	352.0	3100
2019-07-01	340.0	340.0	352.0	352.0	
					0
2019-07-03	354.0	354.0	398.0	380.0	2700
2019-07-03	354.0	354.0	398.0	380.0	
					0
2019-07-05	390.0	390.0	390.0	390.0	100
2019-07-05	390.0	390.0	390.0	390.0	
					0
2019-07-09	376.0	370.0	376.0	370.0	700
2019-07-10	380.0	370.0	380.0	370.0	300
2019-07-11	368.0	368.0	390.0	390.0	72000
2019-07-12	340.0	310.0	340.0	330.0	300
2019-07-15	330.0	330.0	412.0	330.0	18400
2019-07-16	330.0	330.0	350.0	330.0	3200
2019-07-17	330.0	330.0	330.0	330.0	900
2019-07-17	330.0	330.0	330.0	330.0	
					0
2019-07-19	330.0	330.0	330.0	330.0	5400
2019-07-22	350.0	300.0	410.0	320.0	25700
2019-07-23	302.0	302.0	380.0	370.0	7500
2019-07-24	368.0	368.0	450.0	430.0	12100
2019-07-25	430.0	340.0	450.0	374.0	42600
2019-07-26	376.0	376.0	460.0	450.0	6500
2019-07-29	440.0	440.0	440.0	440.0	500
2019-07-30	436.0	344.0	436.0	420.0	14500
2019-07-31	410.0	382.0	520.0	386.0	13900
2019-08-01	386.0	386.0	430.0	430.0	24400
2019-08-02	430.0	430.0	480.0	480.0	144800
2019-08-05	480.0	400.0	585.0	478.0	25800
2019-08-06	478.0	470.0	478.0	470.0	1300
2019-08-07	494.0	486.0	535.0	486.0	5400
2019-08-08	505.0	484.0	505.0	484.0	600
2019-08-09	470.0	422.0	484.0	422.0	46400
2019-08-12	422.0	422.0	444.0	438.0	23600
2019-08-13	488.0	460.0	488.0	460.0	1100
2019-08-14	480.0	448.0	490.0	480.0	254200
2019-08-15	484.0	484.0	484.0	484.0	100
2019-08-16	486.0	486.0	486.0	486.0	400
2019-08-19	474.0	474.0	490.0	490.0	27100
2019-08-20	490.0	472.0	500.0	500.0	1200
2019-08-21	468.0	468.0	595.0	595.0	21200
2019-08-22	600.0	500.0	600.0	540.0	23900
2019-08-23	470.0	470.0	540.0	540.0	4700
2019-08-26	498.0	498.0	540.0	540.0	87500
2019-08-27	560.0	472.0	670.0	670.0	
2019-08-27	560.0	472.0	670.0	670.0	3800
					0
2019-08-29	660.0	530.0	800.0	580.0	9500
2019-08-30	620.0	580.0	620.0	580.0	8200
2019-08-30	620.0	580.0	620.0	580.0	
					0
2019-09-03	515.0	515.0	525.0	525.0	300
2019-09-04	550.0	525.0	550.0	525.0	200
2019-09-05	525.0	525.0	525.0	525.0	1400
2019-09-06	555.0	555.0	555.0	555.0	400
2019-09-09	555.0	555.0	600.0	600.0	1100
2019-09-10	600.0	540.0	600.0	540.0	8500
2019-09-11	540.0	540.0	630.0	630.0	79800
2019-09-11	540.0	540.0	630.0	630.0	
					0
					0
2019-09-16	476.0	476.0	625.0	625.0	5700
2019-09-17	675.0	640.0	675.0	640.0	200
2019-09-18	745.0	670.0	745.0	670.0	2100
2019-09-19	720.0	505.0	720.0	690.0	4900
2019-09-20	740.0	530.0	740.0	680.0	10200
2019-09-23	730.0	730.0	730.0	730.0	100
2019-09-24	780.0	725.0	780.0	725.0	1200
2019-09-25	775.0	775.0	775.0	775.0	100
2019-09-26	775.0	720.0	775.0	720.0	
2019-09-26	775.0	720.0	775.0	720.0	700
					0
2019-09-30	770.0	730.0	900.0	840.0	2700
2019-10-01	890.0	650.0	1045.0	790.0	14200
2019-10-02	840.0	775.0	840.0	810.0	400
2019-10-03	900.0	805.0	900.0	805.0	200
2019-10-04	790.0	790.0	850.0	850.0	200
2019-10-07	850.0	850.0	850.0	850.0	100
2019-10-08	900.0	840.0	900.0	840.0	1500
2019-10-09	1045.0	700.0	1045.0	700.0	12200
2019-10-10	700.0	550.0	725.0	580.0	2900
2019-10-11	585.0	585.0	710.0	710.0	900
2019-10-14	710.0	700.0	750.0	740.0	2400
2019-10-15	750.0	580.0	750.0	720.0	5000
2019-10-16	720.0	620.0	725.0	655.0	20800
2019-10-17	655.0	655.0	655.0	655.0	1800
2019-10-18	630.0	630.0	755.0	630.0	24800
2019-10-21	755.0	700.0	755.0	700.0	1300
2019-10-22	745.0	700.0	745.0	700.0	1200
2019-10-22	745.0	700.0	745.0	700.0	
					0
2019-10-24	610.0	610.0	650.0	610.0	6700
2019-10-25	610.0	610.0	610.0	610.0	1200
2019-10-28	600.0	600.0	695.0	695.0	6200
2019-10-29	695.0	600.0	745.0	605.0	4700
2019-10-30	605.0	605.0	660.0	630.0	500
2019-10-31	610.0	610.0	610.0	610.0	2400
2019-11-01	650.0	650.0	650.0	650.0	100
2019-11-04	600.0	600.0	615.0	610.0	1800
2019-11-05	610.0	610.0	745.0	740.0	3900
2019-11-06	740.0	650.0	740.0	650.0	1700
2019-11-07	650.0	650.0	660.0	660.0	800
2019-11-08	640.0	640.0	700.0	700.0	14500
2019-11-08	640.0	640.0	700.0	700.0	
					0
					0
2019-11-13	650.0	650.0	650.0	650.0	100
2019-11-13	650.0	650.0	650.0	650.0	
					0
					0
					0
					0
					0
2019-11-21	500.0	500.0	500.0	500.0	300
2019-11-22	505.0	505.0	505.0	505.0	200
2019-11-25	600.0	600.0	600.0	600.0	1000
2019-11-26	600.0	600.0	660.0	660.0	2600
2019-11-27	740.0	625.0	820.0	740.0	10400
2019-11-28	740.0	600.0	740.0	740.0	2200
2019-11-28	740.0	600.0	740.0	740.0	
					0
					0
					0
					0
					0
					0
					0
					0
					0
					0
					0
2019-12-16	630.0	630.0	630.0	630.0	1400
2019-12-17	476.0	476.0	630.0	630.0	1100
2019-12-18	580.0	580.0	580.0	580.0	100
2019-12-19	590.0	590.0	720.0	590.0	4000
2019-12-20	730.0	730.0	730.0	730.0	100
2019-12-23	650.0	650.0	650.0	650.0	
2019-12-23	650.0	650.0	650.0	650.0	700
					0
					0
2019-12-30	640.0	630.0	640.0	630.0	3700
2019-12-30	640.0	630.0	640.0	630.0	
					0
					0
					0
2020-01-07	620.0	620.0	620.0	620.0	10100
2020-01-08	700.0	700.0	700.0	700.0	13300
2020-01-09	700.0	700.0	710.0	710.0	
2020-01-09	700.0	700.0	710.0	710.0	9000
					0
					0
					0
					0
					0
					0
2020-01-20	660.0	610.0	760.0	650.0	3900
2020-01-20	660.0	610.0	760.0	650.0	
					0
2020-01-22	600.0	600.0	650.0	650.0	700
2020-01-23	630.0	630.0	630.0	630.0	1000
2020-01-24	580.0	580.0	580.0	580.0	400
2020-01-27	580.0	580.0	600.0	600.0	
2020-01-27	580.0	580.0	600.0	600.0	4000
					0
					0
					0
					0
					0
					0
					0
					0
					0
					0
					0
					0
2020-02-13	600.0	600.0	600.0	600.0	500
2020-02-13	600.0	600.0	600.0	600.0	
					0
					0
					0
					0
					0
					0
					0
					0
					0
					0
					0
					0
2020-03-03	610.0	600.0	610.0	600.0	14500
2020-03-03	610.0	600.0	610.0	600.0	
					0
					0
					0
					0
					0
					0
					0
					0
					0
					0
					0
2020-03-19	565.0	565.0	565.0	565.0	200
2020-03-20	530.0	530.0	530.0	530.0	100
2020-03-23	494.0	494.0	494.0	494.0	
2020-03-23	494.0	494.0	494.0	494.0	400
					0
					0
					0
					0
					0
					0
					0
2020-04-03	462.0	460.0	462.0	460.0	
2020-04-03	462.0	460.0	462.0	460.0	200
					0
					0
					0
2020-04-09	428.0	428.0	428.0	428.0	300
2020-04-09	428.0	428.0	428.0	428.0	
					0
					0
					0
					0
					0
					0
					0
					0
					0
					0
					0
					0
					0
					0
					0
					0
					0
					0
					0
					0
					0
					0
					0
					0
					0
					0
					0
					0
					0
					0
2020-06-02	426.0	426.0	428.0	428.0	3900
2020-06-03	530.0	428.0	530.0	428.0	7300
2020-06-03	530.0	428.0	530.0	428.0	
					0
					0
					0
2020-06-09	450.0	450.0	450.0	450.0	100
2020-06-10	470.0	458.0	470.0	458.0	200
2020-06-11	510.0	510.0	550.0	510.0	500
2020-06-12	610.0	478.0	630.0	478.0	12400
2020-06-15	476.0	446.0	476.0	446.0	12700
2020-06-16	418.0	418.0	550.0	550.0	1900
2020-06-17	550.0	525.0	550.0	525.0	200
2020-06-18	505.0	490.0	505.0	490.0	
2020-06-18	505.0	490.0	505.0	490.0	200
					0
2020-06-22	486.0	486.0	486.0	486.0	100
2020-06-22	486.0	486.0	486.0	486.0	
					0
2020-06-24	484.0	484.0	484.0	484.0	100
2020-06-25	600.0	590.0	600.0	590.0	300
2020-06-26	565.0	550.0	565.0	550.0	600
2020-06-26	565.0	550.0	565.0	550.0	
					0
2020-06-30	550.0	550.0	550.0	550.0	100
2020-06-30	550.0	550.0	550.0	550.0	
					0
					0
2020-07-03	535.0	515.0	535.0	515.0	2500
2020-07-06	484.0	484.0	484.0	484.0	500
2020-07-07	456.0	456.0	456.0	456.0	100
2020-07-07	456.0	456.0	456.0	456.0	
					0
2020-07-09	450.0	450.0	450.0	450.0	100
2020-07-10	432.0	432.0	432.0	432.0	100
2020-07-13	430.0	430.0	500.0	500.0	800
2020-07-14	496.0	492.0	496.0	492.0	200
2020-07-15	492.0	488.0	492.0	488.0	200
2020-07-15	492.0	488.0	492.0	488.0	
					0
2020-07-17	486.0	486.0	486.0	486.0	100
2020-07-20	482.0	482.0	482.0	482.0	100
2020-07-21	478.0	478.0	478.0	478.0	100
2020-07-21	478.0	478.0	478.0	478.0	
					0
2020-07-23	498.0	498.0	498.0	498.0	100
2020-07-24	494.0	494.0	494.0	494.0	200
2020-07-27	490.0	490.0	490.0	490.0	100
2020-07-28	486.0	486.0	486.0	486.0	100
2020-07-29	482.0	482.0	484.0	484.0	2200
2020-07-29	482.0	482.0	484.0	484.0	
					0
					0
					0
					0
2020-08-06	482.0	482.0	550.0	525.0	
2020-08-06	482.0	482.0	550.0	525.0	300
					0
					0
					0
					0
2020-08-13	525.0	525.0	525.0	525.0	100
2020-08-14	525.0	525.0	525.0	525.0	300
2020-08-18	515.0	515.0	515.0	515.0	100
2020-08-19	510.0	510.0	510.0	510.0	100
2020-08-24	505.0	505.0	505.0	505.0	
2020-08-24	505.0	505.0	505.0	505.0	2200
					0
2020-08-26	498.0	496.0	498.0	496.0	
2020-08-26	498.0	496.0	498.0	496.0	200
					0
					0
2020-08-31	492.0	492.0	492.0	492.0	2300
2020-09-01	488.0	488.0	488.0	488.0	
2020-09-01	488.0	488.0	488.0	488.0	2400
					0
					0
					0
					0
					0
2020-09-09	500.0	498.0	500.0	498.0	
2020-09-09	500.0	498.0	500.0	498.0	200
					0
					0
2020-09-14	498.0	498.0	498.0	498.0	200
2020-09-14	498.0	498.0	498.0	498.0	
					0
2020-09-16	474.0	474.0	476.0	476.0	2400
2020-09-17	456.0	456.0	505.0	498.0	2800
2020-09-18	494.0	494.0	496.0	496.0	2600
2020-09-21	492.0	472.0	494.0	494.0	
2020-09-21	492.0	472.0	494.0	494.0	6700
					0
2020-09-23	486.0	486.0	490.0	490.0	
2020-09-23	486.0	486.0	490.0	490.0	2700
					0
					0
					0
					0
					0
2020-10-01	488.0	486.0	488.0	486.0	3100
2020-10-01	488.0	486.0	488.0	486.0	
					0
					0
2020-10-06	478.0	478.0	480.0	480.0	3100
2020-10-07	478.0	478.0	480.0	480.0	
2020-10-07	478.0	478.0	480.0	480.0	3100
					0
2020-10-09	480.0	480.0	480.0	480.0	
2020-10-09	480.0	480.0	480.0	480.0	3400
					0
					0
2020-10-14	478.0	478.0	480.0	480.0	3400
2020-10-15	478.0	478.0	480.0	480.0	
2020-10-15	478.0	478.0	480.0	480.0	3500
					0
2020-10-19	480.0	480.0	480.0	480.0	
2020-10-19	480.0	480.0	480.0	480.0	2000
					0
					0
					0
					0
					0
					0
2020-11-02	448.0	448.0	448.0	448.0	200
2020-11-03	418.0	418.0	418.0	418.0	400
2020-11-04	398.0	398.0	418.0	418.0	500
2020-11-05	398.0	398.0	398.0	398.0	100
2020-11-06	374.0	374.0	374.0	374.0	1100
2020-11-09	350.0	350.0	350.0	350.0	100
2020-11-09	350.0	350.0	350.0	350.0	
					0
2020-11-11	330.0	330.0	330.0	330.0	100
2020-11-11	330.0	330.0	330.0	330.0	
					0
2020-11-13	310.0	310.0	310.0	310.0	100
2020-11-16	290.0	290.0	290.0	290.0	200
2020-11-17	292.0	292.0	292.0	292.0	100
2020-11-18	292.0	274.0	364.0	364.0	3400
2020-11-19	452.0	364.0	452.0	364.0	2800
2020-11-20	362.0	362.0	454.0	454.0	3200
2020-11-23	454.0	454.0	550.0	460.0	4400
2020-11-24	454.0	430.0	454.0	430.0	700
2020-11-25	400.0	400.0	430.0	400.0	900
2020-11-26	400.0	374.0	400.0	374.0	200
2020-11-27	354.0	354.0	444.0	444.0	800
2020-11-30	422.0	422.0	470.0	470.0	18800
2020-12-01	438.0	438.0	438.0	438.0	200
2020-12-02	428.0	410.0	488.0	488.0	500
2020-12-03	460.0	456.0	460.0	456.0	200
2020-12-04	430.0	430.0	456.0	430.0	1100
2020-12-07	420.0	402.0	510.0	510.0	10500
2020-12-08	510.0	505.0	510.0	505.0	14000
2020-12-10	500.0	500.0	500.0	500.0	300
2020-12-10	500.0	500.0	500.0	500.0	
					0
					0
					0
					0
					0
2020-12-18	490.0	490.0	490.0	490.0	300
2020-12-21	490.0	490.0	490.0	490.0	100
2020-12-22	470.0	462.0	470.0	462.0	300
2020-12-23	462.0	462.0	490.0	490.0	200
2020-12-28	486.0	482.0	488.0	482.0	1100
2020-12-29	482.0	482.0	500.0	500.0	400
2020-12-30	498.0	476.0	498.0	476.0	2100
2021-01-04	476.0	476.0	476.0	476.0	200
2021-01-05	474.0	474.0	474.0	474.0	
2021-01-05	474.0	474.0	474.0	474.0	500
					0
					0
2021-01-08	450.0	450.0	450.0	450.0	100
2021-01-11	420.0	420.0	420.0	420.0	1600
2021-01-12	420.0	416.0	420.0	418.0	400
2021-01-13	418.0	418.0	420.0	420.0	7600
2021-01-13	418.0	418.0	420.0	420.0	
					0
					0
2021-01-18	400.0	396.0	400.0	398.0	
2021-01-18	400.0	396.0	400.0	398.0	24300
					0
2021-01-20	376.0	376.0	378.0	378.0	3700
2021-01-21	358.0	358.0	358.0	358.0	
2021-01-21	358.0	358.0	358.0	358.0	300
					0
2021-01-25	338.0	338.0	358.0	358.0	4200
2021-01-26	338.0	338.0	338.0	338.0	200
2021-01-27	318.0	318.0	338.0	320.0	4000
2021-01-28	300.0	300.0	300.0	300.0	200
2021-01-29	282.0	282.0	300.0	300.0	4100
2021-02-01	282.0	282.0	298.0	298.0	200
2021-02-02	280.0	280.0	300.0	300.0	4000
2021-02-03	298.0	282.0	298.0	284.0	300
2021-02-04	280.0	268.0	284.0	268.0	4100
2021-02-05	260.0	250.0	260.0	250.0	200
2021-02-08	262.0	262.0	262.0	262.0	
2021-02-08	262.0	262.0	262.0	262.0	3700
					0
					0
2021-02-11	246.0	246.0	246.0	246.0	
2021-02-11	246.0	246.0	246.0	246.0	100
					0
					0
					0
					0
2021-02-19	256.0	256.0	270.0	270.0	2200
2021-02-19	256.0	256.0	270.0	270.0	
					0
					0
					0
					0
2021-02-26	260.0	260.0	260.0	260.0	100
2021-03-01	282.0	282.0	290.0	282.0	1000
2021-03-02	284.0	284.0	284.0	284.0	100
2021-03-02	284.0	284.0	284.0	284.0	
					0
					0
					0
					0
					0
					0
					0
					0
					0
					0
2021-03-18	270.0	270.0	270.0	270.0	
2021-03-18	270.0	270.0	270.0	270.0	100
					0
					0
					0
					0
					0
					0
					0
					0
					0
					0
					0
					0
					0
					0
					0
					0
					0
2021-04-14	290.0	270.0	336.0	336.0	4300
2021-04-15	370.0	370.0	420.0	420.0	1500
2021-04-16	500.0	500.0	525.0	525.0	4300
2021-04-19	525.0	525.0	655.0	655.0	64000
2021-04-20	690.0	690.0	815.0	815.0	58600
2021-04-21	840.0	840.0	1015.0	1015.0	33300
2021-04-22	1170.0	1170.0	1265.0	1265.0	34000
2021-04-22	1170.0	1170.0	1265.0	1265.0	
					0
2021-04-26	1500.0	1500.0	1580.0	1580.0	42100
2021-04-27	1970.0	1970.0	1975.0	1975.0	23400
2021-04-27	1970.0	1970.0	1975.0	1975.0	
					0
					0
					0
					0
					0
					0
2021-05-06	1975.0	1975.0	2460.0	2460.0	53000
2021-05-07	2520.0	2460.0	3070.0	3070.0	97200
2021-05-10	3810.0	2860.0	3830.0	2860.0	72800
2021-05-11	2860.0	2660.0	2860.0	2660.0	4100
2021-05-17	2660.0	2480.0	2660.0	2480.0	3300
2021-05-18	2310.0	2310.0	2310.0	2310.0	2300
2021-05-19	2150.0	2150.0	2150.0	2150.0	24200
2021-05-20	2000.0	2000.0	2000.0	2000.0	2900
2021-05-21	1860.0	1860.0	1860.0	1860.0	4800
2021-05-24	1730.0	1730.0	1730.0	1730.0	2400
2021-05-25	1610.0	1610.0	1610.0	1610.0	24800
2021-05-27	1560.0	1500.0	2010.0	1805.0	197400
2021-05-28	1810.0	1680.0	1920.0	1680.0	42300
2021-05-31	1680.0	1565.0	1700.0	1565.0	19600
2021-06-02	1565.0	1460.0	1925.0	1460.0	55000
2021-06-03	1460.0	1360.0	1460.0	1405.0	14800
2021-06-04	1390.0	1310.0	1750.0	1560.0	91800
2021-06-07	1560.0	1455.0	1640.0	1510.0	33200
2021-06-08	1515.0	1405.0	1515.0	1405.0	16000
2021-06-09	1405.0	1390.0	1450.0	1405.0	13500
2021-06-10	1405.0	1350.0	1405.0	1360.0	7100
2021-06-11	1360.0	1320.0	1570.0	1570.0	8800
2021-06-14	1550.0	1465.0	1555.0	1465.0	6000
2021-06-15	1365.0	1365.0	1420.0	1365.0	7300
2021-06-16	1365.0	1300.0	1365.0	1340.0	800
2021-06-17	1340.0	1325.0	1340.0	1340.0	3000
2021-06-18	1290.0	1250.0	1510.0	1400.0	3600
2021-06-21	1480.0	1305.0	1480.0	1305.0	5100
2021-06-22	1305.0	1215.0	1400.0	1215.0	8700
2021-06-23	1215.0	1130.0	1400.0	1400.0	4100
2021-06-24	1400.0	1305.0	1400.0	1375.0	3100
2021-06-25	1315.0	1280.0	1520.0	1280.0	139600
2021-06-28	1280.0	1195.0	1400.0	1195.0	23900
2021-06-29	1195.0	1115.0	1195.0	1115.0	15700
2021-06-30	1115.0	1115.0	1115.0	1115.0	900
2021-07-01	1115.0	1050.0	1125.0	1050.0	2100
2021-07-02	1000.0	980.0	1005.0	995.0	15100
2021-07-05	1000.0	930.0	1135.0	940.0	14500
2021-07-06	930.0	880.0	990.0	900.0	11000
2021-07-07	905.0	905.0	1125.0	1125.0	64100
2021-07-08	1135.0	1130.0	1400.0	1130.0	44400
2021-07-09	1130.0	1055.0	1180.0	1145.0	11400
2021-07-12	1145.0	1065.0	1310.0	1065.0	11800
2021-07-13	1070.0	1070.0	1200.0	1185.0	9500
2021-07-14	1185.0	1105.0	1185.0	1105.0	5900
2021-07-15	1105.0	1105.0	1105.0	1105.0	1600
2021-07-16	1100.0	1050.0	1100.0	1050.0	1300
2021-07-19	1050.0	1050.0	1050.0	1050.0	1700
2021-07-21	985.0	985.0	1150.0	1100.0	3900
2021-07-22	1100.0	1100.0	1100.0	1100.0	1800
2021-07-23	1025.0	1025.0	1230.0	1025.0	7100
2021-07-26	960.0	960.0	1230.0	980.0	16100
2021-07-27	980.0	930.0	1080.0	1025.0	31800
2021-07-28	1020.0	955.0	1020.0	955.0	4400
2021-07-29	895.0	895.0	995.0	975.0	9900
2021-07-30	975.0	975.0	990.0	985.0	6700
2021-08-02	985.0	920.0	985.0	980.0	4700
2021-08-03	1000.0	990.0	1000.0	990.0	13900
2021-08-04	930.0	930.0	985.0	985.0	1300
2021-08-05	930.0	930.0	980.0	935.0	2100
2021-08-06	920.0	900.0	1090.0	935.0	31100
2021-08-09	935.0	905.0	975.0	975.0	2200
2021-08-10	1025.0	915.0	1025.0	970.0	16800
2021-08-12	1045.0	925.0	1045.0	925.0	3300
2021-08-13	925.0	895.0	1045.0	915.0	4900
2021-08-16	985.0	915.0	985.0	970.0	7800
2021-08-18	915.0	905.0	955.0	920.0	4600
2021-08-19	900.0	860.0	900.0	880.0	7100
2021-08-20	975.0	950.0	975.0	950.0	1700
2021-08-23	905.0	890.0	945.0	900.0	5000
2021-08-24	905.0	850.0	910.0	855.0	4200
2021-08-25	855.0	855.0	855.0	855.0	600
2021-08-26	855.0	835.0	860.0	835.0	300
2021-08-27	840.0	840.0	980.0	950.0	23400
2021-08-30	950.0	890.0	980.0	980.0	7300
2021-08-31	980.0	980.0	980.0	980.0	400
2021-09-01	1030.0	995.0	1030.0	995.0	200
2021-09-01	1030.0	995.0	1030.0	995.0	
					0
2021-09-03	970.0	930.0	970.0	930.0	2800
2021-09-06	930.0	870.0	930.0	900.0	2300
2021-09-07	900.0	850.0	975.0	975.0	10400
2021-09-08	975.0	915.0	975.0	915.0	600
2021-09-09	915.0	865.0	915.0	915.0	1400
2021-09-10	970.0	870.0	980.0	955.0	11800
2021-09-13	910.0	910.0	985.0	985.0	4900
2021-09-14	985.0	920.0	1030.0	920.0	7000
2021-09-15	865.0	865.0	880.0	880.0	1200
2021-09-16	880.0	880.0	880.0	880.0	1300
2021-09-17	825.0	825.0	825.0	825.0	100
2021-09-20	830.0	830.0	945.0	925.0	1400
2021-09-21	995.0	885.0	995.0	885.0	6100
2021-09-22	890.0	890.0	890.0	890.0	300
2021-09-23	855.0	855.0	855.0	855.0	100
2021-09-24	820.0	820.0	955.0	955.0	400
2021-09-27	950.0	890.0	950.0	940.0	1200
2021-09-27	950.0	890.0	950.0	940.0	
					0
2021-09-29	920.0	875.0	940.0	875.0	4500
2021-09-29	920.0	875.0	940.0	875.0	
					0
2021-10-01	880.0	875.0	880.0	875.0	2000
2021-10-04	845.0	845.0	855.0	855.0	300
2021-10-05	965.0	865.0	970.0	865.0	2700
2021-10-06	865.0	865.0	935.0	920.0	2900
2021-10-07	920.0	875.0	935.0	915.0	2700
2021-10-08	900.0	900.0	950.0	920.0	1600
2021-10-11	920.0	870.0	920.0	910.0	3000
2021-10-12	910.0	900.0	910.0	900.0	1100
2021-10-13	900.0	845.0	900.0	845.0	1100
2021-10-14	855.0	855.0	900.0	865.0	1400
2021-10-15	870.0	820.0	870.0	820.0	800
2021-10-18	825.0	825.0	1025.0	1025.0	31900
2021-10-19	1040.0	955.0	1250.0	960.0	66800
2021-10-21	940.0	895.0	990.0	970.0	4500
2021-10-22	970.0	910.0	970.0	910.0	4100
2021-10-25	890.0	885.0	905.0	905.0	1000
2021-10-26	870.0	870.0	970.0	945.0	5200
2021-10-27	945.0	880.0	945.0	930.0	600
2021-10-28	880.0	875.0	1000.0	925.0	1100
2021-10-29	995.0	965.0	995.0	965.0	900
2021-11-01	990.0	920.0	990.0	920.0	4000
2021-11-02	920.0	880.0	920.0	885.0	2700
2021-11-03	895.0	895.0	950.0	905.0	9400
2021-11-04	905.0	905.0	950.0	935.0	4500
2021-11-05	935.0	875.0	995.0	980.0	58000
2021-11-08	980.0	915.0	980.0	965.0	20500
2021-11-09	915.0	905.0	965.0	905.0	4700
2021-11-10	905.0	860.0	905.0	905.0	3300
2021-11-11	910.0	845.0	995.0	940.0	135700
2021-11-12	940.0	880.0	1055.0	895.0	19900
2021-11-15	895.0	850.0	895.0	890.0	1100
2021-11-16	890.0	860.0	890.0	890.0	1800
2021-11-17	850.0	850.0	885.0	885.0	1300
2021-11-18	885.0	825.0	885.0	880.0	2400
2021-11-19	820.0	820.0	880.0	880.0	400
2021-11-22	835.0	835.0	835.0	835.0	100
2021-11-23	850.0	850.0	850.0	850.0	900
2021-11-24	835.0	800.0	835.0	830.0	400
2021-11-24	835.0	800.0	835.0	830.0	
					0
2021-11-26	830.0	830.0	915.0	885.0	2600
2021-11-26	830.0	830.0	915.0	885.0	
					0
2021-11-30	880.0	840.0	880.0	840.0	300
2021-12-01	840.0	810.0	1040.0	970.0	22500
2021-12-02	920.0	910.0	920.0	915.0	2500
2021-12-03	915.0	885.0	1140.0	920.0	5900
2021-12-06	860.0	860.0	865.0	865.0	1000
2021-12-07	860.0	825.0	865.0	845.0	1300
2021-12-08	845.0	845.0	860.0	860.0	500
2021-12-09	810.0	810.0	1040.0	930.0	16900
2021-12-10	930.0	880.0	930.0	930.0	2600
2021-12-13	980.0	865.0	980.0	870.0	6100
2021-12-14	870.0	830.0	1085.0	1085.0	63900
2021-12-15	1095.0	1010.0	1300.0	1010.0	129800
2021-12-16	1030.0	940.0	1050.0	975.0	27700
2021-12-17	945.0	910.0	1000.0	985.0	8400
2021-12-20	940.0	940.0	980.0	965.0	1100
2021-12-21	925.0	925.0	925.0	925.0	300
2021-12-22	925.0	875.0	925.0	905.0	4600
2021-12-23	1095.0	915.0	1095.0	950.0	9400
2021-12-24	950.0	890.0	950.0	930.0	1500
2021-12-27	930.0	930.0	1000.0	975.0	20000
2021-12-28	980.0	975.0	985.0	985.0	10300
2021-12-29	995.0	995.0	1080.0	1060.0	8800
2021-12-30	1020.0	990.0	1020.0	990.0	14900
2021-12-30	1020.0	990.0	1020.0	990.0	
					0
2022-01-04	925.0	925.0	990.0	990.0	3100
2022-01-05	1050.0	960.0	1050.0	990.0	900
2022-01-06	1050.0	980.0	1050.0	980.0	1800
2022-01-06	1050.0	980.0	1050.0	980.0	
					0
2022-01-10	980.0	935.0	980.0	935.0	3000
2022-01-11	970.0	970.0	1015.0	1015.0	2300
2022-01-12	980.0	950.0	1015.0	1015.0	1800
2022-01-13	950.0	945.0	995.0	995.0	3500
2022-01-14	950.0	930.0	950.0	935.0	2400
2022-01-17	935.0	935.0	1165.0	1165.0	75100
2022-01-18	1165.0	1115.0	1455.0	1455.0	425800
2022-01-19	1490.0	1480.0	1810.0	1735.0	218400
2022-01-20	1735.0	1730.0	2160.0	1900.0	224500
2022-01-21	1905.0	1905.0	2370.0	2210.0	384400
2022-01-24	2210.0	2210.0	2760.0	2760.0	237200
2022-01-25	2860.0	2800.0	3450.0	3450.0	
2022-01-25	2860.0	2800.0	3450.0	3450.0	174500
					0
2022-01-27	3450.0	3450.0	4310.0	4310.0	
2022-01-27	3450.0	3450.0	4310.0	4310.0	441700
					0
					0
					0
					0
					0
					0
2022-02-08	4310.0	4010.0	4310.0	4010.0	3200
2022-02-09	3730.0	3730.0	3730.0	3730.0	4300
2022-02-10	3470.0	3470.0	3470.0	3470.0	2200
2022-02-11	3470.0	3470.0	3470.0	3470.0	100
2022-02-14	3420.0	3230.0	3470.0	3230.0	800
2022-02-15	3010.0	3010.0	3010.0	3010.0	9500
2022-02-16	2800.0	2800.0	2800.0	2800.0	900
2022-02-17	2610.0	2610.0	2610.0	2610.0	3300
2022-02-18	2430.0	2430.0	2430.0	2430.0	9800
2022-02-21	2260.0	2260.0	2260.0	2260.0	3600
2022-02-22	2110.0	2110.0	2480.0	2480.0	115700
2022-02-23	2500.0	2500.0	2720.0	2720.0	42100
2022-02-24	2800.0	2530.0	2990.0	2550.0	121700
2022-02-25	2500.0	2380.0	2500.0	2380.0	15900
2022-03-01	2330.0	2220.0	2330.0	2220.0	3900
2022-03-02	2200.0	2070.0	2210.0	2070.0	27700
2022-03-04	1930.0	1930.0	1930.0	1930.0	13600
2022-03-07	1900.0	1795.0	2120.0	2120.0	247600
2022-03-08	2140.0	1975.0	2330.0	1975.0	44600
2022-03-09	1900.0	1840.0	2170.0	2170.0	72700
2022-03-10	2330.0	2330.0	2710.0	2710.0	50000
2022-03-11	2900.0	2530.0	3380.0	2530.0	277200
2022-03-14	2500.0	2360.0	2500.0	2360.0	31100
2022-03-15	2340.0	2200.0	2360.0	2200.0	95900
2022-03-16	2190.0	2190.0	2670.0	2280.0	149600
2022-03-17	2290.0	2140.0	2490.0	2300.0	74900
2022-03-18	2400.0	2140.0	2400.0	2200.0	21500
2022-03-21	2290.0	2210.0	2310.0	2240.0	19700
2022-03-22	2220.0	2100.0	2220.0	2120.0	31900
2022-03-23	2130.0	2120.0	2240.0	2120.0	16800
2022-03-24	2120.0	1975.0	2150.0	2050.0	41300
2022-03-25	2000.0	1990.0	2050.0	1995.0	11400
2022-03-28	2000.0	1940.0	2000.0	1940.0	11700
2022-03-29	1945.0	1840.0	1945.0	1840.0	8100
2022-03-30	1990.0	1715.0	1990.0	1725.0	34300
2022-03-31	1725.0	1715.0	1730.0	1715.0	9200
2022-04-01	1715.0	1690.0	1715.0	1705.0	7900
2022-04-04	1705.0	1650.0	1705.0	1650.0	3800
2022-04-05	1600.0	1545.0	2060.0	2060.0	208800
2022-04-06	2170.0	2150.0	2470.0	2170.0	203800
2022-04-07	2200.0	2020.0	2200.0	2020.0	35500
2022-04-08	1980.0	1880.0	2520.0	2520.0	240900
2022-04-11	2520.0	2350.0	2620.0	2350.0	100400
2022-04-12	2250.0	2190.0	2600.0	2190.0	132100
2022-04-13	2170.0	2040.0	2730.0	2340.0	388600
2022-04-14	2440.0	2180.0	2900.0	2200.0	327200
2022-04-18	2200.0	2070.0	2200.0	2100.0	32000
2022-04-19	2090.0	2000.0	2120.0	2020.0	15900
2022-04-20	2010.0	1920.0	2100.0	2100.0	24700
2022-04-21	2050.0	1955.0	2200.0	2040.0	74000
2022-04-22	2240.0	1900.0	2240.0	1900.0	33400
2022-04-25	1920.0	1800.0	1925.0	1880.0	9600
2022-04-26	1815.0	1750.0	1900.0	1840.0	7100
2022-04-27	1840.0	1785.0	1840.0	1790.0	8700
2022-04-28	1790.0	1790.0	2020.0	1860.0	14700
2022-05-09	1830.0	1750.0	1830.0	1750.0	7400
2022-05-10	1750.0	1730.0	1795.0	1790.0	6600
2022-05-11	1820.0	1755.0	2000.0	1755.0	6700
2022-05-12	1755.0	1700.0	1805.0	1755.0	5900
2022-05-13	1755.0	1755.0	1755.0	1755.0	200
2022-05-17	1755.0	1650.0	1755.0	1685.0	1900
2022-05-18	1685.0	1600.0	1725.0	1600.0	6100
2022-05-19	1600.0	1600.0	1990.0	1890.0	63100
2022-05-20	1890.0	1760.0	2190.0	1780.0	29500
2022-05-23	1775.0	1775.0	1875.0	1870.0	2300
2022-05-24	1870.0	1870.0	1970.0	1870.0	10400
2022-05-25	1870.0	1750.0	1870.0	1780.0	1500
2022-05-27	1780.0	1675.0	1785.0	1780.0	1400
2022-05-30	1780.0	1775.0	1780.0	1780.0	4000
2022-05-31	1760.0	1730.0	1995.0	1860.0	8200
2022-06-02	1835.0	1750.0	1855.0	1845.0	9800
2022-06-03	1860.0	1835.0	1910.0	1875.0	2000
2022-06-06	1875.0	1865.0	1925.0	1865.0	3700
2022-06-07	1915.0	1760.0	1915.0	1885.0	2400
2022-06-08	1885.0	1850.0	1980.0	1900.0	2600
2022-06-09	1805.0	1780.0	1900.0	1885.0	2400
2022-06-10	1850.0	1790.0	1850.0	1825.0	3900
2022-06-13	1770.0	1770.0	1770.0	1770.0	4100
2022-06-14	1770.0	1770.0	1795.0	1795.0	1500
2022-06-15	1795.0	1670.0	2240.0	2040.0	61100
2022-06-16	2040.0	1900.0	2460.0	1900.0	163800
2022-06-17	1780.0	1770.0	2370.0	1770.0	298200
2022-06-20	1770.0	1720.0	1935.0	1770.0	26800
2022-06-21	1770.0	1655.0	1770.0	1755.0	20700
2022-06-22	1680.0	1655.0	1735.0	1655.0	13400
2022-06-23	1655.0	1580.0	1655.0	1610.0	8400
2022-06-24	1610.0	1610.0	1710.0	1710.0	2300
2022-06-27	1770.0	1595.0	1770.0	1650.0	4500
2022-06-28	1600.0	1600.0	1650.0	1635.0	1400
2022-06-29	1600.0	1525.0	1600.0	1525.0	21400
2022-06-30	1570.0	1445.0	1680.0	1485.0	22500
2022-07-01	1485.0	1420.0	1645.0	1435.0	6400
2022-07-04	1395.0	1390.0	1590.0	1485.0	3500
2022-07-05	1485.0	1460.0	1560.0	1465.0	2200
2022-07-06	1460.0	1385.0	1485.0	1475.0	4700
2022-07-07	1525.0	1525.0	1525.0	1525.0	100
2022-07-08	1465.0	1460.0	1515.0	1485.0	600
2022-07-11	1485.0	1485.0	1555.0	1545.0	600
2022-07-12	1515.0	1500.0	1540.0	1540.0	500
2022-07-13	1540.0	1495.0	1540.0	1540.0	1900
2022-07-14	1575.0	1530.0	1575.0	1545.0	1000
2022-07-15	1500.0	1500.0	1540.0	1540.0	500
2022-07-18	1500.0	1500.0	1530.0	1530.0	200
2022-07-19	1500.0	1500.0	1530.0	1530.0	1200
2022-07-20	1520.0	1425.0	1910.0	1495.0	28400
2022-07-21	1495.0	1495.0	1625.0	1495.0	4100
2022-07-22	1495.0	1395.0	1495.0	1490.0	7200
2022-07-25	1435.0	1405.0	1860.0	1860.0	185600
2022-07-26	1900.0	1730.0	2290.0	2090.0	184700
2022-07-27	1990.0	1945.0	2090.0	1945.0	97100
2022-07-28	1810.0	1810.0	1955.0	1810.0	17300
2022-07-29	1800.0	1685.0	2080.0	1685.0	107900
2022-08-01	1680.0	1570.0	1685.0	1645.0	34100
2022-08-02	1730.0	1530.0	1730.0	1570.0	23300
2022-08-03	1615.0	1530.0	1615.0	1530.0	6600
2022-08-04	1545.0	1530.0	1680.0	1560.0	19000
2022-08-05	1595.0	1540.0	1600.0	1550.0	4300
2022-08-08	1555.0	1530.0	1675.0	1565.0	6300
2022-08-09	1570.0	1520.0	1575.0	1555.0	3700
2022-08-10	1555.0	1465.0	1695.0	1580.0	2800
2022-08-11	1625.0	1480.0	1675.0	1480.0	59000
2022-08-12	1500.0	1420.0	1670.0	1475.0	114300
2022-08-15	1480.0	1475.0	1560.0	1525.0	11600
2022-08-16	1480.0	1480.0	1545.0	1490.0	1800
2022-08-18	1560.0	1490.0	1560.0	1515.0	1800
2022-08-19	1540.0	1495.0	1540.0	1500.0	4400
2022-08-22	1540.0	1485.0	1540.0	1490.0	1300
2022-08-23	1470.0	1470.0	1490.0	1490.0	300
2022-08-24	1500.0	1500.0	1530.0	1500.0	13600
2022-08-25	1500.0	1500.0	1500.0	1500.0	400
2022-08-26	1480.0	1430.0	1480.0	1440.0	10000
2022-08-29	1440.0	1440.0	1500.0	1485.0	2600
2022-08-30	1480.0	1395.0	1485.0	1430.0	6000
2022-08-31	1430.0	1430.0	1430.0	1430.0	1600
2022-09-01	1560.0	1410.0	1560.0	1440.0	2100
2022-09-02	1440.0	1440.0	1455.0	1440.0	2300
2022-09-05	1485.0	1440.0	1625.0	1455.0	48600
2022-09-06	1455.0	1445.0	1750.0	1575.0	124100
2022-09-07	1600.0	1465.0	1600.0	1480.0	40100
2022-09-08	1485.0	1480.0	1850.0	1850.0	237200
2022-09-09	1895.0	1725.0	2200.0	2180.0	234100
2022-09-12	2280.0	2100.0	2720.0	2720.0	324400
2022-09-13	2830.0	2530.0	3300.0	2530.0	357400
2022-09-14	2360.0	2360.0	2360.0	2360.0	10300
2022-09-15	2200.0	2200.0	2200.0	2200.0	35300
2022-09-16	2070.0	2050.0	2210.0	2090.0	91400
2022-09-19	2050.0	1945.0	2250.0	1945.0	71900
2022-09-20	1945.0	1810.0	1975.0	1840.0	18000
2022-09-21	1820.0	1800.0	1950.0	1890.0	9700
2022-09-22	1925.0	1760.0	1940.0	1865.0	14600
2022-09-23	1830.0	1825.0	1940.0	1895.0	13900
2022-09-26	1895.0	1835.0	1935.0	1880.0	4000
2022-09-27	1830.0	1820.0	1880.0	1870.0	2100
2022-09-28	1780.0	1765.0	1850.0	1850.0	2700
2022-09-29	1780.0	1740.0	1815.0	1800.0	11700
2022-09-30	1845.0	1720.0	1845.0	1750.0	4700
2022-10-03	1805.0	1695.0	1820.0	1775.0	3000
2022-10-04	1790.0	1765.0	1820.0	1765.0	1900
2022-10-05	1755.0	1755.0	1950.0	1925.0	16100
2022-10-06	1960.0	1920.0	1960.0	1920.0	3100
2022-10-07	1850.0	1850.0	1850.0	1850.0	200
2022-10-10	1845.0	1845.0	2100.0	1995.0	10600
2022-10-11	2000.0	1920.0	2030.0	1975.0	7500
2022-10-12	1975.0	1855.0	2150.0	1940.0	15400
2022-10-13	2000.0	1940.0	2200.0	1990.0	26500
2022-10-14	2050.0	1950.0	2190.0	2040.0	31400
2022-10-17	2040.0	1925.0	2100.0	2040.0	12100
2022-10-18	1945.0	1940.0	2040.0	1990.0	5700
2022-10-19	1900.0	1900.0	1900.0	1900.0	100
2022-10-20	1870.0	1870.0	2080.0	1990.0	5900
2022-10-21	1945.0	1945.0	2100.0	2090.0	13900
2022-10-24	2080.0	1995.0	2080.0	2080.0	
2022-10-24	2080.0	1995.0	2080.0	2080.0	2800
					0
2022-10-26	2070.0	1995.0	2100.0	2090.0	12000
2022-10-27	2020.0	1995.0	2080.0	2080.0	3000
2022-10-28	2080.0	1945.0	2290.0	2080.0	7700
2022-10-31	2070.0	2070.0	2080.0	2080.0	800
2022-11-01	2080.0	2080.0	2280.0	2170.0	7100
2022-11-02	2080.0	2080.0	2160.0	2160.0	500
2022-11-02	2080.0	2080.0	2160.0	2160.0	
					0
2022-11-04	2160.0	2150.0	2160.0	2160.0	300
2022-11-07	2030.0	2010.0	2160.0	2160.0	1600
2022-11-08	2150.0	2010.0	2160.0	2160.0	1500
2022-11-09	2150.0	2150.0	2700.0	2540.0	56600
2022-11-10	2540.0	2370.0	2700.0	2370.0	76900
2022-11-11	2370.0	2240.0	2630.0	2340.0	17500
2022-11-14	2340.0	2260.0	2600.0	2530.0	13200
2022-11-15	2430.0	2430.0	2670.0	2590.0	19800
2022-11-16	2590.0	2410.0	2590.0	2570.0	12800
2022-11-17	2570.0	2520.0	2700.0	2630.0	4600
2022-11-18	2650.0	2450.0	2650.0	2620.0	3900
2022-11-21	2610.0	2600.0	2640.0	2640.0	2300
2022-11-22	2490.0	2490.0	2630.0	2630.0	1200
2022-11-23	2620.0	2460.0	2700.0	2650.0	1400
2022-11-24	2630.0	2520.0	2850.0	2650.0	29500
2022-11-25	2650.0	2500.0	2650.0	2640.0	2700
2022-11-25	2650.0	2500.0	2650.0	2640.0	
					0
2022-11-29	2640.0	2520.0	2700.0	2610.0	9300
2022-11-30	2740.0	2640.0	2770.0	2640.0	
2022-11-30	2740.0	2640.0	2770.0	2640.0	4500
					0
					0
					0
2022-12-06	2650.0	2650.0	2650.0	2650.0	100
2022-12-07	2650.0	2650.0	2750.0	2660.0	2800
2022-12-08	2520.0	2520.0	2620.0	2620.0	
2022-12-08	2520.0	2520.0	2620.0	2620.0	11600
					0
					0
2022-12-13	2620.0	2530.0	2620.0	2620.0	900
2022-12-13	2620.0	2530.0	2620.0	2620.0	
					0
					0
					0
2022-12-19	2450.0	2450.0	2620.0	2620.0	800
2022-12-20	2620.0	2440.0	2620.0	2600.0	1700
2022-12-21	2470.0	2430.0	3000.0	2870.0	29600
2022-12-22	2900.0	2870.0	3500.0	3050.0	34600
2022-12-23	3040.0	2840.0	3450.0	3010.0	17400
2022-12-26	3000.0	2800.0	3010.0	2800.0	2900
2022-12-27	2710.0	2620.0	2950.0	2770.0	19600
2022-12-28	2770.0	2650.0	3300.0	3190.0	21800
2022-12-29	3190.0	3000.0	3210.0	3130.0	79200
2022-12-30	3050.0	3040.0	3050.0	3040.0	1100
