Date	Price Open	Price Low	Price High	Price Close	Volume
1999-07-19	175.0	175.0	275.0	275.0	
					0
					0
					0
					0
					0
					0
					0
					0
					0
					0
					0
					0
					0
					0
					0
					0
					0
					0
					0
					0
					0
					0
					0
					0
					0
					0
					0
					0
					0
					0
					0
					0
					0
					0
					0
					0
					0
					0
					0
					0
					0
					0
					0
					0
					0
					0
					0
					0
					0
					0
					0
					0
					0
					0
					0
					0
					0
					0
					0
					0
					0
					0
					0
					0
					0
					0
					0
					0
					0
					0
					0
					0
					0
					0
					0
					0
					0
					0
					0
					0
					0
					0
					0
					0
					0
					0
					0
					0
					0
					0
					0
					0
					0
					0
					0
					0
					0
					0
					0
					0
					0
					0
					0
					0
					0
					0
					0
					0
					0
					0
					0
					0
					0
					0
					0
					0
					0
					0
					0
					0
					0
					0
					0
					0
					0
					0
					0
					0
					0
2000-07-18	225.0	225.0	225.0	225.0	
2000-07-18	225.0	225.0	225.0	225.0	4000
					0
					0
2000-07-21	212.5	212.5	212.5	212.5	16000
2000-07-21	212.5	212.5	212.5	212.5	
					0
2000-07-25	200.0	200.0	200.0	200.0	
2000-07-25	200.0	200.0	200.0	200.0	128000
					0
					0
2000-07-28	206.25	206.25	250.0	246.25	272000
2000-07-28	206.25	206.25	250.0	246.25	
					0
2000-08-01	200.0	195.0	200.0	195.0	58000
2000-08-01	200.0	195.0	200.0	195.0	
					0
2000-08-03	200.0	200.0	200.0	200.0	10000
2000-08-04	200.0	200.0	217.5	212.5	202000
2000-08-07	212.5	212.5	212.5	212.5	10000
2000-08-08	212.5	212.5	212.5	212.5	20000
2000-08-09	210.0	210.0	210.0	210.0	2000
2000-08-09	210.0	210.0	210.0	210.0	
					0
					0
					0
					0
					0
					0
					0
					0
					0
					0
					0
					0
					0
					0
					0
					0
					0
					0
2000-09-06	210.0	210.0	210.0	210.0	
2000-09-06	210.0	210.0	210.0	210.0	10000
					0
					0
					0
					0
					0
					0
					0
					0
					0
					0
					0
					0
					0
					0
					0
					0
					0
					0
					0
					0
					0
					0
					0
					0
					0
					0
					0
					0
					0
					0
					0
					0
					0
					0
					0
					0
					0
					0
					0
					0
					0
					0
					0
					0
					0
					0
					0
					0
					0
					0
					0
					0
					0
					0
					0
					0
					0
					0
					0
					0
					0
					0
					0
					0
					0
					0
					0
					0
					0
					0
					0
					0
					0
					0
					0
					0
					0
					0
					0
					0
					0
					0
					0
					0
					0
					0
					0
					0
					0
					0
					0
					0
					0
					0
					0
					0
					0
					0
					0
					0
					0
					0
					0
					0
					0
					0
					0
					0
					0
					0
					0
					0
					0
					0
					0
					0
					0
					0
					0
					0
					0
					0
					0
					0
					0
					0
					0
					0
					0
					0
					0
					0
					0
					0
					0
					0
					0
					0
					0
					0
					0
					0
					0
					0
					0
					0
					0
					0
					0
					0
					0
					0
					0
					0
					0
					0
					0
					0
					0
					0
					0
					0
					0
					0
					0
					0
					0
					0
					0
					0
					0
					0
					0
					0
					0
					0
					0
					0
					0
					0
					0
					0
					0
					0
					0
					0
					0
					0
					0
					0
					0
					0
					0
					0
					0
					0
					0
					0
					0
					0
					0
					0
					0
					0
					0
					0
					0
					0
					0
					0
					0
					0
					0
					0
					0
					0
					0
					0
2001-07-27	212.5	212.5	218.75	218.75	
2001-07-27	212.5	212.5	218.75	218.75	30000
					0
2001-07-31	225.0	225.0	225.0	225.0	20000
2001-07-31	225.0	225.0	225.0	225.0	
					0
					0
					0
					0
					0
					0
					0
					0
					0
					0
					0
					0
					0
					0
					0
					0
					0
					0
					0
					0
					0
					0
					0
					0
					0
					0
					0
					0
					0
					0
					0
					0
					0
					0
					0
					0
					0
					0
					0
					0
					0
					0
					0
					0
					0
					0
					0
					0
					0
					0
					0
					0
					0
					0
					0
					0
					0
					0
					0
					0
					0
					0
					0
					0
					0
					0
					0
					0
					0
					0
					0
					0
					0
					0
					0
					0
					0
					0
					0
					0
					0
					0
					0
					0
					0
2001-11-30	231.25	231.25	231.25	231.25	
2001-11-30	231.25	231.25	231.25	231.25	120000
					0
					0
					0
					0
					0
					0
					0
					0
					0
					0
					0
					0
					0
					0
					0
					0
					0
					0
					0
					0
					0
					0
					0
					0
					0
					0
					0
					0
					0
					0
					0
					0
					0
					0
					0
					0
					0
					0
					0
					0
					0
					0
					0
					0
					0
					0
					0
					0
					0
					0
					0
					0
					0
					0
					0
					0
					0
					0
					0
					0
					0
					0
					0
					0
					0
					0
					0
					0
					0
					0
					0
					0
					0
					0
					0
					0
					0
					0
					0
					0
					0
					0
					0
					0
					0
					0
					0
					0
					0
					0
					0
					0
					0
					0
					0
					0
					0
					0
					0
					0
					0
					0
					0
					0
					0
					0
					0
					0
					0
					0
					0
					0
					0
					0
					0
					0
					0
					0
					0
					0
					0
					0
					0
					0
					0
					0
					0
					0
					0
					0
					0
					0
					0
					0
					0
					0
					0
					0
					0
					0
					0
					0
					0
					0
					0
					0
					0
					0
					0
					0
					0
					0
					0
					0
					0
					0
					0
					0
					0
					0
					0
					0
					0
					0
					0
					0
					0
					0
					0
					0
					0
					0
					0
					0
					0
					0
					0
					0
					0
					0
					0
					0
					0
					0
					0
					0
					0
					0
					0
					0
					0
					0
					0
					0
					0
					0
					0
					0
					0
					0
					0
					0
					0
					0
					0
					0
					0
					0
					0
					0
					0
					0
					0
					0
					0
					0
					0
					0
					0
					0
					0
					0
					0
					0
					0
					0
					0
					0
					0
					0
					0
					0
					0
					0
					0
					0
					0
					0
					0
					0
					0
					0
					0
					0
					0
					0
					0
					0
					0
					0
					0
					0
					0
					0
					0
					0
					0
					0
					0
					0
					0
					0
					0
					0
					0
					0
					0
					0
					0
					0
					0
					0
					0
					0
					0
					0
					0
					0
					0
					0
					0
					0
					0
					0
					0
					0
					0
					0
					0
					0
					0
					0
					0
					0
					0
					0
					0
					0
					0
					0
					0
					0
					0
					0
					0
					0
					0
					0
					0
					0
					0
					0
					0
					0
					0
					0
					0
					0
					0
					0
					0
					0
					0
					0
					0
					0
					0
					0
					0
					0
					0
					0
					0
					0
					0
					0
					0
					0
					0
					0
					0
					0
					0
					0
					0
					0
					0
					0
					0
					0
					0
					0
					0
					0
					0
					0
					0
					0
					0
					0
					0
					0
					0
					0
					0
					0
					0
					0
					0
					0
					0
					0
					0
					0
					0
					0
					0
					0
					0
					0
					0
					0
					0
					0
					0
					0
					0
					0
					0
					0
					0
					0
					0
					0
					0
					0
					0
					0
					0
					0
2003-07-28	237.5	237.5	237.5	237.5	40000
2003-07-28	237.5	237.5	237.5	237.5	
					0
					0
					0
					0
					0
					0
					0
					0
					0
					0
					0
					0
					0
					0
					0
					0
					0
					0
					0
					0
					0
					0
					0
					0
					0
					0
					0
					0
					0
					0
					0
					0
					0
					0
					0
					0
					0
					0
					0
					0
					0
					0
					0
					0
					0
					0
					0
					0
					0
					0
					0
					0
					0
					0
					0
					0
					0
					0
					0
					0
					0
					0
					0
					0
					0
					0
					0
					0
					0
					0
					0
					0
					0
					0
					0
					0
					0
					0
					0
					0
					0
					0
					0
					0
					0
					0
					0
					0
					0
					0
					0
					0
					0
					0
					0
					0
					0
					0
					0
					0
					0
					0
					0
					0
					0
					0
					0
					0
					0
					0
					0
					0
					0
					0
					0
					0
					0
					0
					0
					0
					0
					0
					0
					0
					0
					0
					0
					0
					0
					0
					0
					0
					0
					0
					0
					0
					0
					0
					0
					0
					0
					0
					0
					0
					0
					0
					0
					0
					0
					0
					0
					0
					0
					0
					0
					0
					0
					0
					0
					0
					0
					0
					0
					0
					0
					0
					0
					0
					0
					0
					0
					0
					0
					0
					0
					0
					0
					0
					0
					0
					0
					0
					0
					0
					0
					0
					0
					0
					0
					0
					0
					0
					0
					0
					0
					0
					0
					0
					0
					0
					0
					0
					0
					0
					0
					0
					0
					0
					0
					0
					0
					0
					0
					0
					0
					0
					0
					0
					0
					0
					0
					0
					0
					0
					0
					0
					0
					0
					0
					0
					0
					0
					0
					0
					0
					0
					0
					0
					0
					0
					0
					0
					0
					0
					0
					0
					0
					0
					0
					0
					0
					0
					0
					0
					0
					0
					0
					0
					0
					0
					0
					0
					0
					0
2004-09-01	243.75	243.75	243.75	243.75	20000
2004-09-01	243.75	243.75	243.75	243.75	
					0
					0
					0
					0
					0
					0
					0
					0
					0
					0
					0
					0
					0
					0
					0
					0
					0
					0
					0
					0
					0
					0
					0
					0
					0
					0
					0
					0
					0
					0
					0
					0
					0
					0
					0
					0
					0
					0
					0
					0
					0
					0
					0
					0
					0
					0
					0
					0
					0
					0
					0
					0
					0
					0
					0
					0
					0
					0
					0
					0
					0
					0
					0
					0
					0
					0
					0
					0
					0
					0
					0
					0
					0
					0
					0
					0
					0
					0
					0
					0
					0
					0
					0
					0
					0
					0
					0
					0
					0
					0
					0
					0
					0
					0
					0
					0
					0
					0
					0
					0
					0
					0
					0
					0
					0
					0
					0
					0
					0
					0
					0
					0
					0
					0
					0
					0
					0
					0
					0
					0
					0
					0
					0
					0
					0
					0
					0
					0
					0
					0
					0
					0
					0
					0
					0
					0
					0
					0
					0
					0
					0
					0
					0
					0
					0
					0
					0
					0
					0
					0
					0
					0
					0
					0
					0
					0
					0
					0
					0
					0
					0
					0
					0
					0
					0
					0
					0
					0
					0
					0
					0
					0
					0
					0
					0
					0
					0
					0
					0
					0
					0
					0
					0
					0
					0
					0
					0
					0
					0
					0
					0
					0
					0
					0
					0
					0
					0
					0
					0
					0
					0
					0
					0
					0
					0
					0
					0
					0
					0
					0
					0
					0
					0
					0
					0
					0
					0
					0
					0
					0
					0
					0
					0
					0
					0
					0
					0
					0
					0
					0
					0
					0
					0
					0
					0
					0
					0
					0
					0
					0
					0
					0
					0
					0
					0
					0
					0
					0
					0
					0
					0
					0
					0
					0
					0
					0
					0
					0
					0
					0
					0
					0
					0
					0
					0
					0
					0
					0
					0
					0
					0
					0
					0
					0
					0
					0
					0
					0
					0
					0
					0
					0
					0
					0
					0
					0
					0
					0
					0
					0
					0
					0
					0
					0
					0
					0
					0
					0
					0
					0
					0
					0
					0
					0
					0
					0
					0
					0
					0
					0
					0
					0
					0
					0
					0
					0
					0
					0
					0
					0
					0
					0
					0
					0
					0
					0
					0
					0
					0
					0
					0
					0
					0
					0
					0
					0
					0
					0
					0
					0
					0
					0
					0
					0
					0
					0
					0
					0
					0
					0
					0
					0
					0
					0
					0
					0
					0
					0
					0
					0
					0
					0
					0
					0
					0
					0
					0
					0
					0
					0
					0
					0
					0
					0
					0
					0
					0
					0
					0
					0
					0
					0
					0
					0
					0
					0
					0
					0
					0
					0
					0
					0
					0
					0
					0
					0
					0
					0
					0
					0
					0
					0
					0
					0
					0
					0
					0
					0
					0
					0
					0
					0
					0
					0
					0
					0
					0
					0
					0
					0
					0
					0
					0
					0
					0
					0
					0
					0
					0
					0
					0
					0
					0
					0
					0
					0
					0
					0
					0
					0
					0
					0
					0
					0
					0
					0
					0
					0
					0
					0
					0
					0
					0
					0
					0
					0
					0
					0
					0
					0
					0
					0
					0
					0
					0
					0
					0
					0
					0
					0
					0
					0
					0
					0
					0
					0
					0
					0
					0
					0
					0
					0
					0
					0
					0
					0
					0
					0
					0
					0
					0
					0
					0
					0
					0
					0
					0
					0
					0
					0
					0
					0
					0
					0
					0
					0
					0
					0
					0
					0
					0
					0
					0
					0
					0
					0
					0
					0
					0
					0
					0
					0
					0
					0
					0
					0
					0
					0
					0
					0
					0
					0
					0
					0
					0
					0
					0
					0
					0
					0
					0
					0
					0
					0
					0
2006-12-01	225.0	225.0	225.0	225.0	
2006-12-01	225.0	225.0	225.0	225.0	40000
					0
					0
					0
					0
					0
					0
					0
					0
2006-12-14	157.5	157.5	162.5	160.0	
2006-12-14	157.5	157.5	162.5	160.0	370000
					0
					0
					0
					0
					0
					0
					0
					0
					0
					0
					0
					0
					0
					0
					0
					0
					0
					0
					0
					0
					0
					0
					0
					0
					0
					0
					0
					0
					0
					0
					0
					0
					0
					0
					0
					0
					0
					0
					0
					0
					0
					0
					0
					0
					0
					0
					0
					0
					0
					0
					0
					0
					0
					0
					0
					0
					0
					0
					0
					0
					0
					0
					0
					0
					0
					0
					0
					0
					0
					0
					0
					0
					0
					0
					0
					0
					0
					0
					0
					0
					0
					0
					0
					0
					0
					0
					0
					0
					0
					0
					0
					0
					0
					0
					0
					0
					0
					0
					0
					0
					0
					0
					0
					0
					0
					0
					0
					0
					0
					0
					0
					0
					0
					0
					0
					0
					0
					0
					0
					0
2007-06-13	160.0	160.0	160.0	160.0	88000
2007-06-14	185.0	185.0	185.0	185.0	2000
2007-06-14	185.0	185.0	185.0	185.0	
					0
					0
					0
					0
					0
					0
					0
					0
					0
					0
					0
					0
					0
2007-07-04	175.0	137.5	175.0	137.5	88000
2007-07-05	177.5	177.5	177.5	177.5	
2007-07-05	177.5	177.5	177.5	177.5	2000
					0
					0
					0
					0
					0
					0
					0
					0
					0
					0
					0
					0
					0
					0
					0
					0
					0
					0
					0
					0
					0
					0
					0
					0
					0
					0
					0
2007-08-14	177.5	177.5	177.5	177.5	2000
2007-08-15	177.5	177.5	177.5	177.5	
2007-08-15	177.5	177.5	177.5	177.5	2000
					0
					0
					0
					0
					0
					0
					0
					0
					0
					0
					0
					0
					0
					0
					0
					0
					0
					0
					0
					0
					0
					0
					0
					0
					0
					0
					0
					0
					0
					0
					0
					0
					0
					0
					0
					0
					0
					0
					0
					0
					0
					0
					0
					0
					0
					0
					0
					0
					0
					0
					0
					0
					0
					0
					0
					0
					0
					0
					0
					0
					0
2007-11-15	177.5	177.5	177.5	177.5	36000
2007-11-15	177.5	177.5	177.5	177.5	
					0
					0
					0
					0
					0
					0
					0
					0
					0
					0
					0
					0
					0
					0
					0
					0
					0
					0
					0
					0
					0
					0
					0
					0
					0
					0
					0
					0
					0
					0
					0
					0
					0
					0
					0
					0
					0
					0
					0
					0
					0
					0
					0
					0
					0
					0
					0
					0
					0
					0
					0
					0
					0
					0
					0
					0
					0
					0
					0
					0
					0
					0
					0
					0
					0
					0
					0
					0
					0
					0
					0
					0
					0
					0
					0
					0
					0
					0
					0
					0
					0
					0
					0
					0
					0
					0
					0
					0
					0
					0
					0
					0
					0
					0
					0
					0
					0
					0
					0
					0
					0
					0
					0
					0
					0
					0
					0
					0
					0
					0
					0
					0
					0
					0
					0
					0
					0
					0
					0
					0
					0
					0
					0
					0
					0
					0
					0
					0
					0
					0
					0
					0
					0
					0
					0
					0
					0
					0
					0
					0
					0
					0
					0
					0
					0
					0
					0
					0
					0
2008-07-03	125.0	125.0	125.0	125.0	
2008-07-03	125.0	125.0	125.0	125.0	136000
					0
					0
					0
					0
					0
					0
					0
					0
					0
					0
					0
					0
					0
					0
					0
					0
					0
					0
					0
					0
					0
					0
					0
					0
					0
					0
					0
					0
					0
					0
					0
					0
					0
					0
					0
					0
					0
					0
					0
					0
					0
					0
					0
					0
					0
					0
					0
					0
					0
					0
					0
					0
					0
					0
					0
					0
					0
					0
					0
					0
					0
					0
					0
					0
					0
					0
					0
					0
					0
					0
					0
					0
					0
					0
					0
					0
					0
					0
					0
					0
					0
					0
					0
					0
					0
					0
					0
					0
					0
					0
					0
					0
					0
					0
					0
					0
					0
					0
					0
					0
					0
					0
					0
					0
					0
					0
					0
					0
					0
					0
					0
					0
					0
					0
					0
					0
					0
					0
					0
					0
					0
					0
					0
					0
					0
					0
					0
					0
					0
					0
					0
					0
					0
					0
					0
					0
					0
					0
					0
					0
					0
					0
					0
					0
					0
					0
					0
					0
					0
					0
					0
					0
					0
					0
					0
					0
					0
					0
					0
					0
					0
					0
					0
					0
					0
					0
					0
					0
					0
					0
					0
					0
					0
					0
					0
					0
					0
					0
					0
					0
					0
					0
					0
					0
					0
					0
					0
					0
					0
					0
					0
					0
					0
					0
					0
					0
					0
					0
					0
					0
					0
					0
					0
					0
					0
					0
					0
					0
					0
					0
					0
					0
					0
					0
					0
					0
					0
					0
					0
					0
					0
					0
					0
					0
					0
					0
					0
					0
					0
					0
					0
					0
					0
					0
					0
					0
					0
					0
					0
					0
2009-07-02	100.0	100.0	100.0	100.0	2000
2009-07-03	76.25	76.25	100.0	100.0	
2009-07-03	76.25	76.25	100.0	100.0	4000
					0
					0
					0
					0
2009-07-13	75.0	75.0	75.0	75.0	
2009-07-13	75.0	75.0	75.0	75.0	2000
					0
					0
					0
					0
					0
					0
					0
					0
					0
					0
					0
					0
					0
					0
					0
					0
					0
					0
					0
					0
					0
					0
					0
					0
					0
					0
					0
					0
					0
					0
					0
					0
					0
					0
					0
2009-09-03	75.0	75.0	75.0	75.0	
2009-09-03	75.0	75.0	75.0	75.0	16000
					0
					0
					0
					0
					0
					0
					0
					0
					0
					0
					0
					0
					0
					0
					0
					0
					0
					0
					0
					0
					0
					0
					0
					0
					0
					0
					0
					0
					0
					0
					0
					0
					0
					0
					0
					0
					0
					0
					0
					0
					0
					0
					0
					0
					0
					0
					0
					0
2009-11-17	93.75	93.75	93.75	93.75	
2009-11-17	93.75	93.75	93.75	93.75	10000
					0
2009-11-19	101.25	101.25	101.25	101.25	
2009-11-19	101.25	101.25	101.25	101.25	20000
					0
2009-11-23	102.5	102.5	102.5	102.5	10000
2009-11-24	125.0	125.0	125.0	125.0	4000
2009-11-24	125.0	125.0	125.0	125.0	
					0
					0
					0
2009-12-01	155.0	155.0	155.0	155.0	
2009-12-01	155.0	155.0	155.0	155.0	4000
					0
2009-12-03	192.5	155.0	192.5	165.0	38000
2009-12-04	165.0	137.5	165.0	137.5	50000
2009-12-07	137.5	115.0	145.0	145.0	220000
2009-12-08	125.0	125.0	180.0	150.0	412000
2009-12-09	182.5	182.5	182.5	182.5	30000
2009-12-10	200.0	200.0	200.0	200.0	10000
2009-12-11	197.5	197.5	200.0	200.0	
2009-12-11	197.5	197.5	200.0	200.0	240000
					0
					0
2009-12-16	200.0	200.0	200.0	200.0	4000
2009-12-16	200.0	200.0	200.0	200.0	
					0
					0
					0
					0
2009-12-28	197.5	197.5	202.5	200.0	1684000
2009-12-28	197.5	197.5	202.5	200.0	
					0
					0
					0
2010-01-05	202.5	202.5	202.5	202.5	
2010-01-05	202.5	202.5	202.5	202.5	200000
					0
					0
					0
					0
2010-01-12	250.0	250.0	250.0	250.0	2000
2010-01-12	250.0	250.0	250.0	250.0	
					0
					0
					0
					0
					0
					0
					0
					0
					0
					0
					0
					0
					0
					0
					0
					0
					0
					0
					0
					0
					0
					0
					0
					0
					0
					0
					0
					0
					0
					0
					0
2010-02-25	300.0	300.0	300.0	300.0	
2010-02-25	300.0	300.0	300.0	300.0	80000
					0
					0
					0
					0
					0
					0
					0
					0
					0
					0
					0
					0
					0
					0
					0
					0
					0
					0
					0
					0
					0
					0
					0
					0
					0
					0
2010-04-08	300.0	300.0	300.0	300.0	
2010-04-08	300.0	300.0	300.0	300.0	192000
					0
					0
					0
					0
					0
					0
					0
					0
					0
					0
					0
					0
					0
					0
					0
					0
					0
					0
					0
					0
					0
					0
					0
					0
					0
					0
					0
					0
					0
					0
					0
					0
					0
					0
					0
					0
					0
					0
					0
					0
					0
					0
					0
					0
					0
					0
					0
					0
					0
					0
					0
					0
					0
					0
					0
					0
					0
					0
					0
					0
					0
					0
					0
					0
					0
					0
					0
					0
					0
					0
					0
					0
					0
					0
					0
					0
					0
					0
					0
					0
					0
					0
					0
					0
					0
					0
					0
					0
					0
					0
					0
					0
					0
					0
					0
					0
					0
					0
					0
					0
					0
					0
					0
					0
					0
					0
					0
					0
					0
2010-09-21	312.5	312.5	312.5	312.5	40000
2010-09-21	312.5	312.5	312.5	312.5	
					0
					0
					0
					0
					0
					0
					0
					0
2010-10-04	312.5	312.5	312.5	312.5	
2010-10-04	312.5	312.5	312.5	312.5	80000
					0
					0
					0
					0
					0
					0
					0
					0
					0
					0
2010-10-19	235.0	235.0	245.0	235.0	290000
2010-10-20	212.5	212.5	237.5	237.5	
2010-10-20	212.5	212.5	237.5	237.5	122000
					0
					0
2010-10-25	225.0	225.0	237.5	237.5	16000
2010-10-26	225.0	225.0	225.0	225.0	100000
2010-10-27	237.5	227.5	250.0	250.0	
2010-10-27	237.5	227.5	250.0	250.0	52000
					0
					0
					0
					0
2010-11-03	225.0	225.0	225.0	225.0	
2010-11-03	225.0	225.0	225.0	225.0	40000
					0
					0
					0
					0
					0
					0
					0
					0
					0
2010-11-18	225.0	225.0	225.0	225.0	
2010-11-18	225.0	225.0	225.0	225.0	64000
					0
					0
					0
					0
					0
					0
					0
					0
					0
					0
					0
					0
					0
					0
					0
					0
					0
					0
					0
					0
					0
					0
					0
					0
					0
					0
					0
					0
					0
					0
					0
					0
					0
					0
					0
					0
					0
					0
					0
					0
					0
					0
					0
					0
					0
					0
					0
					0
					0
					0
					0
					0
					0
					0
					0
					0
					0
					0
					0
2011-02-17	215.0	215.0	215.0	215.0	
2011-02-17	215.0	215.0	215.0	215.0	12000
					0
					0
					0
					0
					0
					0
					0
					0
					0
					0
2011-03-04	215.0	215.0	215.0	215.0	24000
2011-03-04	215.0	215.0	215.0	215.0	
					0
					0
					0
					0
					0
					0
					0
					0
					0
					0
					0
					0
					0
					0
					0
					0
					0
					0
					0
					0
2011-04-04	267.5	267.5	267.5	267.5	
2011-04-04	267.5	267.5	267.5	267.5	4000
					0
					0
					0
					0
					0
					0
					0
					0
					0
					0
					0
					0
					0
					0
					0
					0
					0
					0
2011-05-02	332.5	332.5	332.5	332.5	2000
2011-05-02	332.5	332.5	332.5	332.5	
					0
					0
					0
					0
					0
2011-05-10	250.0	250.0	250.0	250.0	4000
2011-05-11	202.5	202.5	202.5	202.5	2000
2011-05-11	202.5	202.5	202.5	202.5	
					0
					0
					0
2011-05-18	200.0	200.0	200.0	200.0	360000
2011-05-19	200.0	200.0	250.0	250.0	696000
2011-05-20	250.0	250.0	250.0	250.0	38000
2011-05-23	262.5	262.5	262.5	262.5	4000
2011-05-24	250.0	250.0	250.0	250.0	14000
2011-05-25	312.5	312.5	312.5	312.5	4000
2011-05-25	312.5	312.5	312.5	312.5	
					0
					0
					0
					0
					0
					0
					0
					0
					0
					0
					0
					0
					0
2011-06-15	375.0	375.0	375.0	375.0	4000
2011-06-15	375.0	375.0	375.0	375.0	
					0
					0
					0
2011-06-21	425.0	425.0	462.5	462.5	8000
2011-06-22	475.0	475.0	487.5	487.5	22000
2011-06-23	462.5	462.5	487.5	487.5	4000
2011-06-23	462.5	462.5	487.5	487.5	
					0
2011-06-27	500.0	500.0	500.0	500.0	2000
2011-06-28	475.0	475.0	475.0	475.0	
2011-06-28	475.0	475.0	475.0	475.0	4000
					0
					0
					0
					0
					0
					0
					0
2011-07-11	500.0	500.0	500.0	500.0	2000
2011-07-11	500.0	500.0	500.0	500.0	
					0
					0
					0
					0
2011-07-18	525.0	525.0	612.5	612.5	6000
2011-07-19	650.0	625.0	650.0	625.0	6000
2011-07-19	650.0	625.0	650.0	625.0	
					0
2011-07-21	625.0	625.0	625.0	625.0	800000
2011-07-21	625.0	625.0	625.0	625.0	
					0
					0
2011-07-26	650.0	650.0	712.5	712.5	20000
2011-07-27	725.0	725.0	750.0	750.0	6000
2011-07-27	725.0	725.0	750.0	750.0	
					0
					0
					0
					0
					0
					0
					0
					0
					0
					0
					0
					0
					0
					0
					0
					0
					0
					0
					0
					0
					0
					0
					0
					0
					0
					0
					0
					0
					0
					0
					0
					0
					0
					0
					0
					0
					0
					0
					0
					0
					0
					0
					0
					0
					0
					0
					0
					0
					0
					0
					0
					0
2011-10-18	750.0	750.0	750.0	750.0	
2011-10-18	750.0	750.0	750.0	750.0	1500
					0
					0
2011-10-21	710.0	710.0	710.0	710.0	2000
2011-10-21	710.0	710.0	710.0	710.0	
					0
					0
					0
					0
2011-10-28	600.0	600.0	690.0	690.0	1500
2011-10-28	600.0	600.0	690.0	690.0	
					0
					0
					0
					0
					0
					0
					0
					0
					0
2011-11-11	590.0	590.0	640.0	640.0	
2011-11-11	590.0	590.0	640.0	640.0	1000
					0
					0
					0
					0
					0
					0
					0
					0
					0
					0
					0
					0
					0
					0
					0
					0
					0
					0
					0
					0
					0
					0
					0
					0
					0
					0
					0
					0
					0
					0
					0
					0
					0
					0
					0
					0
					0
2012-01-05	500.0	500.0	510.0	510.0	1500
2012-01-06	610.0	610.0	610.0	610.0	
2012-01-06	610.0	610.0	610.0	610.0	500
					0
					0
					0
					0
					0
					0
					0
					0
					0
					0
2012-01-24	600.0	600.0	600.0	600.0	
2012-01-24	600.0	600.0	600.0	600.0	1000
					0
2012-01-26	450.0	450.0	570.0	570.0	
2012-01-26	450.0	450.0	570.0	570.0	5000
					0
					0
					0
					0
					0
					0
					0
					0
					0
					0
					0
					0
					0
2012-02-15	540.0	520.0	560.0	520.0	1500
2012-02-15	540.0	520.0	560.0	520.0	
					0
					0
					0
					0
					0
					0
					0
					0
					0
					0
					0
					0
					0
					0
					0
					0
					0
					0
					0
					0
					0
					0
					0
					0
					0
					0
					0
					0
					0
					0
					0
					0
					0
					0
					0
					0
					0
					0
					0
					0
					0
					0
					0
					0
					0
					0
					0
					0
					0
					0
					0
					0
					0
					0
					0
					0
					0
					0
					0
					0
					0
					0
					0
					0
					0
					0
					0
					0
					0
					0
					0
					0
					0
					0
					0
					0
					0
					0
					0
					0
					0
					0
					0
					0
					0
					0
					0
					0
					0
					0
					0
					0
					0
					0
					0
					0
					0
					0
					0
					0
					0
					0
					0
					0
					0
					0
					0
					0
2012-07-23	500.0	490.0	520.0	520.0	1500
2012-07-24	580.0	580.0	580.0	580.0	
2012-07-24	580.0	580.0	580.0	580.0	500
					0
					0
					0
					0
					0
					0
					0
					0
					0
					0
					0
					0
					0
					0
					0
					0
					0
					0
					0
					0
					0
					0
					0
					0
					0
					0
					0
					0
					0
					0
					0
2012-09-12	580.0	580.0	580.0	580.0	5000
2012-09-12	580.0	580.0	580.0	580.0	
					0
					0
					0
					0
					0
					0
2012-09-21	570.0	570.0	600.0	600.0	
2012-09-21	570.0	570.0	600.0	600.0	2500
					0
					0
					0
					0
					0
					0
					0
					0
					0
					0
					0
					0
					0
					0
					0
					0
					0
					0
					0
					0
					0
					0
					0
					0
					0
					0
					0
					0
					0
					0
					0
2012-11-07	700.0	700.0	700.0	700.0	1000
2012-11-08	700.0	700.0	700.0	700.0	500
2012-11-08	700.0	700.0	700.0	700.0	
					0
					0
					0
					0
					0
					0
					0
					0
					0
					0
					0
					0
					0
					0
					0
					0
					0
					0
					0
					0
					0
					0
					0
					0
					0
					0
					0
					0
					0
					0
					0
					0
					0
					0
					0
					0
					0
					0
					0
					0
					0
					0
					0
					0
					0
					0
					0
					0
					0
					0
					0
					0
					0
					0
					0
					0
					0
					0
					0
					0
					0
					0
					0
					0
					0
					0
					0
					0
					0
					0
					0
					0
					0
					0
					0
					0
					0
					0
					0
					0
					0
					0
					0
					0
					0
					0
					0
					0
					0
					0
					0
					0
					0
					0
					0
					0
					0
					0
					0
					0
					0
					0
					0
					0
					0
					0
					0
					0
					0
					0
					0
					0
					0
					0
					0
					0
					0
					0
					0
					0
					0
					0
					0
					0
					0
					0
					0
					0
					0
					0
					0
					0
					0
					0
					0
					0
					0
					0
					0
					0
					0
					0
					0
					0
					0
					0
					0
					0
					0
					0
					0
					0
					0
					0
					0
					0
					0
					0
					0
					0
					0
					0
					0
					0
					0
					0
					0
					0
					0
					0
					0
					0
					0
					0
					0
					0
					0
					0
					0
					0
					0
					0
					0
					0
					0
					0
					0
					0
					0
					0
					0
					0
					0
					0
					0
					0
2013-09-03	690.0	690.0	690.0	690.0	
2013-09-03	690.0	690.0	690.0	690.0	150000
					0
					0
					0
					0
					0
					0
					0
					0
					0
					0
					0
2013-09-19	690.0	690.0	690.0	690.0	50000
2013-09-19	690.0	690.0	690.0	690.0	
					0
					0
					0
					0
					0
					0
					0
					0
					0
					0
					0
					0
					0
					0
					0
					0
					0
					0
					0
					0
					0
					0
					0
					0
					0
					0
					0
					0
					0
					0
					0
					0
					0
					0
					0
					0
					0
					0
					0
					0
					0
					0
					0
					0
					0
					0
					0
					0
					0
					0
					0
					0
					0
					0
					0
					0
					0
					0
					0
					0
					0
					0
					0
					0
					0
					0
					0
					0
					0
					0
					0
					0
					0
					0
					0
					0
					0
					0
					0
					0
					0
					0
					0
					0
					0
					0
					0
					0
					0
					0
					0
					0
					0
					0
					0
					0
					0
					0
					0
					0
					0
					0
					0
					0
					0
					0
					0
					0
					0
					0
					0
					0
					0
					0
					0
					0
					0
					0
					0
					0
					0
					0
					0
					0
					0
					0
					0
					0
					0
					0
					0
					0
					0
2014-04-10	690.0	690.0	690.0	690.0	
2014-04-10	690.0	690.0	690.0	690.0	1000
					0
					0
					0
					0
					0
					0
					0
					0
					0
					0
					0
					0
					0
					0
					0
					0
					0
					0
					0
					0
					0
					0
					0
					0
					0
					0
					0
					0
					0
2014-05-28	700.0	700.0	700.0	700.0	100
2014-05-28	700.0	700.0	700.0	700.0	
					0
2014-06-02	690.0	690.0	690.0	690.0	100
2014-06-02	690.0	690.0	690.0	690.0	
					0
					0
					0
					0
					0
					0
					0
					0
					0
					0
					0
					0
					0
					0
					0
					0
					0
					0
					0
					0
					0
					0
					0
					0
					0
					0
					0
					0
					0
					0
					0
					0
					0
					0
					0
					0
					0
					0
					0
					0
					0
					0
					0
					0
					0
					0
					0
					0
					0
					0
					0
					0
					0
					0
					0
					0
					0
					0
					0
					0
					0
					0
					0
2014-09-08	690.0	690.0	690.0	690.0	100
2014-09-08	690.0	690.0	690.0	690.0	
					0
					0
					0
					0
					0
					0
					0
					0
					0
					0
					0
					0
					0
					0
					0
					0
					0
					0
					0
					0
					0
					0
					0
					0
					0
					0
					0
					0
					0
					0
					0
					0
					0
					0
					0
					0
					0
					0
					0
					0
					0
					0
					0
					0
					0
					0
					0
					0
					0
					0
					0
					0
					0
					0
					0
					0
					0
					0
					0
					0
					0
					0
					0
					0
					0
					0
					0
					0
					0
					0
					0
					0
					0
					0
					0
					0
					0
					0
					0
					0
					0
					0
					0
					0
					0
					0
					0
					0
					0
					0
					0
					0
					0
					0
					0
					0
					0
					0
					0
					0
					0
					0
					0
					0
					0
					0
					0
					0
					0
					0
					0
					0
					0
					0
					0
					0
					0
					0
					0
					0
					0
					0
					0
					0
					0
					0
					0
					0
					0
					0
					0
					0
					0
					0
					0
2015-03-24	700.0	700.0	700.0	700.0	100
2015-03-24	700.0	700.0	700.0	700.0	
					0
					0
					0
					0
					0
					0
					0
					0
					0
					0
					0
					0
2015-04-13	700.0	700.0	700.0	700.0	
2015-04-13	700.0	700.0	700.0	700.0	1000
					0
					0
					0
					0
					0
					0
					0
					0
					0
					0
					0
					0
					0
					0
					0
					0
					0
					0
					0
					0
					0
					0
					0
					0
					0
					0
					0
					0
2015-05-26	525.0	525.0	525.0	525.0	600
2015-05-26	525.0	525.0	525.0	525.0	
					0
2015-05-28	451.0	450.0	600.0	600.0	1700
2015-05-28	451.0	450.0	600.0	600.0	
					0
					0
2015-06-03	550.0	550.0	700.0	700.0	
2015-06-03	550.0	550.0	700.0	700.0	600
					0
					0
					0
					0
					0
					0
					0
					0
					0
					0
					0
					0
					0
					0
					0
					0
					0
					0
					0
					0
					0
					0
					0
					0
2015-07-08	525.0	525.0	525.0	525.0	11200
2015-07-09	450.0	430.0	520.0	520.0	3000
2015-07-10	400.0	400.0	400.0	400.0	
2015-07-10	400.0	400.0	400.0	400.0	9300
					0
2015-07-14	400.0	400.0	400.0	400.0	700
2015-07-14	400.0	400.0	400.0	400.0	
					0
					0
					0
					0
2015-07-24	400.0	400.0	400.0	400.0	
2015-07-24	400.0	400.0	400.0	400.0	100
					0
					0
					0
					0
					0
					0
2015-08-04	400.0	400.0	400.0	400.0	
2015-08-04	400.0	400.0	400.0	400.0	1300
					0
2015-08-06	400.0	400.0	400.0	400.0	
2015-08-06	400.0	400.0	400.0	400.0	300
					0
2015-08-10	400.0	400.0	400.0	400.0	2000
2015-08-10	400.0	400.0	400.0	400.0	
					0
					0
					0
					0
					0
					0
					0
					0
					0
					0
					0
					0
					0
					0
					0
					0
					0
					0
					0
2015-09-08	360.0	360.0	360.0	360.0	200
2015-09-09	325.0	325.0	325.0	325.0	800
2015-09-10	300.0	300.0	300.0	300.0	300
2015-09-11	300.0	300.0	300.0	300.0	100
2015-09-11	300.0	300.0	300.0	300.0	
					0
					0
					0
2015-09-17	300.0	300.0	300.0	300.0	100
2015-09-17	300.0	300.0	300.0	300.0	
					0
2015-09-21	295.0	295.0	295.0	295.0	100
2015-09-22	270.0	270.0	270.0	270.0	4400
2015-09-22	270.0	270.0	270.0	270.0	
					0
2015-09-25	275.0	275.0	275.0	275.0	100
2015-09-25	275.0	275.0	275.0	275.0	
					0
					0
					0
					0
2015-10-02	275.0	275.0	275.0	275.0	100
2015-10-05	275.0	275.0	275.0	275.0	100
2015-10-06	275.0	275.0	275.0	275.0	200
2015-10-07	293.0	293.0	293.0	293.0	200
2015-10-08	293.0	293.0	293.0	293.0	
2015-10-08	293.0	293.0	293.0	293.0	1000
					0
					0
					0
					0
					0
					0
2015-10-20	294.0	294.0	294.0	294.0	
2015-10-20	294.0	294.0	294.0	294.0	400
					0
					0
					0
2015-10-26	266.0	266.0	266.0	266.0	200
2015-10-27	265.0	250.0	265.0	250.0	6700
2015-10-28	250.0	250.0	250.0	250.0	
2015-10-28	250.0	250.0	250.0	250.0	100
					0
					0
					0
2015-11-03	226.0	226.0	226.0	226.0	200
2015-11-04	206.0	205.0	250.0	250.0	
2015-11-04	206.0	205.0	250.0	250.0	2100
					0
2015-11-06	225.0	225.0	225.0	225.0	
2015-11-06	225.0	225.0	225.0	225.0	1400
					0
2015-11-10	225.0	225.0	225.0	225.0	100
2015-11-10	225.0	225.0	225.0	225.0	
					0
					0
					0
					0
					0
2015-11-18	210.0	210.0	210.0	210.0	100
2015-11-19	200.0	189.0	200.0	189.0	700
2015-11-20	172.0	172.0	172.0	172.0	100
2015-11-20	172.0	172.0	172.0	172.0	
					0
					0
					0
					0
					0
					0
					0
					0
					0
					0
					0
					0
					0
2015-12-11	185.0	185.0	185.0	185.0	100
2015-12-11	185.0	185.0	185.0	185.0	
					0
					0
					0
2015-12-17	185.0	170.0	185.0	170.0	
2015-12-17	185.0	170.0	185.0	170.0	2100
					0
					0
					0
2015-12-23	170.0	170.0	170.0	170.0	200
2015-12-28	169.0	169.0	169.0	169.0	100
2015-12-28	169.0	169.0	169.0	169.0	
					0
2015-12-30	170.0	170.0	228.0	228.0	136600
2016-01-04	245.0	209.0	285.0	209.0	14000
2016-01-05	260.0	250.0	261.0	260.0	6600
2016-01-06	261.0	261.0	261.0	261.0	200
2016-01-07	326.0	326.0	326.0	326.0	100
2016-01-08	325.0	325.0	325.0	325.0	
2016-01-08	325.0	325.0	325.0	325.0	200
					0
					0
2016-01-13	325.0	325.0	325.0	325.0	
2016-01-13	325.0	325.0	325.0	325.0	800
					0
					0
					0
					0
					0
					0
2016-01-22	305.0	305.0	305.0	305.0	100
2016-01-22	305.0	305.0	305.0	305.0	
					0
					0
					0
					0
					0
					0
					0
					0
2016-02-04	381.0	381.0	381.0	381.0	
2016-02-04	381.0	381.0	381.0	381.0	400
					0
					0
					0
					0
					0
2016-02-15	381.0	381.0	381.0	381.0	
2016-02-15	381.0	381.0	381.0	381.0	100
					0
					0
					0
					0
					0
					0
					0
					0
					0
					0
					0
					0
					0
					0
					0
					0
					0
					0
					0
					0
					0
					0
					0
					0
					0
					0
					0
					0
					0
					0
2016-03-31	370.0	345.0	370.0	360.0	127300
2016-03-31	370.0	345.0	370.0	360.0	
					0
2016-04-04	360.0	360.0	360.0	360.0	50000
2016-04-04	360.0	360.0	360.0	360.0	
					0
					0
2016-04-07	365.0	365.0	370.0	370.0	70000
2016-04-07	365.0	365.0	370.0	370.0	
					0
2016-04-11	360.0	358.0	360.0	358.0	1400
2016-04-12	357.0	356.0	357.0	356.0	1600
2016-04-12	357.0	356.0	357.0	356.0	
					0
2016-04-14	341.0	341.0	352.0	351.0	4700
2016-04-15	352.0	352.0	352.0	352.0	2600
2016-04-18	351.0	351.0	351.0	351.0	1800
2016-04-19	349.0	349.0	351.0	351.0	1800
2016-04-20	352.0	352.0	352.0	352.0	
2016-04-20	352.0	352.0	352.0	352.0	5000
					0
2016-04-22	352.0	352.0	352.0	352.0	
2016-04-22	352.0	352.0	352.0	352.0	16600
					0
					0
					0
					0
2016-04-29	352.0	352.0	352.0	352.0	1400
2016-05-02	352.0	352.0	352.0	352.0	2000
2016-05-03	352.0	352.0	352.0	352.0	8600
2016-05-04	352.0	352.0	352.0	352.0	1000
2016-05-09	352.0	352.0	352.0	352.0	800
2016-05-10	352.0	352.0	352.0	352.0	1000
2016-05-11	352.0	352.0	352.0	352.0	1000
2016-05-12	352.0	352.0	352.0	352.0	800
2016-05-13	352.0	352.0	352.0	352.0	800
2016-05-16	352.0	352.0	352.0	352.0	400
2016-05-17	352.0	352.0	352.0	352.0	2000
2016-05-18	352.0	352.0	352.0	352.0	800
2016-05-19	352.0	352.0	352.0	352.0	1300
2016-05-20	352.0	352.0	352.0	352.0	3000
2016-05-20	352.0	352.0	352.0	352.0	
					0
2016-05-24	352.0	352.0	352.0	352.0	800
2016-05-25	352.0	352.0	352.0	352.0	381000
2016-05-26	352.0	350.0	352.0	350.0	68000
2016-05-27	350.0	350.0	350.0	350.0	100
2016-05-30	350.0	350.0	350.0	350.0	200
2016-05-31	340.0	340.0	340.0	340.0	1700
2016-06-01	324.0	324.0	402.0	400.0	1200
2016-06-02	410.0	410.0	410.0	410.0	500
2016-06-03	370.0	370.0	370.0	370.0	4600
2016-06-06	440.0	428.0	440.0	428.0	200
2016-06-07	386.0	386.0	386.0	386.0	
2016-06-07	386.0	386.0	386.0	386.0	2100
					0
					0
2016-06-10	398.0	398.0	398.0	398.0	1300
2016-06-10	398.0	398.0	398.0	398.0	
					0
					0
					0
					0
2016-06-17	360.0	360.0	360.0	360.0	
2016-06-17	360.0	360.0	360.0	360.0	100
					0
2016-06-21	340.0	340.0	390.0	340.0	1800
2016-06-22	320.0	320.0	320.0	320.0	100
2016-06-23	340.0	340.0	380.0	380.0	1600
2016-06-23	340.0	340.0	380.0	380.0	
					0
					0
					0
					0
					0
2016-07-01	360.0	342.0	360.0	342.0	4700
2016-07-11	362.0	362.0	362.0	362.0	100
2016-07-11	362.0	362.0	362.0	362.0	
					0
					0
2016-07-14	326.0	326.0	380.0	380.0	
2016-07-14	326.0	326.0	380.0	380.0	6400
					0
2016-07-18	474.0	348.0	474.0	348.0	600
2016-07-19	348.0	348.0	420.0	420.0	
2016-07-19	348.0	348.0	420.0	420.0	5500
					0
					0
					0
					0
2016-07-26	420.0	420.0	420.0	420.0	1000
2016-07-27	416.0	416.0	416.0	416.0	200
2016-07-27	416.0	416.0	416.0	416.0	
					0
					0
					0
					0
					0
					0
					0
					0
					0
					0
					0
					0
					0
					0
					0
					0
					0
					0
					0
					0
					0
					0
					0
					0
					0
					0
					0
					0
					0
					0
					0
					0
					0
					0
					0
					0
					0
					0
					0
					0
					0
					0
					0
2016-09-29	430.0	430.0	430.0	430.0	100
2016-09-29	430.0	430.0	430.0	430.0	
					0
					0
					0
					0
2016-10-06	428.0	428.0	428.0	428.0	100
2016-10-06	428.0	428.0	428.0	428.0	
					0
					0
					0
					0
					0
					0
					0
					0
					0
					0
2016-10-21	448.0	386.0	498.0	386.0	1400
2016-10-24	360.0	360.0	360.0	360.0	100
2016-10-25	340.0	340.0	342.0	342.0	1200
2016-10-25	340.0	340.0	342.0	342.0	
					0
					0
2016-10-28	326.0	326.0	326.0	326.0	100
2016-10-28	326.0	326.0	326.0	326.0	
					0
					0
2016-11-02	312.0	312.0	400.0	400.0	
2016-11-02	312.0	312.0	400.0	400.0	800
					0
					0
					0
					0
					0
					0
					0
					0
					0
					0
					0
					0
2016-11-21	400.0	400.0	400.0	400.0	
2016-11-21	400.0	400.0	400.0	400.0	200
					0
2016-11-23	400.0	400.0	400.0	400.0	3200
2016-11-24	500.0	500.0	500.0	500.0	800
2016-11-25	470.0	470.0	470.0	470.0	
2016-11-25	470.0	470.0	470.0	470.0	100
					0
					0
					0
					0
					0
					0
					0
					0
					0
					0
					0
					0
					0
					0
					0
					0
2016-12-21	424.0	424.0	424.0	424.0	5600
2016-12-22	496.0	424.0	496.0	424.0	2300
2016-12-23	450.0	438.0	450.0	438.0	2100
2016-12-27	400.0	400.0	436.0	428.0	2700
2016-12-28	444.0	396.0	444.0	396.0	48400
2016-12-29	376.0	366.0	376.0	366.0	800
2016-12-29	376.0	366.0	376.0	366.0	
					0
					0
					0
					0
					0
2017-01-09	284.0	284.0	284.0	284.0	100
2017-01-10	272.0	272.0	354.0	354.0	
2017-01-10	272.0	272.0	354.0	354.0	500
					0
					0
2017-01-13	352.0	352.0	352.0	352.0	200
2017-01-16	332.0	312.0	394.0	374.0	3100
2017-01-17	354.0	294.0	374.0	374.0	3500
2017-01-18	460.0	456.0	460.0	456.0	1700
2017-01-18	460.0	456.0	460.0	456.0	
					0
					0
					0
2017-01-24	342.0	342.0	342.0	342.0	100
2017-01-25	342.0	342.0	342.0	342.0	2000
2017-01-26	422.0	422.0	422.0	422.0	100
2017-01-26	422.0	422.0	422.0	422.0	
					0
2017-01-30	500.0	444.0	500.0	444.0	500
2017-01-31	440.0	336.0	440.0	350.0	
2017-01-31	440.0	336.0	440.0	350.0	8500
					0
2017-02-02	282.0	282.0	282.0	282.0	100
2017-02-02	282.0	282.0	282.0	282.0	
					0
					0
2017-02-07	276.0	276.0	276.0	276.0	3000
2017-02-07	276.0	276.0	276.0	276.0	
					0
2017-02-09	262.0	262.0	344.0	344.0	4400
2017-02-10	324.0	324.0	324.0	324.0	200
2017-02-13	322.0	322.0	322.0	322.0	400
2017-02-13	322.0	322.0	322.0	322.0	
					0
2017-02-16	308.0	308.0	400.0	400.0	3900
2017-02-17	394.0	394.0	394.0	394.0	600
2017-02-20	390.0	390.0	492.0	492.0	500
2017-02-21	492.0	492.0	492.0	492.0	100
2017-02-22	520.0	520.0	520.0	520.0	100
2017-02-23	520.0	520.0	520.0	520.0	
2017-02-23	520.0	520.0	520.0	520.0	100
					0
2017-02-27	500.0	498.0	500.0	498.0	7800
2017-02-28	486.0	484.0	486.0	484.0	300
2017-02-28	486.0	484.0	486.0	484.0	
					0
					0
					0
					0
2017-03-07	500.0	500.0	500.0	500.0	
2017-03-07	500.0	500.0	500.0	500.0	100
					0
2017-03-09	505.0	494.0	505.0	494.0	200
2017-03-10	492.0	492.0	492.0	492.0	100
2017-03-10	492.0	492.0	492.0	492.0	
					0
					0
2017-03-15	490.0	490.0	490.0	490.0	100
2017-03-16	488.0	488.0	488.0	488.0	
2017-03-16	488.0	488.0	488.0	488.0	200
					0
					0
					0
2017-03-22	488.0	478.0	488.0	478.0	
2017-03-22	488.0	478.0	488.0	478.0	1600
					0
2017-03-24	362.0	360.0	400.0	378.0	14200
2017-03-27	370.0	370.0	380.0	378.0	18800
2017-03-29	376.0	356.0	376.0	356.0	200
2017-03-30	346.0	320.0	346.0	340.0	91600
2017-03-31	378.0	366.0	378.0	366.0	
2017-03-31	378.0	366.0	378.0	366.0	400
					0
2017-04-04	376.0	376.0	376.0	376.0	3000
2017-04-05	396.0	372.0	396.0	372.0	300
2017-04-06	372.0	350.0	372.0	350.0	2500
2017-04-07	390.0	384.0	410.0	386.0	3000
2017-04-07	390.0	384.0	410.0	386.0	
					0
					0
					0
					0
2017-04-17	362.0	362.0	362.0	362.0	1000
2017-04-18	354.0	354.0	354.0	354.0	100
2017-04-18	354.0	354.0	354.0	354.0	
					0
2017-04-21	354.0	354.0	354.0	354.0	600
2017-04-21	354.0	354.0	354.0	354.0	
					0
2017-04-26	370.0	370.0	370.0	370.0	100
2017-04-26	370.0	370.0	370.0	370.0	
					0
2017-04-28	362.0	282.0	362.0	282.0	2700
2017-04-28	362.0	282.0	362.0	282.0	
					0
					0
					0
2017-05-05	266.0	266.0	300.0	300.0	700
2017-05-08	358.0	358.0	358.0	358.0	100
2017-05-09	358.0	358.0	358.0	358.0	4000
2017-05-10	358.0	284.0	358.0	284.0	4100
2017-05-10	358.0	284.0	358.0	284.0	
					0
					0
2017-05-16	290.0	290.0	292.0	292.0	
2017-05-16	290.0	290.0	292.0	292.0	8500
					0
2017-05-18	292.0	292.0	292.0	292.0	
2017-05-18	292.0	292.0	292.0	292.0	200
					0
2017-05-22	292.0	292.0	292.0	292.0	4200
2017-05-22	292.0	292.0	292.0	292.0	
					0
2017-05-24	360.0	304.0	360.0	304.0	800
2017-05-26	294.0	294.0	370.0	358.0	11300
2017-05-29	358.0	340.0	358.0	340.0	1100
2017-05-30	294.0	292.0	344.0	304.0	97500
2017-05-31	342.0	300.0	342.0	300.0	300
2017-05-31	342.0	300.0	342.0	300.0	
					0
					0
2017-06-06	292.0	292.0	292.0	292.0	100
2017-06-07	292.0	292.0	292.0	292.0	200
2017-06-07	292.0	292.0	292.0	292.0	
					0
					0
					0
					0
2017-06-14	286.0	282.0	286.0	282.0	
2017-06-14	286.0	282.0	286.0	282.0	8100
					0
					0
					0
2017-06-20	344.0	344.0	344.0	344.0	100
2017-06-20	344.0	344.0	344.0	344.0	
					0
					0
					0
					0
					0
					0
					0
					0
2017-07-11	300.0	296.0	304.0	304.0	
2017-07-11	300.0	296.0	304.0	304.0	4300
					0
					0
					0
					0
					0
					0
					0
					0
					0
					0
					0
					0
					0
					0
					0
2017-08-02	228.0	228.0	240.0	240.0	200
2017-08-03	252.0	250.0	260.0	252.0	
2017-08-03	252.0	250.0	260.0	252.0	88100
					0
2017-08-07	234.0	234.0	252.0	252.0	2200
2017-08-08	252.0	252.0	252.0	252.0	8400
2017-08-09	290.0	290.0	290.0	290.0	100
2017-08-10	336.0	336.0	336.0	336.0	100
2017-08-11	356.0	304.0	356.0	304.0	1900
2017-08-11	356.0	304.0	356.0	304.0	
					0
2017-08-15	296.0	296.0	296.0	296.0	100
2017-08-16	260.0	260.0	262.0	260.0	2600
2017-08-18	262.0	262.0	264.0	264.0	1000
2017-08-21	262.0	262.0	262.0	262.0	1400
2017-08-21	262.0	262.0	262.0	262.0	
					0
					0
					0
					0
					0
2017-08-29	262.0	262.0	290.0	290.0	600
2017-08-30	290.0	290.0	312.0	296.0	5200
2017-08-30	290.0	290.0	312.0	296.0	
					0
					0
					0
					0
					0
					0
					0
2017-09-12	288.0	288.0	288.0	288.0	2200
2017-09-13	298.0	298.0	298.0	298.0	100
2017-09-14	288.0	288.0	294.0	294.0	200
2017-09-14	288.0	288.0	294.0	294.0	
					0
2017-09-18	266.0	266.0	270.0	266.0	12700
2017-09-19	260.0	260.0	260.0	260.0	700
2017-09-20	308.0	308.0	308.0	308.0	100
2017-09-22	376.0	308.0	376.0	308.0	200
2017-09-25	302.0	302.0	302.0	302.0	500
2017-09-25	302.0	302.0	302.0	302.0	
					0
					0
2017-09-28	276.0	250.0	276.0	270.0	400
2017-09-29	272.0	272.0	272.0	272.0	500
2017-10-02	270.0	270.0	272.0	272.0	
2017-10-02	270.0	270.0	272.0	272.0	400
					0
2017-10-04	274.0	270.0	274.0	270.0	200
2017-10-05	270.0	270.0	270.0	270.0	900
2017-10-05	270.0	270.0	270.0	270.0	
					0
					0
2017-10-10	288.0	254.0	288.0	264.0	4100
2017-10-11	264.0	264.0	264.0	264.0	200
2017-10-11	264.0	264.0	264.0	264.0	
					0
2017-10-13	274.0	272.0	274.0	272.0	400
2017-10-16	282.0	282.0	282.0	282.0	100
2017-10-16	282.0	282.0	282.0	282.0	
					0
					0
					0
					0
					0
					0
2017-10-25	270.0	268.0	270.0	268.0	200
2017-10-26	268.0	268.0	268.0	268.0	5600
2017-10-26	268.0	268.0	268.0	268.0	
					0
					0
					0
2017-11-01	268.0	268.0	268.0	268.0	600
2017-11-02	288.0	286.0	288.0	286.0	
2017-11-02	288.0	286.0	288.0	286.0	400
					0
2017-11-06	250.0	250.0	250.0	250.0	100
2017-11-07	254.0	254.0	258.0	258.0	500
2017-11-08	284.0	284.0	284.0	284.0	100
2017-11-08	284.0	284.0	284.0	284.0	
					0
					0
2017-11-13	256.0	220.0	272.0	272.0	700
2017-11-13	256.0	220.0	272.0	272.0	
					0
					0
					0
					0
2017-11-20	270.0	270.0	270.0	270.0	
2017-11-20	270.0	270.0	270.0	270.0	400
					0
2017-11-22	270.0	270.0	270.0	270.0	1000
2017-11-22	270.0	270.0	270.0	270.0	
					0
					0
					0
2017-11-28	270.0	270.0	270.0	270.0	1800
2017-11-29	288.0	288.0	288.0	288.0	100
2017-11-30	282.0	282.0	282.0	282.0	100
2017-11-30	282.0	282.0	282.0	282.0	
					0
					0
					0
					0
					0
					0
					0
					0
					0
					0
					0
					0
					0
					0
					0
					0
					0
2017-12-29	274.0	262.0	274.0	264.0	500
2018-01-02	264.0	262.0	264.0	262.0	200
2018-01-02	264.0	262.0	264.0	262.0	
					0
2018-01-04	264.0	262.0	264.0	262.0	200
2018-01-05	274.0	274.0	274.0	274.0	100
2018-01-05	274.0	274.0	274.0	274.0	
					0
					0
					0
					0
					0
					0
2018-01-16	274.0	274.0	274.0	274.0	400
2018-01-16	274.0	274.0	274.0	274.0	
					0
					0
					0
					0
					0
					0
					0
					0
					0
					0
					0
					0
					0
					0
2018-02-06	232.0	232.0	232.0	232.0	100
2018-02-07	240.0	240.0	240.0	240.0	8000
2018-02-08	240.0	240.0	240.0	240.0	200
2018-02-08	240.0	240.0	240.0	240.0	
					0
2018-02-12	240.0	240.0	240.0	240.0	2500
2018-02-13	240.0	240.0	240.0	240.0	400
2018-02-14	246.0	246.0	246.0	246.0	100
2018-02-14	246.0	246.0	246.0	246.0	
					0
2018-02-19	248.0	248.0	266.0	266.0	
2018-02-19	248.0	248.0	266.0	266.0	1400
					0
					0
2018-02-22	220.0	220.0	250.0	248.0	9100
2018-02-23	230.0	230.0	230.0	230.0	
2018-02-23	230.0	230.0	230.0	230.0	1400
					0
					0
2018-02-28	210.0	210.0	266.0	266.0	500
2018-02-28	210.0	210.0	266.0	266.0	
					0
					0
2018-03-05	252.0	230.0	252.0	230.0	2600
2018-03-06	232.0	210.0	266.0	266.0	19000
2018-03-07	256.0	256.0	256.0	256.0	100
2018-03-08	256.0	256.0	256.0	256.0	
2018-03-08	256.0	256.0	256.0	256.0	100
					0
					0
2018-03-13	266.0	266.0	266.0	266.0	
2018-03-13	266.0	266.0	266.0	266.0	200
					0
					0
					0
2018-03-19	262.0	262.0	262.0	262.0	
2018-03-19	262.0	262.0	262.0	262.0	100
					0
2018-03-21	264.0	258.0	264.0	258.0	
2018-03-21	264.0	258.0	264.0	258.0	400
					0
2018-03-23	278.0	258.0	278.0	258.0	
2018-03-23	278.0	258.0	278.0	258.0	500
					0
2018-03-27	272.0	240.0	276.0	260.0	
2018-03-27	272.0	240.0	276.0	260.0	2400
					0
2018-03-29	260.0	254.0	262.0	262.0	11400
2018-04-02	264.0	260.0	264.0	264.0	25100
2018-04-03	270.0	270.0	330.0	326.0	143300
2018-04-04	328.0	326.0	330.0	326.0	16300
2018-04-05	300.0	280.0	324.0	286.0	20200
2018-04-06	286.0	278.0	326.0	294.0	9600
2018-04-09	294.0	294.0	294.0	294.0	
2018-04-09	294.0	294.0	294.0	294.0	100
					0
					0
					0
					0
2018-04-16	294.0	272.0	350.0	294.0	8200
2018-04-17	290.0	270.0	294.0	290.0	900
2018-04-18	286.0	284.0	286.0	284.0	200
2018-04-19	284.0	220.0	284.0	282.0	700
2018-04-20	282.0	282.0	282.0	282.0	100
2018-04-23	280.0	260.0	280.0	280.0	1300
2018-04-24	278.0	274.0	278.0	274.0	200
2018-04-25	280.0	278.0	340.0	324.0	69600
2018-04-26	304.0	266.0	322.0	266.0	18800
2018-04-27	266.0	230.0	268.0	230.0	14300
2018-04-30	248.0	220.0	284.0	232.0	97200
2018-05-02	248.0	212.0	248.0	226.0	9900
2018-05-03	218.0	210.0	220.0	220.0	1200
2018-05-04	220.0	210.0	234.0	210.0	15000
2018-05-07	216.0	202.0	216.0	210.0	6000
2018-05-08	197.0	197.0	206.0	204.0	500
2018-05-09	206.0	190.0	206.0	190.0	6400
2018-05-11	190.0	182.0	190.0	190.0	6100
2018-05-14	189.0	179.0	189.0	187.0	1300
2018-05-15	177.0	172.0	186.0	182.0	3600
2018-05-16	167.0	163.0	176.0	169.0	7800
2018-05-17	177.0	161.0	177.0	169.0	5200
2018-05-18	175.0	160.0	175.0	165.0	7400
2018-05-21	168.0	152.0	168.0	155.0	42400
2018-05-22	157.0	151.0	157.0	157.0	6200
2018-05-23	157.0	157.0	157.0	157.0	100
2018-05-24	157.0	145.0	157.0	152.0	14000
2018-05-25	169.0	151.0	169.0	151.0	32900
2018-05-28	150.0	143.0	150.0	150.0	18500
2018-05-30	150.0	143.0	150.0	149.0	8600
2018-05-31	141.0	141.0	148.0	145.0	6300
2018-06-04	141.0	141.0	144.0	144.0	2000
2018-06-05	142.0	141.0	144.0	144.0	147300
2018-06-06	144.0	144.0	150.0	150.0	2100
2018-06-07	144.0	144.0	170.0	148.0	3200
2018-06-08	151.0	146.0	167.0	156.0	
2018-06-08	151.0	146.0	167.0	156.0	17200
					0
2018-06-20	156.0	148.0	160.0	155.0	13500
2018-06-21	144.0	144.0	153.0	153.0	1500
2018-06-22	147.0	147.0	151.0	151.0	5000
2018-06-25	149.0	148.0	151.0	151.0	3300
2018-06-26	143.0	140.0	147.0	147.0	9600
2018-06-27	141.0	141.0	147.0	147.0	3400
2018-06-28	149.0	149.0	149.0	149.0	200
2018-06-28	149.0	149.0	149.0	149.0	
					0
2018-07-02	155.0	143.0	155.0	148.0	2200
2018-07-03	144.0	143.0	150.0	148.0	8900
2018-07-04	141.0	141.0	145.0	145.0	3300
2018-07-05	141.0	140.0	142.0	140.0	2100
2018-07-06	147.0	130.0	147.0	140.0	56000
2018-07-09	132.0	131.0	136.0	131.0	1500
2018-07-10	154.0	134.0	154.0	147.0	57600
2018-07-11	147.0	142.0	148.0	142.0	1400
2018-07-12	144.0	144.0	144.0	144.0	1000
2018-07-13	134.0	134.0	148.0	148.0	
2018-07-13	134.0	134.0	148.0	148.0	1600
					0
2018-07-17	150.0	150.0	150.0	150.0	
2018-07-17	150.0	150.0	150.0	150.0	100
					0
					0
					0
					0
2018-07-24	155.0	155.0	155.0	155.0	
2018-07-24	155.0	155.0	155.0	155.0	100
					0
2018-07-26	146.0	146.0	152.0	150.0	
2018-07-26	146.0	146.0	152.0	150.0	300
					0
					0
2018-07-31	150.0	150.0	151.0	150.0	
2018-07-31	150.0	150.0	151.0	150.0	600
					0
					0
					0
2018-08-06	150.0	150.0	150.0	150.0	200
2018-08-07	140.0	140.0	150.0	150.0	1500
2018-08-07	140.0	140.0	150.0	150.0	
					0
2018-08-09	134.0	134.0	144.0	144.0	200
2018-08-10	152.0	144.0	152.0	144.0	300
2018-08-13	146.0	131.0	146.0	131.0	21100
2018-08-14	131.0	130.0	135.0	130.0	228800
2018-08-15	148.0	131.0	148.0	137.0	7200
2018-08-16	138.0	138.0	138.0	138.0	100
2018-08-20	131.0	131.0	131.0	131.0	600
2018-08-21	138.0	133.0	140.0	139.0	17000
2018-08-23	142.0	131.0	142.0	137.0	300
2018-08-24	137.0	137.0	141.0	141.0	200
2018-08-27	131.0	131.0	135.0	131.0	177900
2018-08-28	150.0	141.0	150.0	141.0	1200
2018-08-29	131.0	131.0	140.0	137.0	3700
2018-08-30	134.0	134.0	134.0	134.0	200
2018-08-31	134.0	134.0	134.0	134.0	1000
2018-09-03	135.0	135.0	141.0	141.0	200
2018-09-04	148.0	137.0	148.0	137.0	600
2018-09-05	131.0	131.0	136.0	136.0	
2018-09-05	131.0	131.0	136.0	136.0	2900
					0
2018-09-07	142.0	142.0	142.0	142.0	100
2018-09-10	126.0	126.0	135.0	135.0	200
2018-09-12	135.0	135.0	137.0	137.0	500
2018-09-12	135.0	135.0	137.0	137.0	
					0
2018-09-14	147.0	147.0	147.0	147.0	100
2018-09-17	152.0	136.0	152.0	145.0	22400
2018-09-18	155.0	128.0	155.0	139.0	4000
2018-09-19	138.0	138.0	146.0	141.0	400
2018-09-20	151.0	138.0	151.0	142.0	800
2018-09-21	140.0	140.0	140.0	140.0	
2018-09-21	140.0	140.0	140.0	140.0	100
					0
2018-09-25	145.0	136.0	145.0	136.0	300
2018-09-26	137.0	137.0	142.0	142.0	200
2018-09-27	140.0	130.0	140.0	135.0	4300
2018-09-28	145.0	145.0	145.0	145.0	100
2018-10-01	141.0	138.0	141.0	141.0	1600
2018-10-02	137.0	126.0	140.0	140.0	500
2018-10-03	150.0	140.0	150.0	142.0	2400
2018-10-04	143.0	143.0	143.0	143.0	100
2018-10-05	143.0	143.0	147.0	147.0	3800
2018-10-08	144.0	136.0	144.0	142.0	2000
2018-10-09	135.0	135.0	143.0	143.0	1700
2018-10-10	136.0	136.0	137.0	137.0	400
2018-10-11	145.0	125.0	145.0	125.0	600
2018-10-12	136.0	128.0	142.0	141.0	3900
2018-10-15	149.0	147.0	149.0	147.0	11400
2018-10-16	149.0	149.0	149.0	149.0	100
2018-10-17	157.0	149.0	157.0	149.0	4500
2018-10-18	142.0	142.0	142.0	142.0	100
2018-10-19	144.0	144.0	144.0	144.0	200
2018-10-22	149.0	149.0	153.0	149.0	3800
2018-10-23	143.0	142.0	144.0	142.0	1800
2018-10-24	140.0	136.0	140.0	136.0	1800
2018-10-25	129.0	129.0	135.0	135.0	300
2018-10-26	134.0	134.0	134.0	134.0	500
2018-10-29	132.0	132.0	132.0	132.0	100
2018-10-30	132.0	127.0	132.0	127.0	800
2018-10-31	127.0	127.0	134.0	132.0	10700
2018-11-01	132.0	132.0	132.0	132.0	100
2018-11-02	133.0	133.0	133.0	133.0	700
2018-11-05	134.0	130.0	149.0	142.0	1900
2018-11-06	142.0	126.0	142.0	126.0	5500
2018-11-07	136.0	136.0	154.0	145.0	12700
2018-11-08	145.0	145.0	149.0	148.0	15400
2018-11-09	145.0	131.0	149.0	149.0	5400
2018-11-12	145.0	136.0	145.0	142.0	300
2018-11-13	136.0	136.0	136.0	136.0	700
2018-11-14	136.0	136.0	136.0	136.0	1400
2018-11-15	127.0	127.0	132.0	127.0	16100
2018-11-16	130.0	130.0	141.0	139.0	2700
2018-11-19	142.0	138.0	187.0	179.0	144300
2018-11-21	179.0	150.0	179.0	170.0	24600
2018-11-22	170.0	162.0	174.0	165.0	22800
2018-11-23	165.0	161.0	222.0	210.0	245400
2018-11-26	210.0	210.0	262.0	262.0	201400
2018-11-27	270.0	270.0	326.0	326.0	603200
2018-11-28	348.0	272.0	360.0	306.0	168800
2018-11-29	306.0	242.0	314.0	306.0	31800
2018-11-30	292.0	282.0	302.0	296.0	17000
2018-12-03	296.0	222.0	296.0	222.0	93100
2018-12-04	222.0	183.0	226.0	226.0	144700
2018-12-05	220.0	190.0	220.0	192.0	5800
2018-12-06	220.0	190.0	220.0	212.0	6000
2018-12-07	216.0	208.0	216.0	212.0	16600
2018-12-10	210.0	210.0	212.0	210.0	4500
2018-12-11	220.0	190.0	220.0	212.0	5900
2018-12-12	212.0	200.0	212.0	210.0	2300
2018-12-13	216.0	208.0	236.0	228.0	51700
2018-12-14	228.0	202.0	230.0	202.0	14800
2018-12-17	202.0	202.0	202.0	202.0	1400
2018-12-18	222.0	210.0	230.0	222.0	15800
2018-12-19	226.0	208.0	240.0	224.0	11700
2018-12-20	226.0	210.0	250.0	246.0	46100
2018-12-21	246.0	228.0	246.0	228.0	4600
2018-12-26	230.0	212.0	250.0	230.0	13800
2018-12-27	230.0	228.0	230.0	228.0	1100
2018-12-28	230.0	230.0	232.0	230.0	2300
2019-01-02	230.0	228.0	232.0	228.0	5700
2019-01-03	230.0	226.0	230.0	228.0	7500
2019-01-04	226.0	222.0	226.0	226.0	1200
2019-01-07	230.0	226.0	230.0	228.0	500
2019-01-08	226.0	226.0	226.0	226.0	900
2019-01-09	230.0	170.0	230.0	170.0	25800
2019-01-10	173.0	173.0	228.0	220.0	75500
2019-01-11	220.0	200.0	222.0	218.0	41100
2019-01-14	220.0	177.0	220.0	177.0	8400
2019-01-15	190.0	180.0	210.0	206.0	84000
2019-01-16	208.0	200.0	212.0	210.0	39900
2019-01-17	210.0	159.0	210.0	208.0	1500
2019-01-18	206.0	181.0	208.0	206.0	1500
2019-01-21	206.0	157.0	208.0	157.0	3600
2019-01-22	181.0	170.0	206.0	170.0	184400
2019-01-23	175.0	151.0	188.0	162.0	54400
2019-01-24	163.0	157.0	177.0	161.0	69300
2019-01-25	173.0	162.0	173.0	169.0	1800
2019-01-28	169.0	163.0	172.0	166.0	27100
2019-01-29	166.0	157.0	166.0	160.0	2900
2019-01-30	160.0	155.0	168.0	157.0	11200
2019-01-31	158.0	137.0	176.0	170.0	2700
2019-02-01	162.0	162.0	179.0	166.0	28000
2019-02-04	166.0	165.0	166.0	165.0	15200
2019-02-06	165.0	165.0	178.0	174.0	21300
2019-02-07	179.0	155.0	202.0	196.0	256400
2019-02-08	199.0	171.0	242.0	240.0	79900
2019-02-11	240.0	210.0	252.0	218.0	117400
2019-02-12	218.0	202.0	272.0	248.0	57200
2019-02-13	248.0	236.0	254.0	248.0	34800
2019-02-14	236.0	236.0	274.0	250.0	15900
2019-02-15	232.0	232.0	250.0	246.0	1800
2019-02-18	254.0	246.0	254.0	246.0	2100
2019-02-19	246.0	246.0	254.0	252.0	14900
2019-02-20	246.0	232.0	256.0	256.0	17200
2019-02-21	256.0	240.0	256.0	248.0	11700
2019-02-22	248.0	232.0	252.0	252.0	1800
2019-02-25	252.0	252.0	252.0	252.0	100
2019-02-26	252.0	212.0	252.0	252.0	18600
2019-02-27	252.0	220.0	258.0	238.0	4000
2019-02-28	230.0	230.0	250.0	250.0	1100
2019-03-01	250.0	250.0	250.0	250.0	10000
2019-03-04	248.0	246.0	248.0	246.0	900
2019-03-05	246.0	212.0	258.0	258.0	1300
2019-03-06	250.0	250.0	258.0	254.0	8700
2019-03-08	254.0	250.0	260.0	250.0	1400
2019-03-11	258.0	254.0	258.0	256.0	
2019-03-11	258.0	254.0	258.0	256.0	21400
					0
2019-03-13	248.0	192.0	252.0	230.0	27000
2019-03-14	248.0	230.0	248.0	246.0	300
2019-03-15	232.0	202.0	240.0	228.0	10600
2019-03-18	248.0	202.0	248.0	230.0	28700
2019-03-19	242.0	242.0	244.0	242.0	400
2019-03-19	242.0	242.0	244.0	242.0	
					0
2019-03-21	222.0	222.0	244.0	240.0	14600
2019-03-22	222.0	222.0	236.0	224.0	8700
2019-03-25	236.0	224.0	236.0	234.0	300
2019-03-26	228.0	224.0	234.0	232.0	900
2019-03-27	232.0	202.0	262.0	252.0	10100
2019-03-28	252.0	234.0	252.0	246.0	6000
2019-03-29	246.0	212.0	246.0	242.0	1600
2019-04-01	244.0	224.0	244.0	242.0	31900
2019-04-01	244.0	224.0	244.0	242.0	
					0
					0
2019-04-05	222.0	202.0	242.0	202.0	15100
2019-04-08	204.0	202.0	240.0	218.0	5600
2019-04-09	218.0	218.0	234.0	234.0	4100
2019-04-10	234.0	234.0	248.0	238.0	9700
2019-04-11	218.0	218.0	238.0	234.0	1000
2019-04-12	232.0	232.0	242.0	242.0	200
2019-04-15	242.0	210.0	242.0	236.0	6000
2019-04-16	222.0	222.0	236.0	236.0	200
2019-04-18	238.0	238.0	238.0	238.0	1100
2019-04-22	238.0	234.0	238.0	238.0	3200
2019-04-23	210.0	202.0	226.0	202.0	55000
2019-04-24	220.0	202.0	220.0	202.0	4800
2019-04-25	210.0	161.0	212.0	210.0	3500
2019-04-26	191.0	191.0	191.0	191.0	500
2019-04-29	191.0	191.0	214.0	210.0	1900
2019-04-30	208.0	193.0	208.0	193.0	
2019-04-30	208.0	193.0	208.0	193.0	12100
					0
2019-05-03	200.0	200.0	200.0	200.0	1300
2019-05-06	210.0	210.0	210.0	210.0	100
2019-05-07	210.0	190.0	210.0	190.0	700
2019-05-08	200.0	190.0	216.0	198.0	7100
2019-05-09	198.0	198.0	198.0	198.0	100
2019-05-10	198.0	150.0	198.0	198.0	46600
2019-05-13	199.0	198.0	199.0	198.0	10300
2019-05-13	199.0	198.0	199.0	198.0	
					0
2019-05-15	198.0	198.0	202.0	202.0	1600
2019-05-15	198.0	198.0	202.0	202.0	
					0
					0
2019-05-20	210.0	163.0	210.0	176.0	400
2019-05-21	176.0	166.0	176.0	166.0	11000
2019-05-22	216.0	198.0	216.0	198.0	34300
2019-05-23	198.0	198.0	198.0	198.0	100
2019-05-23	198.0	198.0	198.0	198.0	
					0
					0
2019-05-28	198.0	198.0	198.0	198.0	
2019-05-28	198.0	198.0	198.0	198.0	100
					0
2019-05-31	198.0	198.0	198.0	198.0	2000
2019-06-10	208.0	208.0	216.0	216.0	200
2019-06-11	216.0	216.0	216.0	216.0	300
2019-06-12	216.0	216.0	250.0	250.0	5300
2019-06-13	260.0	248.0	260.0	248.0	4100
2019-06-13	260.0	248.0	260.0	248.0	
					0
2019-06-17	242.0	234.0	242.0	234.0	1000
2019-06-18	180.0	180.0	234.0	232.0	3500
2019-06-19	246.0	246.0	246.0	246.0	100
2019-06-20	266.0	228.0	266.0	236.0	4600
2019-06-21	230.0	182.0	246.0	236.0	5000
2019-06-24	236.0	236.0	236.0	236.0	3700
2019-06-25	236.0	183.0	240.0	238.0	8100
2019-06-26	238.0	238.0	238.0	238.0	1200
2019-06-27	230.0	230.0	230.0	230.0	1400
2019-06-28	236.0	236.0	236.0	236.0	1700
2019-07-01	240.0	236.0	240.0	238.0	6600
2019-07-02	236.0	236.0	236.0	236.0	200
2019-07-03	230.0	230.0	230.0	230.0	500
2019-07-04	230.0	230.0	236.0	232.0	2000
2019-07-05	232.0	232.0	238.0	238.0	10700
2019-07-08	238.0	222.0	238.0	236.0	500
2019-07-09	236.0	180.0	236.0	234.0	13800
2019-07-10	236.0	236.0	236.0	236.0	100
2019-07-10	236.0	236.0	236.0	236.0	
					0
2019-07-12	246.0	246.0	246.0	246.0	100
2019-07-15	236.0	236.0	236.0	236.0	2500
2019-07-15	236.0	236.0	236.0	236.0	
					0
					0
2019-07-18	236.0	236.0	236.0	236.0	2600
2019-07-19	236.0	236.0	236.0	236.0	2600
2019-07-22	236.0	234.0	236.0	234.0	1000
2019-07-23	236.0	236.0	236.0	236.0	100
2019-07-24	236.0	184.0	236.0	184.0	200
2019-07-25	204.0	204.0	236.0	236.0	2800
2019-07-26	236.0	234.0	240.0	236.0	13100
2019-07-29	240.0	234.0	240.0	234.0	1400
2019-07-30	236.0	232.0	236.0	232.0	2000
2019-07-31	236.0	236.0	236.0	236.0	100
2019-08-01	236.0	236.0	236.0	236.0	500
2019-08-02	236.0	236.0	238.0	236.0	6400
2019-08-05	244.0	230.0	244.0	238.0	400
2019-08-06	238.0	238.0	238.0	238.0	700
2019-08-07	234.0	234.0	238.0	236.0	800
2019-08-08	236.0	236.0	236.0	236.0	200
2019-08-09	236.0	236.0	236.0	236.0	100
2019-08-12	234.0	234.0	236.0	234.0	1300
2019-08-13	234.0	234.0	248.0	244.0	15900
2019-08-14	238.0	236.0	262.0	236.0	18300
2019-08-15	242.0	236.0	242.0	240.0	3000
2019-08-16	240.0	236.0	240.0	236.0	2300
2019-08-19	236.0	236.0	242.0	236.0	
2019-08-19	236.0	236.0	242.0	236.0	5300
					0
2019-08-21	248.0	200.0	248.0	230.0	1300
2019-08-22	230.0	230.0	230.0	230.0	3100
2019-08-23	228.0	228.0	242.0	240.0	600
2019-08-26	240.0	240.0	240.0	240.0	5900
2019-08-27	240.0	240.0	240.0	240.0	500
2019-08-28	240.0	240.0	240.0	240.0	100
2019-08-28	240.0	240.0	240.0	240.0	
					0
					0
2019-09-02	240.0	240.0	240.0	240.0	200
2019-09-03	240.0	240.0	240.0	240.0	100
2019-09-03	240.0	240.0	240.0	240.0	
					0
					0
2019-09-06	240.0	185.0	240.0	185.0	2500
2019-09-09	195.0	195.0	238.0	234.0	4600
2019-09-10	240.0	230.0	240.0	230.0	6500
2019-09-11	230.0	210.0	230.0	216.0	36200
2019-09-12	216.0	210.0	248.0	222.0	41400
2019-09-13	214.0	210.0	226.0	226.0	23500
2019-09-13	214.0	210.0	226.0	226.0	
					0
2019-09-17	214.0	214.0	214.0	214.0	500
2019-09-18	212.0	210.0	212.0	210.0	9000
2019-09-19	212.0	210.0	222.0	222.0	1300
2019-09-20	222.0	216.0	222.0	216.0	1100
2019-09-23	214.0	210.0	220.0	220.0	
2019-09-23	214.0	210.0	220.0	220.0	600
					0
2019-09-25	214.0	186.0	214.0	190.0	12200
2019-09-26	190.0	190.0	214.0	214.0	10900
2019-09-27	212.0	212.0	240.0	232.0	12800
2019-09-30	236.0	212.0	236.0	212.0	1800
2019-10-01	232.0	228.0	232.0	230.0	300
2019-10-02	238.0	210.0	238.0	210.0	200
2019-10-03	236.0	228.0	240.0	228.0	13200
2019-10-04	220.0	210.0	228.0	210.0	2700
2019-10-07	210.0	210.0	230.0	230.0	9500
2019-10-08	230.0	228.0	234.0	228.0	700
2019-10-08	230.0	228.0	234.0	228.0	
					0
2019-10-10	226.0	218.0	226.0	218.0	300
2019-10-11	224.0	222.0	224.0	222.0	200
2019-10-14	222.0	222.0	222.0	222.0	100
2019-10-15	222.0	222.0	222.0	222.0	100
2019-10-16	226.0	226.0	226.0	226.0	
2019-10-16	226.0	226.0	226.0	226.0	100
					0
					0
2019-10-21	224.0	224.0	224.0	224.0	300
2019-10-21	224.0	224.0	224.0	224.0	
					0
2019-10-23	222.0	222.0	222.0	222.0	300
2019-10-23	222.0	222.0	222.0	222.0	
					0
					0
2019-10-28	234.0	220.0	234.0	222.0	700
2019-10-29	222.0	222.0	224.0	224.0	200
2019-10-30	224.0	224.0	224.0	224.0	
2019-10-30	224.0	224.0	224.0	224.0	100
					0
2019-11-01	224.0	224.0	224.0	224.0	100
2019-11-01	224.0	224.0	224.0	224.0	
					0
					0
					0
2019-11-07	224.0	224.0	224.0	224.0	100
2019-11-08	224.0	224.0	224.0	224.0	
2019-11-08	224.0	224.0	224.0	224.0	100
					0
					0
2019-11-13	224.0	224.0	224.0	224.0	
2019-11-13	224.0	224.0	224.0	224.0	100
					0
					0
					0
2019-11-19	224.0	224.0	224.0	224.0	
2019-11-19	224.0	224.0	224.0	224.0	100
					0
2019-11-21	220.0	220.0	224.0	222.0	1700
2019-11-22	222.0	222.0	222.0	222.0	400
2019-11-25	222.0	222.0	222.0	222.0	100
2019-11-25	222.0	222.0	222.0	222.0	
					0
2019-11-27	222.0	167.0	222.0	167.0	2200
2019-11-28	175.0	175.0	210.0	210.0	31500
2019-11-29	230.0	175.0	250.0	222.0	2000
2019-12-02	220.0	220.0	220.0	220.0	3500
2019-12-03	220.0	169.0	220.0	169.0	300
2019-12-04	179.0	179.0	228.0	226.0	5300
2019-12-05	228.0	210.0	234.0	210.0	3400
2019-12-06	210.0	210.0	234.0	226.0	2500
2019-12-09	224.0	224.0	226.0	226.0	200
2019-12-10	224.0	224.0	224.0	224.0	100
2019-12-10	224.0	224.0	224.0	224.0	
					0
					0
2019-12-13	224.0	222.0	224.0	224.0	300
2019-12-16	230.0	228.0	236.0	228.0	
2019-12-16	230.0	228.0	236.0	228.0	1800
					0
2019-12-18	228.0	228.0	234.0	228.0	1800
2019-12-19	226.0	226.0	226.0	226.0	100
2019-12-20	238.0	226.0	238.0	226.0	200
2019-12-23	226.0	226.0	226.0	226.0	200
2019-12-26	232.0	224.0	234.0	224.0	7000
2019-12-27	224.0	224.0	240.0	224.0	8800
2019-12-27	224.0	224.0	240.0	224.0	
					0
					0
					0
2020-01-06	224.0	168.0	224.0	168.0	1100
2020-01-07	170.0	170.0	226.0	226.0	32000
2020-01-07	170.0	170.0	226.0	226.0	
					0
2020-01-09	226.0	173.0	226.0	173.0	500
2020-01-10	183.0	183.0	232.0	210.0	54100
2020-01-13	212.0	210.0	212.0	210.0	
2020-01-13	212.0	210.0	212.0	210.0	600
					0
2020-01-15	230.0	230.0	262.0	250.0	1400
2020-01-16	230.0	210.0	242.0	242.0	400
2020-01-16	230.0	210.0	242.0	242.0	
					0
					0
2020-01-21	242.0	236.0	242.0	236.0	
2020-01-21	242.0	236.0	242.0	236.0	3000
					0
2020-01-23	238.0	180.0	238.0	190.0	130500
2020-01-24	190.0	190.0	210.0	208.0	27600
2020-01-27	206.0	206.0	206.0	206.0	100
2020-01-28	202.0	156.0	206.0	166.0	3900
2020-01-29	171.0	170.0	180.0	170.0	6400
2020-01-30	180.0	180.0	210.0	210.0	400
2020-01-31	168.0	168.0	168.0	168.0	1000
2020-02-03	170.0	168.0	170.0	168.0	600
2020-02-04	170.0	170.0	200.0	199.0	1300
2020-02-05	199.0	133.0	199.0	195.0	2300
2020-02-06	195.0	137.0	195.0	195.0	900
2020-02-07	195.0	165.0	195.0	169.0	1400
2020-02-10	179.0	169.0	179.0	169.0	9500
2020-02-11	188.0	180.0	200.0	200.0	7900
2020-02-12	208.0	177.0	208.0	177.0	2100
2020-02-13	177.0	172.0	177.0	172.0	200
2020-02-14	172.0	172.0	172.0	172.0	200
2020-02-17	172.0	122.0	172.0	154.0	3700
2020-02-18	154.0	154.0	206.0	206.0	15600
2020-02-19	206.0	156.0	206.0	156.0	1900
2020-02-20	163.0	163.0	200.0	169.0	2900
2020-02-21	169.0	151.0	208.0	151.0	5200
2020-02-24	151.0	151.0	151.0	151.0	1000
2020-02-25	200.0	131.0	200.0	143.0	2600
2020-02-26	192.0	190.0	192.0	190.0	300
2020-02-27	180.0	170.0	180.0	170.0	200
2020-02-28	170.0	170.0	220.0	220.0	5500
2020-03-02	200.0	175.0	200.0	176.0	3200
2020-03-03	176.0	166.0	200.0	200.0	700
2020-03-04	180.0	131.0	180.0	150.0	
2020-03-04	180.0	131.0	180.0	150.0	2800
					0
					0
					0
2020-03-10	143.0	143.0	143.0	143.0	100
2020-03-11	143.0	143.0	143.0	143.0	200
2020-03-12	181.0	181.0	181.0	181.0	100
2020-03-13	180.0	175.0	180.0	179.0	400
2020-03-16	188.0	188.0	220.0	220.0	1100
2020-03-17	230.0	230.0	230.0	230.0	100
2020-03-18	230.0	230.0	230.0	230.0	100
2020-03-18	230.0	230.0	230.0	230.0	
					0
2020-03-20	250.0	250.0	250.0	250.0	100
2020-03-23	234.0	234.0	234.0	234.0	100
2020-03-23	234.0	234.0	234.0	234.0	
					0
					0
2020-03-27	220.0	218.0	220.0	218.0	2700
2020-03-30	210.0	204.0	210.0	204.0	300
2020-03-30	210.0	204.0	210.0	204.0	
					0
2020-04-01	202.0	202.0	204.0	202.0	500
2020-04-01	202.0	202.0	204.0	202.0	
					0
					0
2020-04-06	188.0	188.0	202.0	202.0	3500
2020-04-06	188.0	188.0	202.0	202.0	
					0
					0
					0
2020-04-13	202.0	202.0	202.0	202.0	600
2020-04-14	188.0	188.0	194.0	188.0	4700
2020-04-15	200.0	195.0	200.0	195.0	300
2020-04-15	200.0	195.0	200.0	195.0	
					0
2020-04-17	185.0	185.0	185.0	185.0	
2020-04-17	185.0	185.0	185.0	185.0	100
					0
					0
					0
					0
					0
2020-04-27	200.0	200.0	200.0	200.0	
2020-04-27	200.0	200.0	200.0	200.0	300
					0
					0
					0
					0
					0
2020-05-06	200.0	200.0	200.0	200.0	
2020-05-06	200.0	200.0	200.0	200.0	100
					0
					0
					0
					0
2020-05-14	200.0	200.0	200.0	200.0	100
2020-05-15	199.0	186.0	200.0	186.0	2000
2020-05-18	176.0	176.0	176.0	176.0	100
2020-05-18	176.0	176.0	176.0	176.0	
					0
2020-05-20	166.0	166.0	166.0	166.0	1000
2020-05-26	166.0	166.0	166.0	166.0	
2020-05-26	166.0	166.0	166.0	166.0	100
					0
					0
2020-05-29	156.0	156.0	156.0	156.0	100
2020-06-02	147.0	147.0	147.0	147.0	100
2020-06-03	138.0	138.0	138.0	138.0	100
2020-06-04	138.0	138.0	138.0	138.0	100
2020-06-05	145.0	145.0	185.0	185.0	2100
2020-06-08	185.0	185.0	190.0	190.0	5100
2020-06-09	200.0	199.0	214.0	210.0	6500
2020-06-10	210.0	210.0	226.0	214.0	3000
2020-06-11	214.0	214.0	214.0	214.0	200
2020-06-12	200.0	200.0	200.0	200.0	600
2020-06-12	200.0	200.0	200.0	200.0	
					0
2020-06-16	200.0	200.0	222.0	220.0	22100
2020-06-16	200.0	200.0	222.0	220.0	
					0
					0
					0
					0
					0
2020-06-24	206.0	206.0	216.0	216.0	700
2020-06-25	216.0	216.0	222.0	216.0	900
2020-06-26	220.0	220.0	220.0	220.0	600
2020-06-29	220.0	220.0	220.0	220.0	
2020-06-29	220.0	220.0	220.0	220.0	900
					0
2020-07-01	220.0	220.0	220.0	220.0	3000
2020-07-02	220.0	220.0	220.0	220.0	5000
2020-07-03	220.0	220.0	220.0	220.0	5200
2020-07-06	240.0	206.0	270.0	218.0	11800
2020-07-07	216.0	204.0	216.0	204.0	1200
2020-07-08	222.0	216.0	222.0	220.0	500
2020-07-09	220.0	220.0	220.0	220.0	100
2020-07-10	220.0	220.0	220.0	220.0	100
2020-07-13	220.0	206.0	220.0	206.0	6200
2020-07-14	204.0	192.0	216.0	204.0	1600
2020-07-15	210.0	208.0	210.0	208.0	
2020-07-15	210.0	208.0	210.0	208.0	200
					0
2020-07-17	208.0	204.0	208.0	204.0	200
2020-07-20	204.0	202.0	204.0	202.0	1500
2020-07-21	210.0	210.0	238.0	212.0	18600
2020-07-22	228.0	220.0	228.0	220.0	400
2020-07-23	210.0	210.0	210.0	210.0	4100
2020-07-24	208.0	206.0	208.0	206.0	700
2020-07-27	202.0	202.0	202.0	202.0	100
2020-07-28	200.0	200.0	200.0	200.0	200
2020-07-29	218.0	200.0	218.0	200.0	300
2020-07-30	199.0	199.0	199.0	199.0	100
2020-08-03	199.0	199.0	199.0	199.0	100
2020-08-04	199.0	199.0	216.0	216.0	300
2020-08-05	216.0	216.0	216.0	216.0	200
2020-08-06	216.0	202.0	216.0	202.0	300
2020-08-06	216.0	202.0	216.0	202.0	
					0
2020-08-10	200.0	200.0	200.0	200.0	
2020-08-10	200.0	200.0	200.0	200.0	100
					0
					0
					0
2020-08-14	200.0	200.0	200.0	200.0	
2020-08-14	200.0	200.0	200.0	200.0	400
					0
					0
2020-08-24	200.0	200.0	200.0	200.0	100
2020-08-25	218.0	210.0	218.0	214.0	500
2020-08-26	214.0	210.0	214.0	210.0	300
2020-08-27	210.0	206.0	214.0	214.0	1000
2020-08-28	214.0	214.0	214.0	214.0	100
2020-08-31	212.0	212.0	212.0	212.0	100
2020-09-01	212.0	212.0	212.0	212.0	100
2020-09-02	210.0	210.0	212.0	212.0	
2020-09-02	210.0	210.0	212.0	212.0	500
					0
2020-09-04	212.0	198.0	212.0	212.0	
2020-09-04	212.0	198.0	212.0	212.0	400
					0
2020-09-08	198.0	198.0	220.0	220.0	400
2020-09-09	220.0	210.0	220.0	210.0	600
2020-09-10	220.0	220.0	220.0	220.0	100
2020-09-11	216.0	216.0	216.0	216.0	100
2020-09-14	214.0	214.0	214.0	214.0	100
2020-09-15	214.0	204.0	214.0	204.0	700
2020-09-16	204.0	204.0	208.0	208.0	9000
2020-09-16	204.0	204.0	208.0	208.0	
					0
2020-09-18	200.0	200.0	200.0	200.0	100
2020-09-21	200.0	200.0	200.0	200.0	500
2020-09-22	200.0	200.0	200.0	200.0	1000
2020-09-22	200.0	200.0	200.0	200.0	
					0
					0
2020-09-25	200.0	200.0	200.0	200.0	600
2020-09-25	200.0	200.0	200.0	200.0	
					0
2020-09-29	200.0	200.0	200.0	200.0	100
2020-09-30	218.0	218.0	218.0	218.0	100
2020-10-01	218.0	218.0	218.0	218.0	100
2020-10-02	218.0	218.0	218.0	218.0	100
2020-10-05	218.0	218.0	218.0	218.0	100
2020-10-06	214.0	214.0	214.0	214.0	200
2020-10-07	214.0	208.0	214.0	208.0	1400
2020-10-08	208.0	208.0	208.0	208.0	10200
2020-10-08	208.0	208.0	208.0	208.0	
					0
2020-10-12	222.0	218.0	222.0	218.0	
2020-10-12	222.0	218.0	222.0	218.0	200
					0
					0
2020-10-15	218.0	218.0	218.0	218.0	100
2020-10-16	218.0	218.0	218.0	218.0	100
2020-10-19	218.0	218.0	218.0	218.0	100
2020-10-20	218.0	216.0	218.0	216.0	600
2020-10-21	216.0	216.0	216.0	216.0	200
2020-10-22	216.0	216.0	216.0	216.0	2400
2020-10-22	216.0	216.0	216.0	216.0	
					0
					0
					0
					0
					0
					0
2020-11-05	216.0	216.0	216.0	216.0	500
2020-11-05	216.0	216.0	216.0	216.0	
					0
					0
					0
					0
					0
2020-11-13	210.0	210.0	210.0	210.0	200
2020-11-16	197.0	197.0	197.0	197.0	100
2020-11-17	197.0	184.0	197.0	184.0	
2020-11-17	197.0	184.0	197.0	184.0	200
					0
					0
					0
2020-11-23	184.0	172.0	246.0	226.0	79300
2020-11-24	226.0	212.0	226.0	212.0	3300
2020-11-25	198.0	198.0	212.0	212.0	1300
2020-11-26	198.0	198.0	212.0	212.0	500
2020-11-27	198.0	198.0	200.0	198.0	2600
2020-11-30	188.0	187.0	198.0	198.0	1500
2020-12-01	197.0	190.0	197.0	197.0	1000
2020-12-02	187.0	187.0	197.0	197.0	300
2020-12-03	196.0	196.0	197.0	197.0	300
2020-12-04	198.0	197.0	198.0	197.0	1700
2020-12-07	202.0	188.0	202.0	200.0	600
2020-12-08	200.0	186.0	200.0	186.0	400
2020-12-10	195.0	186.0	195.0	186.0	3000
2020-12-11	190.0	190.0	208.0	208.0	1500
2020-12-14	208.0	200.0	220.0	218.0	4200
2020-12-15	210.0	210.0	210.0	210.0	1000
2020-12-16	196.0	196.0	196.0	196.0	200
2020-12-17	218.0	202.0	218.0	202.0	
2020-12-17	218.0	202.0	218.0	202.0	600
					0
2020-12-21	202.0	202.0	218.0	218.0	20000
2020-12-22	218.0	218.0	218.0	218.0	4500
2020-12-23	216.0	216.0	218.0	218.0	400
2020-12-28	218.0	218.0	218.0	218.0	24800
2020-12-29	218.0	218.0	218.0	218.0	100
2020-12-30	218.0	218.0	218.0	218.0	100
2021-01-04	218.0	218.0	232.0	220.0	82300
2021-01-05	222.0	220.0	222.0	220.0	200
2021-01-06	220.0	206.0	220.0	206.0	300
2021-01-07	192.0	192.0	220.0	206.0	89600
2021-01-08	220.0	214.0	220.0	214.0	2600
2021-01-11	214.0	200.0	214.0	200.0	300
2021-01-11	214.0	200.0	214.0	200.0	
					0
					0
2021-01-14	186.0	186.0	186.0	186.0	27900
2021-01-15	186.0	186.0	186.0	186.0	22800
2021-01-18	186.0	176.0	186.0	186.0	400
2021-01-19	186.0	180.0	186.0	180.0	600
2021-01-20	180.0	179.0	180.0	179.0	6100
2021-01-21	170.0	169.0	170.0	170.0	24700
2021-01-22	169.0	169.0	169.0	169.0	6500
2021-01-25	169.0	169.0	169.0	169.0	200
2021-01-26	159.0	159.0	170.0	169.0	6200
2021-01-27	159.0	159.0	168.0	168.0	5900
2021-01-28	159.0	159.0	159.0	159.0	2000
2021-01-29	157.0	157.0	158.0	158.0	6700
2021-02-01	157.0	157.0	157.0	157.0	100
2021-02-02	148.0	147.0	190.0	173.0	19600
2021-02-03	173.0	166.0	173.0	166.0	2000
2021-02-04	166.0	166.0	173.0	173.0	7100
2021-02-05	173.0	166.0	173.0	166.0	200
2021-02-08	166.0	156.0	166.0	157.0	7200
2021-02-09	208.0	147.0	208.0	148.0	44000
2021-02-10	147.0	147.0	199.0	193.0	441200
2021-02-11	196.0	180.0	197.0	180.0	100800
2021-02-15	175.0	168.0	188.0	181.0	18600
2021-02-16	189.0	169.0	189.0	169.0	12500
2021-02-17	179.0	158.0	179.0	158.0	17700
2021-02-18	168.0	150.0	188.0	183.0	67800
2021-02-19	185.0	171.0	185.0	171.0	14500
2021-02-22	171.0	160.0	171.0	169.0	13000
2021-02-23	159.0	159.0	169.0	159.0	220500
2021-02-24	159.0	151.0	173.0	161.0	5200
2021-02-25	161.0	151.0	170.0	166.0	30500
2021-02-26	166.0	162.0	166.0	166.0	15100
2021-03-01	166.0	155.0	166.0	155.0	4900
2021-03-02	155.0	155.0	181.0	179.0	36000
2021-03-03	179.0	170.0	182.0	170.0	80200
2021-03-04	175.0	170.0	175.0	172.0	9100
2021-03-05	172.0	170.0	172.0	170.0	900
2021-03-08	170.0	159.0	170.0	169.0	19900
2021-03-09	169.0	160.0	169.0	169.0	4000
2021-03-10	169.0	169.0	169.0	169.0	700
2021-03-12	169.0	158.0	169.0	168.0	500
2021-03-15	168.0	167.0	168.0	167.0	3600
2021-03-16	167.0	156.0	208.0	186.0	48100
2021-03-17	186.0	184.0	193.0	184.0	6500
2021-03-18	188.0	184.0	190.0	184.0	5500
2021-03-19	191.0	191.0	191.0	191.0	100
2021-03-22	190.0	186.0	190.0	186.0	1600
2021-03-23	190.0	185.0	190.0	189.0	17400
2021-03-24	190.0	190.0	190.0	190.0	100
2021-03-24	190.0	190.0	190.0	190.0	
					0
2021-03-26	189.0	189.0	189.0	189.0	200
2021-03-29	189.0	189.0	200.0	193.0	14800
2021-03-30	193.0	180.0	260.0	187.0	178200
2021-03-31	197.0	180.0	200.0	187.0	46900
2021-04-01	193.0	181.0	193.0	189.0	32600
2021-04-05	189.0	187.0	193.0	192.0	15900
2021-04-06	202.0	192.0	202.0	192.0	137100
2021-04-07	188.0	188.0	192.0	192.0	200
2021-04-08	189.0	189.0	195.0	192.0	23300
2021-04-09	194.0	193.0	194.0	194.0	46700
2021-04-12	194.0	190.0	194.0	190.0	800
2021-04-13	194.0	190.0	194.0	193.0	3600
2021-04-14	193.0	180.0	210.0	180.0	1529800
2021-04-15	189.0	168.0	189.0	168.0	280800
2021-04-16	168.0	157.0	175.0	164.0	102800
2021-04-19	160.0	153.0	168.0	163.0	31400
2021-04-20	163.0	161.0	165.0	163.0	13500
2021-04-21	163.0	154.0	163.0	162.0	24900
2021-04-22	160.0	160.0	170.0	165.0	71600
2021-04-23	167.0	165.0	167.0	166.0	91200
2021-04-26	170.0	166.0	180.0	169.0	24000
2021-04-27	169.0	166.0	169.0	169.0	69500
2021-04-28	170.0	168.0	171.0	168.0	24100
2021-04-29	171.0	163.0	175.0	165.0	14700
2021-04-30	175.0	175.0	175.0	175.0	2800
2021-05-03	170.0	163.0	173.0	173.0	35100
2021-05-04	168.0	168.0	180.0	174.0	63900
2021-05-05	174.0	167.0	174.0	174.0	13700
2021-05-06	180.0	174.0	185.0	178.0	81500
2021-05-07	178.0	178.0	178.0	178.0	5500
2021-05-10	178.0	174.0	182.0	180.0	37800
2021-05-11	181.0	181.0	199.0	199.0	85600
2021-05-17	199.0	191.0	199.0	191.0	5600
2021-05-18	185.0	179.0	185.0	179.0	4100
2021-05-19	173.0	173.0	173.0	173.0	300
2021-05-20	167.0	167.0	188.0	188.0	2800
2021-05-21	181.0	175.0	181.0	180.0	39900
2021-05-24	180.0	180.0	180.0	180.0	200
2021-05-25	174.0	174.0	174.0	174.0	100
2021-05-27	174.0	168.0	174.0	168.0	600
2021-05-28	183.0	162.0	198.0	190.0	36900
2021-05-31	190.0	182.0	190.0	182.0	13100
2021-06-02	181.0	178.0	181.0	178.0	500
2021-06-02	181.0	178.0	181.0	178.0	
					0
2021-06-04	176.0	176.0	176.0	176.0	5200
2021-06-07	176.0	176.0	176.0	176.0	16400
2021-06-08	166.0	166.0	172.0	168.0	10400
2021-06-09	158.0	158.0	169.0	169.0	200
2021-06-10	169.0	169.0	169.0	169.0	100
2021-06-11	169.0	169.0	169.0	169.0	100
2021-06-14	179.0	179.0	182.0	182.0	6300
2021-06-15	182.0	176.0	182.0	176.0	5300
2021-06-16	190.0	170.0	190.0	170.0	21600
2021-06-17	164.0	164.0	194.0	172.0	26200
2021-06-18	173.0	173.0	173.0	173.0	200
2021-06-21	180.0	173.0	180.0	173.0	5900
2021-06-22	176.0	176.0	180.0	180.0	600
2021-06-23	180.0	180.0	180.0	180.0	200
2021-06-24	170.0	170.0	194.0	194.0	6400
2021-06-25	197.0	182.0	197.0	182.0	13800
2021-06-28	182.0	170.0	194.0	170.0	17500
2021-06-29	170.0	160.0	170.0	165.0	900
2021-06-30	173.0	157.0	175.0	157.0	400
2021-07-01	158.0	158.0	175.0	175.0	1300
2021-07-02	175.0	175.0	193.0	192.0	300
2021-07-05	195.0	194.0	195.0	194.0	2300
2021-07-05	195.0	194.0	195.0	194.0	
					0
					0
					0
2021-07-09	194.0	183.0	194.0	183.0	400
2021-07-12	192.0	181.0	192.0	181.0	400
2021-07-13	171.0	170.0	191.0	185.0	12700
2021-07-14	195.0	188.0	195.0	188.0	2000
2021-07-15	195.0	177.0	195.0	188.0	2100
2021-07-16	193.0	187.0	193.0	193.0	300
2021-07-19	180.0	180.0	182.0	180.0	2000
2021-07-21	197.0	189.0	197.0	189.0	8000
2021-07-22	199.0	176.0	199.0	176.0	22400
2021-07-23	177.0	165.0	188.0	165.0	12000
2021-07-26	176.0	167.0	199.0	168.0	6000
2021-07-27	159.0	159.0	192.0	178.0	15100
2021-07-28	177.0	171.0	177.0	171.0	11800
2021-07-29	180.0	165.0	180.0	175.0	31200
2021-07-30	165.0	165.0	198.0	174.0	11600
2021-08-02	174.0	174.0	187.0	187.0	50200
2021-08-03	189.0	180.0	189.0	186.0	47800
2021-08-04	189.0	189.0	189.0	189.0	100
2021-08-05	199.0	188.0	199.0	188.0	
2021-08-05	199.0	188.0	199.0	188.0	1100
					0
2021-08-09	187.0	175.0	187.0	175.0	3300
2021-08-10	175.0	175.0	175.0	175.0	100
2021-08-12	165.0	163.0	174.0	173.0	6100
2021-08-13	164.0	161.0	200.0	192.0	50600
2021-08-16	192.0	179.0	192.0	179.0	13200
2021-08-18	169.0	167.0	177.0	177.0	38500
2021-08-19	177.0	165.0	193.0	179.0	14700
2021-08-20	179.0	179.0	187.0	180.0	800
2021-08-23	170.0	170.0	180.0	180.0	6400
2021-08-24	168.0	168.0	178.0	168.0	416800
2021-08-25	168.0	168.0	202.0	168.0	414100
2021-08-26	168.0	158.0	178.0	165.0	165900
2021-08-27	157.0	157.0	168.0	160.0	6800
2021-08-30	160.0	149.0	190.0	183.0	170100
2021-08-31	183.0	171.0	183.0	171.0	84000
2021-09-01	161.0	160.0	170.0	160.0	121100
2021-09-02	160.0	151.0	166.0	165.0	32300
2021-09-03	175.0	157.0	175.0	157.0	17700
2021-09-06	157.0	148.0	157.0	155.0	10500
2021-09-07	155.0	155.0	155.0	155.0	500
2021-09-08	155.0	148.0	175.0	155.0	25200
2021-09-09	170.0	155.0	180.0	155.0	252600
2021-09-10	156.0	155.0	156.0	155.0	26600
2021-09-13	148.0	148.0	163.0	155.0	8900
2021-09-14	151.0	151.0	167.0	159.0	330200
2021-09-15	160.0	148.0	165.0	165.0	32800
2021-09-16	166.0	155.0	166.0	159.0	8400
2021-09-17	159.0	150.0	164.0	161.0	28600
2021-09-20	161.0	153.0	161.0	155.0	15100
2021-09-21	147.0	147.0	155.0	155.0	4000
2021-09-22	155.0	147.0	155.0	147.0	28400
2021-09-23	147.0	147.0	166.0	159.0	40300
2021-09-24	159.0	149.0	160.0	156.0	22100
2021-09-27	146.0	146.0	156.0	156.0	23300
2021-09-28	148.0	146.0	148.0	146.0	23700
2021-09-29	146.0	146.0	180.0	178.0	45700
2021-09-30	178.0	166.0	179.0	166.0	62700
2021-10-01	160.0	155.0	160.0	156.0	32100
2021-10-04	156.0	155.0	160.0	160.0	6300
2021-10-05	160.0	150.0	165.0	150.0	40400
2021-10-06	150.0	142.0	155.0	153.0	308100
2021-10-07	153.0	143.0	184.0	148.0	199500
2021-10-08	148.0	143.0	153.0	147.0	350900
2021-10-11	150.0	143.0	150.0	150.0	77100
2021-10-12	146.0	146.0	150.0	150.0	500
2021-10-13	150.0	144.0	160.0	151.0	26200
2021-10-14	150.0	150.0	160.0	151.0	215200
2021-10-15	151.0	141.0	151.0	141.0	1517300
2021-10-18	141.0	140.0	151.0	141.0	105500
2021-10-19	142.0	142.0	150.0	147.0	120100
2021-10-21	149.0	144.0	149.0	148.0	20300
2021-10-22	148.0	147.0	148.0	147.0	9200
2021-10-25	148.0	145.0	148.0	148.0	314100
2021-10-26	140.0	140.0	147.0	140.0	101900
2021-10-27	133.0	131.0	139.0	131.0	952500
2021-10-28	135.0	122.0	135.0	122.0	596700
2021-10-29	135.0	128.0	164.0	164.0	10191400
2021-11-01	170.0	153.0	208.0	153.0	10382200
2021-11-02	156.0	143.0	159.0	143.0	1038400
2021-11-03	143.0	139.0	150.0	140.0	658300
2021-11-04	149.0	144.0	152.0	150.0	765300
2021-11-05	152.0	150.0	202.0	202.0	15142000
2021-11-08	220.0	188.0	222.0	189.0	5891600
2021-11-09	191.0	179.0	244.0	218.0	10201900
2021-11-10	222.0	204.0	234.0	218.0	3377000
2021-11-11	218.0	206.0	220.0	206.0	782500
2021-11-12	206.0	206.0	244.0	208.0	12579100
2021-11-15	210.0	199.0	240.0	210.0	7396700
2021-11-16	214.0	200.0	228.0	210.0	815900
2021-11-17	210.0	204.0	254.0	254.0	6152700
2021-11-18	268.0	258.0	310.0	260.0	8126600
2021-11-19	260.0	260.0	324.0	310.0	6493300
2021-11-22	324.0	290.0	324.0	300.0	1778100
2021-11-23	298.0	298.0	318.0	306.0	1293800
2021-11-24	306.0	302.0	340.0	326.0	4909000
2021-11-25	338.0	318.0	338.0	318.0	1377500
2021-11-26	320.0	314.0	350.0	326.0	1955400
2021-11-29	326.0	304.0	346.0	328.0	1753900
2021-11-30	328.0	324.0	360.0	360.0	3545600
2021-12-01	364.0	354.0	444.0	438.0	
2021-12-01	364.0	354.0	444.0	438.0	5600300
					0
2021-12-03	446.0	408.0	446.0	428.0	1893500
2021-12-06	414.0	400.0	424.0	400.0	789800
2021-12-07	402.0	384.0	416.0	388.0	598000
2021-12-08	388.0	370.0	402.0	378.0	465400
2021-12-09	384.0	380.0	412.0	408.0	558900
2021-12-10	410.0	404.0	420.0	414.0	912200
2021-12-13	414.0	408.0	424.0	422.0	159700
2021-12-14	422.0	400.0	428.0	420.0	767000
2021-12-15	420.0	402.0	430.0	410.0	1064700
2021-12-16	410.0	398.0	410.0	410.0	444900
2021-12-17	400.0	396.0	414.0	414.0	222300
2021-12-20	412.0	402.0	414.0	414.0	241600
2021-12-21	412.0	398.0	412.0	408.0	185400
2021-12-22	408.0	390.0	410.0	410.0	440900
2021-12-23	410.0	388.0	410.0	388.0	198900
2021-12-24	370.0	362.0	388.0	362.0	375200
2021-12-27	340.0	338.0	354.0	338.0	319200
2021-12-28	338.0	316.0	338.0	316.0	138500
2021-12-29	316.0	300.0	350.0	332.0	304200
2021-12-30	334.0	310.0	334.0	310.0	76100
2022-01-03	306.0	290.0	306.0	300.0	211700
2022-01-04	292.0	280.0	292.0	280.0	173600
2022-01-05	290.0	270.0	300.0	270.0	141600
2022-01-06	270.0	252.0	290.0	286.0	204800
2022-01-07	286.0	266.0	286.0	266.0	48700
2022-01-10	280.0	260.0	280.0	274.0	3700
2022-01-11	294.0	260.0	294.0	260.0	123100
2022-01-12	260.0	242.0	264.0	248.0	74600
2022-01-13	246.0	232.0	248.0	232.0	90600
2022-01-14	232.0	216.0	232.0	216.0	223700
2022-01-17	216.0	202.0	270.0	258.0	684400
2022-01-18	264.0	240.0	264.0	242.0	293200
2022-01-19	262.0	230.0	290.0	288.0	347900
2022-01-20	290.0	268.0	292.0	268.0	170700
2022-01-21	256.0	250.0	256.0	250.0	185900
2022-01-24	250.0	234.0	292.0	286.0	297500
2022-01-25	306.0	266.0	306.0	266.0	170100
2022-01-26	266.0	248.0	270.0	248.0	178800
2022-01-27	248.0	232.0	256.0	232.0	128200
2022-01-28	232.0	224.0	250.0	236.0	27600
2022-01-31	250.0	228.0	250.0	242.0	23800
2022-02-02	242.0	228.0	276.0	264.0	829300
2022-02-03	268.0	252.0	274.0	268.0	108900
2022-02-04	266.0	260.0	276.0	270.0	670600
2022-02-07	270.0	270.0	336.0	336.0	1286100
2022-02-08	372.0	330.0	400.0	334.0	2594600
2022-02-09	334.0	312.0	372.0	372.0	1661700
2022-02-10	376.0	358.0	390.0	372.0	2092900
2022-02-11	372.0	350.0	372.0	364.0	263900
2022-02-14	362.0	340.0	362.0	350.0	255800
2022-02-15	352.0	350.0	364.0	350.0	254200
2022-02-16	350.0	346.0	364.0	358.0	46100
2022-02-17	356.0	348.0	364.0	358.0	88400
2022-02-18	358.0	334.0	358.0	352.0	20800
2022-02-21	352.0	330.0	352.0	352.0	4600
2022-02-22	352.0	330.0	352.0	348.0	41800
2022-02-23	340.0	332.0	344.0	342.0	43000
2022-02-24	332.0	320.0	342.0	330.0	31900
2022-02-25	310.0	308.0	322.0	318.0	77600
2022-03-01	300.0	296.0	306.0	306.0	83700
2022-03-02	290.0	286.0	302.0	300.0	21700
2022-03-04	300.0	284.0	360.0	342.0	215900
2022-03-07	344.0	326.0	352.0	344.0	63000
2022-03-08	340.0	320.0	340.0	330.0	18800
2022-03-09	310.0	308.0	330.0	308.0	20800
2022-03-10	342.0	318.0	342.0	322.0	9400
2022-03-11	322.0	322.0	338.0	336.0	1300
2022-03-14	336.0	316.0	336.0	316.0	80500
2022-03-15	332.0	324.0	332.0	324.0	2000
2022-03-16	324.0	302.0	324.0	302.0	68100
2022-03-17	312.0	302.0	332.0	314.0	18900
2022-03-18	314.0	294.0	320.0	320.0	90200
2022-03-21	320.0	298.0	320.0	306.0	11600
2022-03-22	320.0	286.0	320.0	286.0	150000
2022-03-23	288.0	266.0	294.0	288.0	139700
2022-03-24	288.0	268.0	288.0	272.0	79000
2022-03-25	272.0	256.0	280.0	270.0	66800
2022-03-28	270.0	256.0	286.0	286.0	17700
2022-03-29	286.0	268.0	290.0	288.0	6900
2022-03-30	270.0	268.0	280.0	280.0	9000
2022-03-30	270.0	268.0	280.0	280.0	
					0
2022-04-01	280.0	266.0	280.0	272.0	11600
2022-04-04	272.0	260.0	272.0	270.0	5700
2022-04-05	264.0	252.0	268.0	254.0	88100
2022-04-06	268.0	252.0	268.0	252.0	33900
2022-04-07	252.0	250.0	262.0	252.0	6300
2022-04-08	252.0	236.0	252.0	250.0	64000
2022-04-11	250.0	240.0	250.0	244.0	8500
2022-04-12	244.0	240.0	244.0	240.0	17600
2022-04-13	226.0	226.0	238.0	238.0	11000
2022-04-14	248.0	222.0	248.0	226.0	64700
2022-04-18	214.0	214.0	238.0	226.0	14900
2022-04-19	216.0	214.0	226.0	222.0	28800
2022-04-20	222.0	222.0	222.0	222.0	400
2022-04-21	222.0	218.0	222.0	218.0	7600
2022-04-22	236.0	206.0	272.0	212.0	848200
2022-04-25	222.0	198.0	222.0	210.0	76300
2022-04-26	198.0	197.0	230.0	228.0	89800
2022-04-27	248.0	214.0	248.0	214.0	113400
2022-04-28	214.0	202.0	220.0	218.0	1200
2022-05-09	218.0	206.0	228.0	228.0	11500
2022-05-10	226.0	214.0	226.0	224.0	4800
2022-05-11	224.0	216.0	272.0	264.0	284700
2022-05-12	268.0	246.0	268.0	246.0	246300
2022-05-13	244.0	230.0	244.0	230.0	4300
2022-05-17	214.0	214.0	240.0	238.0	128900
2022-05-18	258.0	222.0	278.0	222.0	130300
2022-05-19	224.0	210.0	238.0	210.0	54700
2022-05-20	210.0	200.0	222.0	210.0	17600
2022-05-23	204.0	196.0	210.0	197.0	31800
2022-05-24	196.0	195.0	202.0	202.0	9400
2022-05-25	198.0	192.0	202.0	200.0	3400
2022-05-27	192.0	192.0	202.0	202.0	104500
2022-05-30	202.0	199.0	220.0	218.0	36700
2022-05-31	218.0	204.0	244.0	244.0	134700
2022-06-02	244.0	228.0	244.0	228.0	134900
2022-06-03	226.0	214.0	226.0	222.0	59800
2022-06-06	214.0	214.0	220.0	220.0	3700
2022-06-07	210.0	206.0	220.0	220.0	38700
2022-06-08	210.0	210.0	218.0	218.0	7700
2022-06-09	220.0	208.0	220.0	218.0	3100
2022-06-10	220.0	204.0	220.0	218.0	19500
2022-06-13	216.0	206.0	230.0	230.0	103500
2022-06-14	230.0	216.0	268.0	266.0	167200
2022-06-15	264.0	248.0	266.0	248.0	100000
2022-06-16	232.0	232.0	232.0	232.0	17800
2022-06-17	216.0	216.0	250.0	222.0	48800
2022-06-20	222.0	208.0	222.0	214.0	7900
2022-06-21	230.0	200.0	230.0	210.0	63800
2022-06-22	196.0	196.0	210.0	206.0	28500
2022-06-23	206.0	202.0	210.0	208.0	23200
2022-06-24	218.0	218.0	218.0	218.0	2500
2022-06-27	218.0	204.0	218.0	212.0	7100
2022-06-28	198.0	198.0	208.0	204.0	26600
2022-06-29	206.0	191.0	210.0	204.0	40100
2022-06-30	192.0	191.0	200.0	194.0	6500
2022-07-01	194.0	181.0	234.0	212.0	785300
2022-07-04	198.0	198.0	254.0	210.0	5492500
2022-07-05	216.0	196.0	218.0	196.0	1314200
2022-07-06	196.0	183.0	200.0	195.0	328900
2022-07-07	195.0	184.0	195.0	185.0	122300
2022-07-08	184.0	175.0	191.0	185.0	78200
2022-07-11	185.0	174.0	185.0	183.0	42800
2022-07-12	183.0	171.0	196.0	194.0	164200
2022-07-13	194.0	182.0	198.0	197.0	67700
2022-07-14	197.0	187.0	199.0	198.0	12000
2022-07-15	189.0	185.0	199.0	199.0	55200
2022-07-18	198.0	191.0	198.0	194.0	4400
2022-07-19	194.0	184.0	194.0	189.0	5000
2022-07-20	187.0	183.0	190.0	189.0	8200
2022-07-21	189.0	182.0	189.0	187.0	4900
2022-07-22	187.0	184.0	200.0	198.0	60300
2022-07-25	196.0	185.0	196.0	187.0	60900
2022-07-26	181.0	176.0	186.0	180.0	44400
2022-07-27	180.0	176.0	187.0	186.0	51900
2022-07-28	187.0	179.0	188.0	185.0	59400
2022-07-29	185.0	177.0	187.0	177.0	30000
2022-08-01	186.0	175.0	186.0	177.0	66300
2022-08-02	183.0	177.0	183.0	177.0	14900
2022-08-03	180.0	173.0	184.0	179.0	5700
2022-08-04	177.0	177.0	178.0	177.0	1100
2022-08-05	173.0	165.0	173.0	165.0	165900
2022-08-08	165.0	160.0	173.0	160.0	32700
2022-08-09	166.0	158.0	174.0	165.0	64000
2022-08-10	165.0	155.0	165.0	156.0	62000
2022-08-11	157.0	157.0	158.0	158.0	5600
2022-08-12	164.0	159.0	164.0	161.0	1000
2022-08-15	158.0	151.0	164.0	164.0	12700
2022-08-16	163.0	163.0	164.0	164.0	7100
2022-08-18	156.0	154.0	164.0	164.0	33500
2022-08-19	154.0	154.0	166.0	166.0	3300
2022-08-22	166.0	165.0	166.0	165.0	6400
2022-08-23	161.0	156.0	166.0	166.0	12200
2022-08-24	165.0	156.0	166.0	165.0	18100
2022-08-25	160.0	154.0	160.0	160.0	33100
2022-08-26	160.0	152.0	160.0	153.0	24800
2022-08-29	158.0	149.0	161.0	161.0	12300
2022-08-30	153.0	151.0	163.0	162.0	24100
2022-08-31	158.0	158.0	165.0	165.0	19600
2022-09-01	164.0	158.0	166.0	165.0	14400
2022-09-02	164.0	156.0	184.0	165.0	51000
2022-09-05	180.0	155.0	180.0	164.0	131900
2022-09-06	165.0	160.0	165.0	160.0	8200
2022-09-07	160.0	155.0	165.0	155.0	18200
2022-09-08	155.0	155.0	161.0	161.0	5500
2022-09-09	160.0	160.0	187.0	174.0	334000
2022-09-12	172.0	169.0	178.0	169.0	45600
2022-09-13	169.0	166.0	177.0	175.0	73900
2022-09-14	174.0	169.0	174.0	174.0	50900
2022-09-15	175.0	175.0	178.0	176.0	41400
2022-09-16	177.0	174.0	178.0	175.0	11400
2022-09-19	179.0	175.0	179.0	175.0	
2022-09-19	179.0	175.0	179.0	175.0	2200
					0
2022-09-21	174.0	174.0	175.0	175.0	20600
2022-09-22	175.0	175.0	187.0	185.0	81700
2022-09-23	189.0	175.0	189.0	184.0	28500
2022-09-26	180.0	180.0	180.0	180.0	300
2022-09-27	191.0	168.0	191.0	168.0	120600
2022-09-28	168.0	160.0	172.0	161.0	71500
2022-09-29	161.0	161.0	188.0	178.0	111000
2022-09-30	176.0	166.0	188.0	179.0	47800
2022-10-03	182.0	171.0	182.0	176.0	6500
2022-10-04	179.0	168.0	179.0	174.0	5700
2022-10-05	180.0	162.0	180.0	173.0	32600
2022-10-06	173.0	165.0	173.0	172.0	15100
2022-10-07	162.0	162.0	202.0	202.0	76100
2022-10-10	202.0	188.0	252.0	188.0	206400
2022-10-11	188.0	176.0	188.0	186.0	47800
2022-10-12	180.0	173.0	185.0	184.0	41400
2022-10-13	175.0	172.0	178.0	175.0	36100
2022-10-14	182.0	164.0	182.0	164.0	5900
2022-10-17	164.0	164.0	169.0	169.0	30100
2022-10-18	160.0	160.0	168.0	168.0	6000
2022-10-19	168.0	168.0	180.0	179.0	500
2022-10-20	182.0	168.0	182.0	176.0	4700
2022-10-21	175.0	165.0	175.0	173.0	6900
2022-10-24	164.0	164.0	175.0	167.0	2900
2022-10-25	159.0	159.0	178.0	172.0	12300
2022-10-26	172.0	160.0	172.0	167.0	24500
2022-10-27	173.0	156.0	173.0	159.0	39500
2022-10-28	156.0	152.0	158.0	158.0	127900
2022-10-31	153.0	149.0	160.0	154.0	115200
2022-11-01	154.0	150.0	154.0	153.0	10600
2022-11-02	151.0	148.0	172.0	172.0	96500
2022-11-03	172.0	160.0	172.0	168.0	
2022-11-03	172.0	160.0	172.0	168.0	203400
					0
2022-11-07	163.0	161.0	163.0	161.0	3100
2022-11-07	163.0	161.0	163.0	161.0	
					0
2022-11-09	151.0	151.0	160.0	160.0	700
2022-11-10	160.0	159.0	160.0	160.0	1200
2022-11-11	159.0	150.0	159.0	159.0	5200
2022-11-14	159.0	155.0	169.0	155.0	10600
2022-11-15	163.0	155.0	171.0	169.0	188200
2022-11-16	169.0	158.0	179.0	163.0	39800
2022-11-17	155.0	155.0	158.0	158.0	14800
2022-11-18	160.0	158.0	169.0	158.0	10500
2022-11-21	150.0	149.0	175.0	159.0	39700
2022-11-22	159.0	158.0	168.0	165.0	1800
2022-11-23	165.0	154.0	165.0	155.0	222400
2022-11-24	155.0	153.0	161.0	157.0	91100
2022-11-25	162.0	151.0	162.0	158.0	12800
2022-11-28	164.0	147.0	170.0	161.0	110800
2022-11-29	160.0	152.0	160.0	160.0	51800
2022-11-30	159.0	152.0	159.0	158.0	1400
2022-12-01	157.0	152.0	164.0	153.0	4500
2022-12-02	153.0	152.0	165.0	158.0	219300
2022-12-05	158.0	152.0	164.0	154.0	2700
2022-12-06	153.0	145.0	163.0	159.0	110800
2022-12-07	159.0	156.0	165.0	162.0	31800
2022-12-08	161.0	153.0	161.0	160.0	12500
2022-12-09	151.0	151.0	169.0	160.0	35800
2022-12-12	155.0	154.0	167.0	167.0	2900
2022-12-13	167.0	156.0	167.0	166.0	20200
2022-12-14	165.0	159.0	166.0	166.0	2100
2022-12-15	166.0	162.0	179.0	169.0	25300
2022-12-16	170.0	160.0	185.0	172.0	38200
2022-12-16	170.0	160.0	185.0	172.0	
					0
2022-12-20	180.0	171.0	180.0	172.0	3200
2022-12-20	180.0	171.0	180.0	172.0	
					0
2022-12-22	161.0	161.0	161.0	161.0	2700
2022-12-23	161.0	152.0	166.0	166.0	12000
2022-12-23	161.0	152.0	166.0	166.0	
					0
2022-12-27	158.0	158.0	165.0	158.0	21300
2022-12-28	158.0	152.0	167.0	167.0	2200
2022-12-28	158.0	152.0	167.0	167.0	
					0
2022-12-30	157.0	157.0	164.0	157.0	3900
