Date	Price Open	Price Low	Price High	Price Close	Volume
1999-12-17	1306.984	1306.984	1306.984	1306.984	
					0
					0
					0
					0
					0
					0
					0
					0
2000-01-18	1306.984	1306.984	1306.984	1306.984	
2000-01-18	1306.984	1306.984	1306.984	1306.984	669
					0
					0
					0
					0
					0
					0
					0
					0
					0
					0
					0
					0
					0
					0
					0
					0
					0
					0
					0
					0
					0
					0
					0
					0
					0
					0
					0
					0
					0
					0
					0
					0
					0
					0
2000-03-08	1306.984	1306.984	1306.984	1306.984	
2000-03-08	1306.984	1306.984	1306.984	1306.984	1338
					0
					0
					0
					0
					0
					0
					0
					0
					0
					0
					0
					0
					0
					0
					0
					0
2000-04-05	1306.984	1306.984	1306.984	1306.984	6694
2000-04-05	1306.984	1306.984	1306.984	1306.984	
					0
					0
					0
					0
					0
					0
					0
					0
					0
					0
					0
					0
					0
					0
					0
					0
					0
					0
					0
					0
					0
					0
					0
					0
					0
					0
					0
2000-05-17	1306.984	1306.984	1306.984	1306.984	1338
2000-05-17	1306.984	1306.984	1306.984	1306.984	
					0
					0
2000-05-23	1157.6144	1157.6144	1157.6144	1157.6144	
2000-05-23	1157.6144	1157.6144	1157.6144	1157.6144	1338
					0
					0
					0
					0
					0
2000-05-31	1045.5872	1045.5872	1045.5872	1045.5872	
2000-05-31	1045.5872	1045.5872	1045.5872	1045.5872	2008
					0
					0
					0
					0
					0
					0
					0
					0
2000-06-14	970.9024	970.9024	970.9024	970.9024	
2000-06-14	970.9024	970.9024	970.9024	970.9024	1338
					0
					0
2000-06-20	896.2176	896.2176	896.2176	896.2176	1338
2000-06-20	896.2176	896.2176	896.2176	896.2176	
					0
					0
					0
					0
					0
					0
					0
					0
					0
					0
					0
					0
					0
					0
					0
					0
					0
					0
					0
					0
					0
					0
					0
					0
					0
					0
					0
					0
					0
					0
					0
					0
					0
					0
					0
					0
					0
					0
					0
					0
					0
					0
					0
					0
					0
					0
					0
					0
					0
					0
					0
					0
					0
					0
					0
					0
					0
					0
					0
					0
					0
					0
					0
					0
					0
					0
					0
					0
					0
					0
					0
					0
					0
					0
					0
					0
					0
					0
					0
					0
					0
					0
					0
					0
					0
					0
					0
					0
					0
					0
					0
					0
					0
					0
					0
					0
					0
					0
					0
					0
					0
					0
					0
					0
					0
					0
					0
					0
					0
					0
					0
					0
					0
					0
					0
					0
					0
					0
					0
2000-12-07	896.2176	896.2176	896.2176	896.2176	
2000-12-07	896.2176	896.2176	896.2176	896.2176	1338
					0
					0
					0
					0
					0
					0
					0
					0
					0
					0
					0
					0
					0
					0
					0
					0
					0
					0
					0
					0
					0
					0
					0
					0
					0
					0
					0
					0
					0
					0
					0
					0
					0
					0
					0
					0
					0
					0
					0
					0
					0
					0
					0
					0
					0
					0
					0
					0
					0
					0
					0
					0
					0
					0
					0
					0
					0
					0
					0
					0
					0
					0
					0
					0
					0
					0
					0
					0
					0
					0
					0
					0
					0
					0
					0
					0
					0
					0
					0
					0
					0
					0
					0
					0
					0
					0
					0
					0
					0
					0
					0
					0
					0
					0
					0
					0
					0
					0
					0
					0
					0
					0
					0
					0
					0
					0
					0
					0
					0
					0
					0
					0
					0
					0
					0
					0
					0
					0
					0
					0
					0
					0
					0
					0
					0
					0
					0
					0
					0
					0
					0
					0
					0
					0
					0
					0
					0
					0
					0
					0
					0
					0
					0
					0
					0
					0
					0
					0
					0
					0
					0
					0
					0
					0
					0
					0
					0
					0
					0
					0
					0
					0
					0
					0
					0
					0
					0
					0
					0
					0
					0
					0
					0
					0
					0
					0
					0
					0
					0
					0
					0
					0
					0
					0
					0
					0
					0
					0
					0
					0
					0
					0
					0
					0
					0
					0
					0
					0
					0
					0
					0
					0
					0
					0
					0
					0
					0
					0
					0
					0
					0
					0
					0
					0
					0
					0
					0
					0
					0
					0
					0
					0
					0
					0
					0
					0
					0
					0
					0
					0
					0
					0
					0
					0
					0
					0
					0
					0
					0
					0
					0
					0
					0
					0
					0
					0
					0
					0
					0
					0
					0
					0
					0
					0
					0
					0
					0
					0
					0
					0
					0
					0
					0
					0
					0
					0
					0
					0
					0
					0
					0
					0
					0
					0
					0
					0
					0
					0
					0
					0
					0
					0
					0
					0
					0
					0
					0
					0
					0
					0
					0
					0
					0
					0
					0
					0
					0
					0
					0
					0
					0
					0
					0
					0
					0
					0
					0
					0
					0
					0
					0
					0
					0
					0
					0
					0
					0
					0
					0
					0
2002-04-05	746.848	746.848	746.848	746.848	669
2002-04-08	597.4784	597.4784	597.4784	597.4784	
2002-04-08	597.4784	597.4784	597.4784	597.4784	669
					0
					0
					0
2002-04-12	522.7936	522.7936	522.7936	522.7936	669
2002-04-15	448.1088	448.1088	448.1088	448.1088	
2002-04-15	448.1088	448.1088	448.1088	448.1088	669
					0
					0
					0
2002-04-19	373.424	373.424	373.424	373.424	669
2002-04-19	373.424	373.424	373.424	373.424	
					0
					0
					0
					0
2002-04-26	298.7392	298.7392	298.7392	298.7392	
2002-04-26	298.7392	298.7392	298.7392	298.7392	669
					0
					0
					0
					0
2002-05-03	261.3968	261.3968	261.3968	261.3968	
2002-05-03	261.3968	261.3968	261.3968	261.3968	669
					0
2002-05-07	224.0544	224.0544	224.0544	224.0544	669
2002-05-08	153.10384	153.10384	153.10384	153.10384	6694
2002-05-10	112.0272	112.0272	182.97776	182.97776	1338
2002-05-10	112.0272	112.0272	182.97776	182.97776	
					0
					0
					0
2002-05-16	149.3696	149.3696	149.3696	149.3696	
2002-05-16	149.3696	149.3696	149.3696	149.3696	1338
					0
					0
2002-05-21	112.0272	100.82448	168.0408	168.0408	4686
2002-05-22	115.76144	115.76144	115.76144	115.76144	669
2002-05-23	112.0272	82.15328	145.63536	145.63536	3347
2002-05-24	112.0272	100.82448	112.0272	100.82448	2008
2002-05-24	112.0272	100.82448	112.0272	100.82448	
					0
					0
					0
					0
					0
					0
					0
2002-06-05	93.356	74.6848	104.55872	85.88752	30126
2002-06-06	85.88752	85.88752	85.88752	85.88752	1338
2002-06-07	85.88752	85.88752	85.88752	85.88752	1338
2002-06-10	85.88752	85.88752	85.88752	85.88752	1338
2002-06-11	85.88752	85.88752	85.88752	85.88752	
2002-06-11	85.88752	85.88752	85.88752	85.88752	1338
					0
2002-06-13	85.88752	85.88752	97.09024	97.09024	
2002-06-13	85.88752	85.88752	97.09024	97.09024	4016
					0
					0
					0
					0
					0
					0
					0
					0
					0
					0
					0
					0
					0
					0
					0
					0
					0
					0
					0
					0
					0
					0
					0
					0
2002-07-18	70.95056	70.95056	85.88752	85.88752	2677
2002-07-19	74.6848	74.6848	74.6848	74.6848	1338
2002-07-19	74.6848	74.6848	74.6848	74.6848	
					0
					0
					0
					0
					0
					0
					0
					0
					0
					0
					0
					0
					0
					0
					0
					0
2002-08-13	67.21632	67.21632	67.21632	67.21632	
2002-08-13	67.21632	67.21632	67.21632	67.21632	1338
					0
					0
					0
					0
					0
					0
					0
					0
					0
					0
					0
					0
					0
					0
					0
					0
					0
					0
					0
					0
					0
					0
					0
					0
					0
					0
					0
					0
					0
					0
					0
					0
					0
					0
					0
					0
					0
					0
					0
					0
					0
					0
					0
					0
					0
					0
					0
					0
					0
					0
					0
					0
					0
					0
					0
					0
					0
					0
					0
					0
					0
					0
					0
					0
					0
					0
					0
					0
					0
					0
					0
					0
					0
					0
					0
					0
					0
					0
					0
					0
					0
					0
					0
					0
					0
					0
					0
					0
					0
					0
					0
					0
					0
					0
					0
					0
					0
					0
					0
					0
					0
					0
					0
					0
					0
					0
					0
					0
					0
					0
					0
					0
					0
					0
					0
					0
					0
					0
					0
					0
					0
					0
					0
					0
					0
					0
					0
					0
					0
					0
					0
					0
					0
					0
					0
					0
					0
					0
					0
					0
					0
					0
					0
					0
					0
					0
					0
					0
					0
					0
					0
					0
					0
					0
					0
					0
					0
					0
					0
					0
					0
					0
					0
					0
					0
					0
					0
					0
					0
					0
					0
					0
2003-05-02	48.54512	44.81088	48.54512	48.54512	
2003-05-02	48.54512	44.81088	48.54512	48.54512	30796
					0
					0
					0
					0
					0
					0
					0
					0
					0
					0
2003-05-21	48.54512	48.54512	48.54512	48.54512	6694
2003-05-21	48.54512	48.54512	48.54512	48.54512	
					0
					0
2003-05-26	56.0136	56.0136	56.0136	56.0136	5355
2003-05-27	59.74784	59.74784	59.74784	59.74784	1338
2003-05-27	59.74784	59.74784	59.74784	59.74784	
					0
					0
					0
					0
					0
					0
					0
					0
					0
					0
					0
					0
					0
					0
					0
					0
					0
					0
					0
					0
					0
					0
					0
					0
					0
					0
					0
					0
					0
					0
					0
					0
					0
					0
					0
					0
					0
					0
					0
					0
					0
					0
					0
					0
					0
					0
					0
2003-08-04	59.74784	59.74784	59.74784	59.74784	
2003-08-04	59.74784	59.74784	59.74784	59.74784	9372
					0
					0
					0
					0
					0
					0
					0
					0
					0
					0
					0
					0
					0
					0
					0
2003-08-27	82.15328	67.21632	82.15328	70.95056	
2003-08-27	82.15328	67.21632	82.15328	70.95056	4016
					0
					0
					0
					0
					0
					0
					0
					0
					0
					0
					0
					0
					0
					0
					0
2003-09-18	52.27936	52.27936	52.27936	52.27936	6694
2003-09-19	52.27936	52.27936	52.27936	52.27936	6694
2003-09-19	52.27936	52.27936	52.27936	52.27936	
					0
					0
					0
					0
					0
					0
					0
					0
					0
					0
					0
					0
					0
					0
					0
2003-10-14	74.6848	74.6848	78.41904	78.41904	36821
2003-10-14	74.6848	74.6848	78.41904	78.41904	
					0
2003-10-16	78.41904	78.41904	78.41904	78.41904	3347
2003-10-17	78.41904	78.41904	85.88752	85.88752	18745
2003-10-17	78.41904	78.41904	85.88752	85.88752	
					0
2003-10-21	78.41904	78.41904	78.41904	78.41904	669
2003-10-21	78.41904	78.41904	78.41904	78.41904	
					0
2003-10-23	78.41904	78.41904	78.41904	78.41904	669
2003-10-23	78.41904	78.41904	78.41904	78.41904	
					0
					0
2003-10-28	78.41904	78.41904	78.41904	78.41904	669
2003-10-29	78.41904	78.41904	78.41904	78.41904	2008
2003-10-29	78.41904	78.41904	78.41904	78.41904	
					0
					0
2003-11-03	74.6848	74.6848	74.6848	74.6848	2008
2003-11-03	74.6848	74.6848	74.6848	74.6848	
					0
					0
					0
					0
					0
					0
					0
					0
					0
					0
					0
2003-11-19	70.95056	70.95056	70.95056	70.95056	
2003-11-19	70.95056	70.95056	70.95056	70.95056	669
					0
					0
					0
					0
					0
					0
					0
					0
					0
					0
					0
					0
					0
					0
					0
					0
					0
					0
					0
					0
					0
					0
					0
					0
					0
					0
					0
					0
					0
					0
					0
					0
					0
					0
					0
					0
					0
					0
					0
2004-01-29	63.48208	63.48208	63.48208	63.48208	
2004-01-29	63.48208	63.48208	63.48208	63.48208	6025
					0
					0
					0
					0
					0
					0
					0
					0
					0
					0
					0
					0
					0
					0
					0
					0
					0
					0
					0
					0
					0
					0
					0
					0
2004-03-08	63.48208	63.48208	82.15328	82.15328	
2004-03-08	63.48208	63.48208	82.15328	82.15328	39499
					0
					0
					0
					0
					0
					0
					0
					0
					0
					0
					0
					0
					0
					0
					0
					0
					0
					0
					0
					0
					0
					0
					0
					0
					0
					0
					0
					0
					0
					0
					0
					0
					0
					0
					0
					0
					0
					0
					0
					0
					0
					0
					0
					0
					0
					0
					0
					0
					0
					0
					0
					0
					0
					0
					0
					0
					0
					0
					0
					0
					0
					0
					0
					0
					0
					0
					0
					0
					0
					0
					0
					0
					0
					0
					0
					0
					0
					0
					0
					0
					0
					0
					0
					0
					0
					0
					0
					0
					0
					0
					0
					0
					0
					0
					0
					0
					0
					0
					0
					0
					0
					0
					0
					0
					0
					0
					0
					0
					0
					0
					0
					0
					0
					0
					0
					0
					0
					0
					0
					0
					0
					0
					0
					0
					0
					0
					0
					0
					0
					0
					0
					0
					0
					0
					0
					0
					0
					0
					0
					0
					0
					0
					0
					0
					0
					0
					0
					0
					0
					0
					0
					0
					0
					0
					0
					0
					0
					0
					0
					0
					0
					0
					0
					0
					0
					0
					0
					0
					0
					0
					0
					0
					0
					0
					0
					0
					0
					0
					0
					0
					0
					0
					0
					0
					0
					0
					0
2004-12-14	82.15328	82.15328	82.15328	82.15328	
2004-12-14	82.15328	82.15328	82.15328	82.15328	13389
					0
2004-12-16	82.15328	82.15328	82.15328	82.15328	
2004-12-16	82.15328	82.15328	82.15328	82.15328	13389
					0
2004-12-20	82.15328	82.15328	82.15328	82.15328	
2004-12-20	82.15328	82.15328	82.15328	82.15328	30126
					0
					0
					0
					0
					0
					0
					0
					0
					0
					0
					0
					0
					0
					0
					0
					0
					0
					0
					0
					0
					0
					0
2005-01-25	74.6848	74.6848	82.15328	82.15328	13389
2005-01-25	74.6848	74.6848	82.15328	82.15328	
					0
2005-01-27	74.6848	74.6848	82.15328	82.15328	
2005-01-27	74.6848	74.6848	82.15328	82.15328	13389
					0
					0
					0
					0
					0
2005-02-04	67.21632	67.21632	82.15328	82.15328	33474
2005-02-07	67.21632	67.21632	67.21632	67.21632	6694
2005-02-08	67.21632	67.21632	67.21632	67.21632	6694
2005-02-08	67.21632	67.21632	67.21632	67.21632	
					0
2005-02-14	67.21632	67.21632	74.6848	74.6848	13389
2005-02-15	67.21632	67.21632	67.21632	67.21632	13389
2005-02-15	67.21632	67.21632	67.21632	67.21632	
					0
					0
					0
					0
2005-02-22	67.21632	67.21632	74.6848	74.6848	26779
2005-02-23	70.95056	70.95056	70.95056	70.95056	6694
2005-02-24	67.21632	67.21632	70.95056	70.95056	26779
2005-02-25	67.21632	67.21632	70.95056	70.95056	
2005-02-25	67.21632	67.21632	70.95056	70.95056	26779
					0
					0
					0
2005-03-03	67.21632	67.21632	78.41904	78.41904	
2005-03-03	67.21632	67.21632	78.41904	78.41904	60253
					0
					0
					0
					0
2005-03-10	70.95056	70.95056	74.6848	74.6848	
2005-03-10	70.95056	70.95056	74.6848	74.6848	12050
					0
					0
					0
2005-03-17	74.6848	74.6848	74.6848	74.6848	
2005-03-17	74.6848	74.6848	74.6848	74.6848	5355
					0
2005-03-21	82.15328	82.15328	82.15328	82.15328	
2005-03-21	82.15328	82.15328	82.15328	82.15328	1338
					0
2005-03-23	82.15328	82.15328	82.15328	82.15328	
2005-03-23	82.15328	82.15328	82.15328	82.15328	6025
					0
					0
					0
					0
					0
					0
					0
					0
					0
					0
					0
					0
2005-04-12	85.88752	82.15328	89.62176	82.15328	
2005-04-12	85.88752	82.15328	89.62176	82.15328	8033
					0
					0
					0
					0
					0
					0
					0
					0
					0
					0
					0
					0
					0
					0
					0
					0
					0
					0
					0
					0
					0
					0
					0
					0
					0
					0
					0
					0
					0
					0
					0
					0
					0
					0
					0
2005-06-06	82.15328	82.15328	82.15328	82.15328	8033
2005-06-06	82.15328	82.15328	82.15328	82.15328	
					0
					0
					0
					0
					0
					0
					0
					0
					0
					0
					0
					0
					0
					0
					0
					0
					0
					0
					0
					0
					0
					0
					0
					0
					0
					0
					0
					0
					0
					0
					0
					0
					0
					0
					0
					0
					0
					0
					0
					0
					0
					0
					0
					0
					0
					0
					0
					0
					0
					0
					0
					0
					0
					0
					0
					0
					0
					0
					0
					0
					0
					0
					0
					0
					0
					0
2005-09-09	59.74784	56.0136	59.74784	56.0136	14728
2005-09-12	59.74784	59.74784	67.21632	67.21632	
2005-09-12	59.74784	59.74784	67.21632	67.21632	21423
					0
					0
					0
					0
					0
					0
					0
					0
					0
					0
					0
					0
					0
					0
					0
					0
					0
					0
					0
					0
					0
					0
					0
					0
					0
					0
					0
					0
					0
					0
					0
					0
					0
					0
					0
					0
					0
					0
					0
					0
					0
					0
					0
					0
					0
					0
					0
					0
					0
					0
					0
					0
					0
					0
					0
					0
2005-12-07	41.07664	41.07664	63.48208	63.48208	75651
2005-12-07	41.07664	41.07664	63.48208	63.48208	
					0
2005-12-09	56.0136	56.0136	56.0136	56.0136	52888
2005-12-09	56.0136	56.0136	56.0136	56.0136	
					0
					0
					0
					0
					0
					0
					0
					0
					0
					0
					0
					0
					0
					0
					0
					0
					0
					0
					0
					0
					0
					0
					0
					0
					0
					0
					0
					0
					0
					0
					0
					0
					0
					0
					0
					0
					0
					0
					0
					0
					0
					0
					0
					0
					0
					0
					0
					0
					0
					0
					0
					0
					0
					0
					0
					0
					0
2006-03-07	67.21632	67.21632	82.15328	82.15328	22092
2006-03-08	108.29296	108.29296	108.29296	108.29296	8033
2006-03-09	93.356	93.356	93.356	93.356	
2006-03-09	93.356	93.356	93.356	93.356	33474
					0
					0
					0
					0
					0
					0
					0
					0
					0
					0
					0
					0
					0
					0
					0
					0
					0
					0
					0
					0
					0
					0
					0
					0
					0
					0
					0
					0
					0
					0
					0
					0
					0
					0
					0
					0
					0
					0
					0
					0
					0
					0
					0
					0
					0
					0
					0
					0
					0
					0
					0
					0
					0
					0
					0
					0
					0
					0
					0
					0
					0
					0
					0
					0
					0
					0
					0
					0
					0
					0
					0
					0
					0
					0
					0
					0
					0
					0
					0
					0
					0
					0
					0
					0
					0
					0
					0
					0
					0
					0
					0
					0
					0
					0
					0
					0
					0
					0
					0
					0
					0
					0
					0
					0
					0
					0
2006-08-15	119.49568	119.49568	119.49568	119.49568	107116
2006-08-16	156.83808	156.83808	156.83808	156.83808	2008
2006-08-22	156.83808	156.83808	156.83808	156.83808	33474
2006-08-23	194.18048	194.18048	194.18048	194.18048	3347
2006-08-24	156.83808	156.83808	156.83808	156.83808	
2006-08-24	156.83808	156.83808	156.83808	156.83808	33474
					0
2006-08-28	134.43264	134.43264	134.43264	134.43264	
2006-08-28	134.43264	134.43264	134.43264	134.43264	16737
					0
					0
					0
					0
					0
					0
					0
					0
					0
					0
					0
					0
					0
					0
					0
					0
					0
					0
					0
					0
					0
					0
					0
					0
					0
					0
					0
					0
					0
					0
					0
					0
					0
					0
2006-10-16	149.3696	149.3696	149.3696	149.3696	
2006-10-16	149.3696	149.3696	149.3696	149.3696	1338
					0
					0
					0
					0
					0
					0
					0
2006-11-02	164.30656	164.30656	164.30656	164.30656	2008
2006-11-02	164.30656	164.30656	164.30656	164.30656	
					0
					0
2006-11-07	220.32016	220.32016	220.32016	220.32016	1338
2006-11-07	220.32016	220.32016	220.32016	220.32016	
					0
					0
					0
					0
					0
					0
					0
					0
					0
					0
					0
					0
					0
					0
					0
					0
					0
					0
					0
					0
					0
					0
					0
					0
					0
					0
					0
					0
					0
					0
					0
					0
					0
2006-12-26	261.3968	261.3968	261.3968	261.3968	1338
2006-12-26	261.3968	261.3968	261.3968	261.3968	
					0
					0
					0
					0
					0
					0
					0
					0
					0
					0
					0
					0
					0
					0
					0
					0
					0
					0
					0
					0
					0
					0
					0
					0
					0
					0
					0
					0
					0
					0
					0
					0
					0
					0
					0
					0
					0
					0
					0
					0
					0
					0
					0
					0
					0
					0
					0
					0
					0
					0
					0
					0
					0
2007-03-14	298.7392	298.7392	298.7392	298.7392	
2007-03-14	298.7392	298.7392	298.7392	298.7392	2008
					0
					0
					0
					0
					0
					0
					0
					0
					0
					0
					0
					0
					0
					0
					0
					0
					0
					0
					0
					0
					0
					0
					0
					0
					0
					0
					0
					0
					0
					0
					0
					0
					0
					0
					0
					0
					0
					0
					0
					0
					0
					0
					0
					0
					0
					0
					0
					0
					0
					0
					0
					0
					0
					0
					0
					0
					0
					0
					0
					0
					0
					0
					0
					0
2007-06-20	343.55008	343.55008	373.424	373.424	14728
2007-06-21	380.89248	246.45984	403.29792	298.7392	104438
2007-06-22	287.53648	287.53648	298.7392	298.7392	54227
2007-06-25	291.27072	291.27072	336.0816	336.0816	
2007-06-25	291.27072	291.27072	336.0816	336.0816	8033
					0
					0
					0
					0
					0
					0
					0
					0
2007-07-06	238.99136	238.99136	261.3968	261.3968	2677
2007-07-09	336.0816	336.0816	336.0816	336.0816	
2007-07-09	336.0816	336.0816	336.0816	336.0816	1338
					0
					0
2007-07-12	403.29792	403.29792	403.29792	403.29792	
2007-07-12	403.29792	403.29792	403.29792	403.29792	1338
					0
					0
					0
					0
					0
					0
					0
					0
2007-07-25	477.98272	477.98272	477.98272	477.98272	669
2007-07-25	477.98272	477.98272	477.98272	477.98272	
					0
					0
2007-07-30	612.41536	612.41536	612.41536	612.41536	669
2007-07-31	433.17184	433.17184	433.17184	433.17184	1338
2007-07-31	433.17184	433.17184	433.17184	433.17184	
					0
2007-08-02	463.04576	463.04576	463.04576	463.04576	669
2007-08-02	463.04576	463.04576	463.04576	463.04576	
					0
					0
					0
					0
2007-08-09	463.04576	463.04576	463.04576	463.04576	1338
2007-08-09	463.04576	463.04576	463.04576	463.04576	
					0
					0
					0
					0
					0
					0
					0
					0
					0
					0
					0
					0
					0
					0
					0
					0
					0
					0
2007-09-06	328.61312	328.61312	328.61312	328.61312	
2007-09-06	328.61312	328.61312	328.61312	328.61312	5355
					0
2007-09-10	440.64032	440.64032	440.64032	440.64032	1338
2007-09-11	455.57728	455.57728	515.32512	515.32512	17406
2007-09-12	590.00992	590.00992	597.4784	597.4784	2008
2007-09-12	590.00992	590.00992	597.4784	597.4784	
					0
2007-09-14	418.23488	418.23488	448.1088	440.64032	12720
2007-09-17	440.64032	440.64032	440.64032	440.64032	13389
2007-09-17	440.64032	440.64032	440.64032	440.64032	
					0
2007-09-19	433.17184	425.70336	433.17184	425.70336	1338
2007-09-20	298.7392	298.7392	298.7392	298.7392	2677
2007-09-21	298.7392	298.7392	298.7392	298.7392	13389
2007-09-24	298.7392	298.7392	298.7392	298.7392	10711
2007-09-24	298.7392	298.7392	298.7392	298.7392	
					0
2007-09-26	298.7392	298.7392	298.7392	298.7392	
2007-09-26	298.7392	298.7392	298.7392	298.7392	2677
					0
					0
					0
					0
					0
					0
					0
					0
					0
					0
					0
2007-10-17	224.0544	194.18048	298.7392	298.7392	22092
2007-10-17	224.0544	194.18048	298.7392	298.7392	
					0
					0
					0
					0
					0
					0
					0
					0
					0
					0
2007-11-01	306.20768	194.18048	306.20768	194.18048	
2007-11-01	306.20768	194.18048	306.20768	194.18048	26779
					0
					0
					0
					0
					0
					0
					0
					0
2007-11-14	257.66256	257.66256	257.66256	257.66256	
2007-11-14	257.66256	257.66256	257.66256	257.66256	1338
					0
2007-11-16	295.00496	295.00496	295.00496	295.00496	1338
2007-11-16	295.00496	295.00496	295.00496	295.00496	
					0
					0
					0
					0
					0
2007-11-26	332.34736	332.34736	332.34736	332.34736	
2007-11-26	332.34736	332.34736	332.34736	332.34736	1338
					0
					0
					0
					0
					0
					0
					0
2007-12-06	354.7528	354.7528	354.7528	354.7528	
2007-12-06	354.7528	354.7528	354.7528	354.7528	1338
					0
					0
					0
					0
					0
					0
					0
					0
					0
					0
					0
					0
					0
					0
					0
					0
					0
					0
					0
					0
2008-01-16	235.25712	235.25712	332.34736	332.34736	4686
2008-01-17	235.25712	235.25712	328.61312	328.61312	
2008-01-17	235.25712	235.25712	328.61312	328.61312	12050
					0
					0
					0
					0
					0
2008-01-25	403.29792	403.29792	403.29792	403.29792	669
2008-01-25	403.29792	403.29792	403.29792	403.29792	
					0
					0
					0
					0
					0
					0
					0
2008-02-06	283.80224	283.80224	283.80224	283.80224	
2008-02-06	283.80224	283.80224	283.80224	283.80224	669
					0
					0
					0
					0
					0
2008-02-18	369.68976	369.68976	373.424	373.424	1338
2008-02-18	369.68976	369.68976	373.424	373.424	
					0
					0
					0
					0
					0
					0
					0
					0
					0
					0
					0
2008-03-05	492.91968	492.91968	492.91968	492.91968	
2008-03-05	492.91968	492.91968	492.91968	492.91968	669
					0
					0
					0
					0
					0
					0
					0
					0
					0
					0
					0
2008-03-26	351.01856	351.01856	351.01856	351.01856	669
2008-03-26	351.01856	351.01856	351.01856	351.01856	
					0
					0
					0
					0
					0
					0
					0
					0
					0
					0
					0
					0
					0
					0
					0
					0
					0
					0
					0
					0
					0
					0
					0
					0
					0
					0
					0
					0
					0
					0
					0
					0
					0
					0
					0
					0
					0
					0
					0
					0
					0
					0
					0
					0
					0
					0
					0
					0
					0
					0
					0
					0
					0
					0
					0
					0
					0
					0
					0
					0
					0
					0
					0
2008-06-26	369.68976	369.68976	369.68976	369.68976	
2008-06-26	369.68976	369.68976	369.68976	369.68976	669
					0
					0
					0
					0
					0
					0
					0
					0
					0
					0
					0
					0
					0
					0
					0
					0
					0
					0
					0
					0
					0
					0
					0
					0
					0
					0
					0
					0
					0
					0
					0
					0
					0
					0
					0
					0
					0
					0
					0
					0
					0
					0
					0
					0
					0
					0
					0
					0
					0
					0
					0
					0
					0
					0
					0
					0
					0
					0
					0
					0
2008-09-23	354.7528	354.7528	354.7528	354.7528	669
2008-09-24	354.7528	354.7528	354.7528	354.7528	669
2008-09-25	354.7528	354.7528	354.7528	354.7528	
2008-09-25	354.7528	354.7528	354.7528	354.7528	669
					0
					0
					0
					0
					0
					0
					0
					0
					0
					0
					0
					0
					0
					0
					0
					0
					0
					0
					0
					0
					0
					0
					0
					0
					0
					0
					0
					0
					0
					0
					0
					0
					0
					0
					0
					0
					0
					0
					0
					0
					0
					0
					0
					0
					0
					0
					0
					0
					0
					0
					0
					0
					0
					0
					0
					0
					0
					0
					0
					0
					0
					0
					0
					0
					0
					0
					0
					0
					0
					0
					0
					0
					0
					0
					0
					0
					0
					0
					0
					0
					0
					0
					0
					0
					0
					0
					0
					0
					0
					0
					0
					0
					0
					0
					0
					0
					0
					0
					0
					0
					0
					0
					0
					0
					0
					0
					0
					0
					0
					0
					0
					0
					0
					0
					0
					0
					0
					0
					0
					0
					0
					0
					0
					0
					0
					0
					0
					0
					0
					0
					0
					0
					0
					0
					0
					0
					0
					0
					0
					0
					0
2009-05-05	268.86528	268.86528	268.86528	268.86528	669
2009-05-06	336.0816	336.0816	336.0816	336.0816	669
2009-05-06	336.0816	336.0816	336.0816	336.0816	
					0
					0
2009-05-11	332.34736	332.34736	332.34736	332.34736	
2009-05-11	332.34736	332.34736	332.34736	332.34736	669
					0
					0
					0
					0
					0
					0
					0
					0
					0
					0
					0
					0
					0
					0
					0
					0
					0
					0
					0
					0
					0
					0
					0
					0
					0
					0
					0
					0
					0
					0
					0
					0
					0
					0
					0
					0
					0
					0
					0
					0
					0
					0
					0
					0
					0
					0
					0
					0
					0
					0
					0
					0
2009-07-28	332.34736	332.34736	332.34736	332.34736	669
2009-07-28	332.34736	332.34736	332.34736	332.34736	
					0
					0
2009-07-31	250.19408	250.19408	250.19408	250.19408	5355
2009-07-31	250.19408	250.19408	250.19408	250.19408	
					0
					0
					0
					0
					0
					0
					0
					0
					0
					0
					0
					0
					0
					0
					0
					0
					0
					0
					0
					0
					0
					0
					0
					0
					0
					0
					0
					0
					0
					0
					0
					0
					0
					0
					0
					0
2009-09-29	253.92832	250.19408	253.92832	250.19408	
2009-09-29	253.92832	250.19408	253.92832	250.19408	11381
					0
					0
					0
					0
					0
					0
					0
					0
					0
					0
					0
					0
					0
					0
					0
					0
					0
					0
					0
					0
					0
					0
					0
					0
					0
					0
					0
					0
					0
					0
					0
					0
					0
					0
2009-11-17	261.3968	261.3968	261.3968	261.3968	
2009-11-17	261.3968	261.3968	261.3968	261.3968	669
					0
					0
					0
					0
					0
					0
					0
					0
					0
					0
					0
					0
					0
					0
					0
					0
					0
					0
					0
					0
					0
					0
					0
2009-12-23	298.7392	298.7392	298.7392	298.7392	669
2009-12-23	298.7392	298.7392	298.7392	298.7392	
					0
					0
					0
					0
					0
					0
					0
					0
					0
					0
					0
					0
					0
					0
					0
					0
					0
					0
					0
					0
					0
					0
					0
					0
					0
					0
					0
					0
					0
					0
					0
					0
					0
					0
					0
					0
					0
					0
					0
					0
					0
					0
					0
					0
					0
					0
					0
					0
					0
					0
					0
					0
					0
					0
					0
					0
					0
					0
					0
					0
					0
					0
					0
					0
					0
					0
					0
					0
					0
					0
					0
					0
					0
					0
					0
					0
					0
					0
					0
					0
					0
					0
					0
					0
					0
					0
					0
					0
					0
					0
					0
					0
					0
					0
					0
					0
					0
					0
2010-05-21	224.0544	224.0544	224.0544	224.0544	3347
2010-05-21	224.0544	224.0544	224.0544	224.0544	
					0
					0
					0
					0
					0
					0
2010-06-02	224.0544	224.0544	224.0544	224.0544	669
2010-06-02	224.0544	224.0544	224.0544	224.0544	
					0
					0
					0
					0
					0
					0
					0
					0
					0
					0
					0
					0
2010-06-21	168.0408	168.0408	168.0408	168.0408	6694
2010-06-22	168.0408	168.0408	168.0408	168.0408	6694
2010-06-23	168.0408	126.96416	168.0408	126.96416	50880
2010-06-23	168.0408	126.96416	168.0408	126.96416	
					0
					0
					0
					0
					0
					0
					0
					0
					0
					0
					0
					0
					0
					0
2010-07-14	123.22992	120.242528	123.22992	120.242528	
2010-07-14	123.22992	120.242528	123.22992	120.242528	26779
					0
					0
					0
					0
					0
					0
					0
					0
					0
2010-07-28	125.470464	125.470464	126.217312	126.217312	4016
2010-07-29	126.217312	126.217312	126.96416	126.96416	13389
2010-07-30	119.49568	119.49568	119.49568	119.49568	
2010-07-30	119.49568	119.49568	119.49568	119.49568	8033
					0
					0
					0
					0
					0
					0
					0
					0
					0
					0
					0
					0
					0
					0
					0
					0
					0
					0
					0
					0
					0
					0
					0
					0
					0
					0
2010-09-15	120.242528	120.242528	120.242528	120.242528	4686
2010-09-15	120.242528	120.242528	120.242528	120.242528	
					0
					0
					0
					0
					0
					0
					0
					0
					0
					0
					0
					0
					0
					0
					0
					0
					0
					0
					0
					0
					0
					0
					0
					0
					0
					0
2010-10-22	135.179488	135.179488	135.179488	135.179488	1338
2010-10-22	135.179488	135.179488	135.179488	135.179488	
					0
					0
					0
					0
					0
					0
					0
					0
					0
					0
					0
					0
					0
					0
2010-11-12	139.660576	139.660576	139.660576	139.660576	
2010-11-12	139.660576	139.660576	139.660576	139.660576	1338
					0
2010-11-16	138.913728	138.913728	139.660576	139.660576	3347
2010-11-18	126.96416	126.96416	126.96416	126.96416	
2010-11-18	126.96416	126.96416	126.96416	126.96416	2677
					0
					0
					0
					0
					0
					0
					0
					0
					0
					0
					0
					0
					0
					0
					0
					0
					0
					0
					0
					0
					0
					0
					0
					0
					0
					0
					0
					0
					0
2011-01-04	120.242528	120.242528	120.242528	120.242528	
2011-01-04	120.242528	120.242528	120.242528	120.242528	669
					0
					0
					0
					0
					0
					0
					0
					0
					0
					0
					0
					0
					0
					0
					0
					0
					0
					0
					0
					0
					0
					0
					0
					0
					0
					0
					0
					0
					0
					0
					0
					0
2011-02-22	104.55872	104.55872	123.22992	123.22992	42846
2011-02-23	123.22992	123.22992	123.22992	123.22992	18745
2011-02-23	123.22992	123.22992	123.22992	123.22992	
					0
					0
					0
					0
					0
					0
					0
					0
					0
					0
					0
					0
					0
					0
					0
					0
					0
					0
					0
					0
					0
					0
					0
					0
					0
					0
					0
					0
					0
					0
2011-04-07	132.192096	130.6984	132.192096	130.6984	9372
2011-04-07	132.192096	130.6984	132.192096	130.6984	
					0
					0
					0
					0
					0
					0
2011-04-18	130.6984	130.6984	130.6984	130.6984	114481
2011-04-18	130.6984	130.6984	130.6984	130.6984	
					0
					0
					0
					0
					0
					0
					0
					0
					0
					0
					0
					0
2011-05-06	130.6984	130.6984	130.6984	130.6984	
2011-05-06	130.6984	130.6984	130.6984	130.6984	2677
					0
					0
					0
					0
2011-05-13	137.420032	137.420032	137.420032	137.420032	3347
2011-05-16	140.407424	140.407424	145.63536	145.63536	30796
2011-05-18	149.3696	149.3696	168.0408	153.10384	13389
2011-05-19	186.712	160.57232	190.44624	171.77504	
2011-05-19	186.712	160.57232	190.44624	171.77504	22762
					0
2011-05-23	156.83808	156.83808	179.24352	171.77504	2677
2011-05-24	190.44624	175.50928	194.18048	175.50928	2677
2011-05-25	194.18048	194.18048	216.58592	216.58592	5355
2011-05-26	253.92832	224.0544	253.92832	250.19408	4016
2011-05-27	246.45984	209.11744	253.92832	253.92832	2008
2011-05-27	246.45984	209.11744	253.92832	253.92832	
					0
					0
					0
					0
					0
					0
					0
					0
					0
					0
					0
2011-06-15	197.91472	194.18048	197.91472	194.18048	
2011-06-15	197.91472	194.18048	197.91472	194.18048	2677
					0
					0
					0
2011-06-21	197.91472	186.712	201.64896	201.64896	5355
2011-06-22	224.0544	224.0544	224.0544	224.0544	
2011-06-22	224.0544	224.0544	224.0544	224.0544	669
					0
					0
2011-06-27	209.11744	209.11744	209.11744	209.11744	669
2011-06-28	216.58592	216.58592	216.58592	216.58592	1338
2011-06-30	197.91472	186.712	224.0544	224.0544	9372
2011-06-30	197.91472	186.712	224.0544	224.0544	
					0
					0
					0
					0
					0
					0
					0
					0
					0
					0
2011-07-15	224.0544	224.0544	224.0544	224.0544	
2011-07-15	224.0544	224.0544	224.0544	224.0544	2677
					0
					0
					0
					0
2011-07-22	197.91472	186.712	197.91472	197.91472	37490
2011-07-25	197.91472	197.91472	197.91472	197.91472	33474
2011-07-26	197.91472	197.91472	201.64896	201.64896	3347
2011-07-26	197.91472	197.91472	201.64896	201.64896	
					0
					0
					0
					0
					0
					0
2011-08-04	197.91472	197.91472	197.91472	197.91472	
2011-08-04	197.91472	197.91472	197.91472	197.91472	13389
					0
					0
					0
					0
					0
					0
					0
					0
					0
					0
					0
					0
					0
					0
					0
					0
					0
					0
					0
					0
2011-09-12	197.91472	186.712	197.91472	197.91472	28787
2011-09-12	197.91472	186.712	197.91472	197.91472	
					0
					0
2011-09-15	197.91472	197.91472	197.91472	197.91472	8033
2011-09-15	197.91472	197.91472	197.91472	197.91472	
					0
2011-09-19	197.91472	197.91472	197.91472	197.91472	15398
2011-09-19	197.91472	197.91472	197.91472	197.91472	
					0
2011-09-21	197.91472	197.91472	197.91472	197.91472	13389
2011-09-22	197.91472	197.91472	197.91472	197.91472	16737
2011-09-23	197.91472	197.91472	197.91472	197.91472	3347
2011-09-26	197.91472	197.91472	197.91472	197.91472	53558
2011-09-27	197.91472	197.91472	197.91472	197.91472	669
2011-09-28	197.91472	197.91472	197.91472	197.91472	56905
2011-09-29	197.91472	197.91472	197.91472	197.91472	
2011-09-29	197.91472	197.91472	197.91472	197.91472	6694
					0
2011-10-03	197.91472	197.91472	197.91472	197.91472	10711
2011-10-04	197.91472	197.91472	197.91472	197.91472	66948
2011-10-04	197.91472	197.91472	197.91472	197.91472	
					0
					0
					0
					0
2011-10-11	197.91472	197.91472	197.91472	197.91472	1338
2011-10-11	197.91472	197.91472	197.91472	197.91472	
					0
					0
					0
					0
					0
					0
					0
					0
					0
					0
					0
					0
					0
					0
					0
					0
					0
					0
					0
					0
					0
					0
2011-11-11	197.91472	197.91472	197.91472	197.91472	4016
2011-11-14	197.91472	197.91472	197.91472	197.91472	
2011-11-14	197.91472	197.91472	197.91472	197.91472	6694
					0
					0
					0
					0
2011-11-21	197.91472	197.91472	197.91472	197.91472	669
2011-11-21	197.91472	197.91472	197.91472	197.91472	
					0
					0
					0
					0
					0
					0
					0
					0
					0
					0
2011-12-06	197.91472	197.91472	197.91472	197.91472	669
2011-12-06	197.91472	197.91472	197.91472	197.91472	
					0
					0
					0
					0
					0
					0
					0
					0
					0
					0
					0
					0
					0
					0
					0
					0
					0
					0
					0
					0
					0
					0
					0
					0
					0
					0
					0
					0
					0
					0
					0
					0
					0
					0
					0
					0
					0
					0
					0
					0
					0
					0
					0
					0
					0
2012-02-10	197.91472	197.91472	197.91472	197.91472	669
2012-02-10	197.91472	197.91472	197.91472	197.91472	
					0
					0
					0
					0
					0
					0
					0
					0
					0
					0
					0
					0
					0
					0
					0
					0
					0
					0
					0
					0
					0
					0
					0
					0
					0
					0
					0
					0
					0
					0
					0
					0
					0
					0
					0
					0
					0
					0
					0
					0
2012-04-11	201.64896	201.64896	201.64896	201.64896	
2012-04-11	201.64896	201.64896	201.64896	201.64896	669
					0
					0
					0
					0
					0
					0
2012-04-20	250.19408	250.19408	250.19408	250.19408	669
2012-04-20	250.19408	250.19408	250.19408	250.19408	
					0
2012-04-24	246.45984	246.45984	250.19408	250.19408	34143
2012-04-25	253.92832	253.92832	253.92832	253.92832	669
2012-04-25	253.92832	253.92832	253.92832	253.92832	
					0
					0
					0
					0
					0
					0
					0
					0
					0
					0
					0
					0
					0
					0
					0
					0
					0
					0
					0
					0
					0
					0
					0
					0
					0
2012-06-04	250.19408	250.19408	250.19408	250.19408	
2012-06-04	250.19408	250.19408	250.19408	250.19408	96405
					0
					0
					0
					0
					0
					0
					0
					0
					0
2012-06-18	250.19408	250.19408	250.19408	250.19408	
2012-06-18	250.19408	250.19408	250.19408	250.19408	669
					0
					0
					0
					0
					0
					0
					0
					0
					0
					0
					0
					0
					0
					0
					0
					0
					0
					0
					0
					0
					0
					0
					0
					0
					0
					0
2012-07-25	250.19408	250.19408	250.19408	250.19408	
2012-07-25	250.19408	250.19408	250.19408	250.19408	6694
					0
					0
					0
					0
					0
					0
					0
					0
					0
					0
					0
					0
					0
					0
					0
					0
					0
					0
					0
					0
					0
					0
					0
					0
					0
2012-09-05	250.19408	250.19408	250.19408	250.19408	669
2012-09-05	250.19408	250.19408	250.19408	250.19408	
					0
					0
					0
					0
					0
					0
					0
					0
					0
					0
					0
					0
					0
					0
					0
					0
					0
					0
					0
					0
					0
					0
					0
					0
					0
					0
					0
					0
					0
					0
					0
					0
					0
					0
					0
					0
					0
					0
					0
					0
					0
					0
					0
					0
					0
					0
					0
					0
					0
					0
					0
					0
					0
					0
					0
					0
					0
					0
					0
					0
					0
					0
					0
					0
					0
					0
					0
					0
					0
					0
					0
					0
					0
					0
					0
					0
					0
					0
					0
					0
					0
					0
					0
					0
					0
					0
					0
					0
					0
					0
					0
					0
					0
					0
					0
					0
					0
					0
					0
					0
					0
					0
					0
					0
					0
					0
					0
					0
					0
					0
					0
					0
2013-02-21	250.19408	250.19408	250.19408	250.19408	137243
2013-02-21	250.19408	250.19408	250.19408	250.19408	
					0
					0
					0
					0
					0
					0
					0
					0
					0
					0
					0
					0
					0
					0
					0
					0
					0
					0
					0
					0
					0
					0
					0
					0
					0
					0
					0
					0
					0
					0
					0
					0
					0
					0
					0
					0
					0
					0
					0
					0
					0
					0
					0
					0
					0
					0
					0
					0
					0
					0
					0
					0
					0
					0
					0
					0
					0
					0
					0
					0
					0
					0
					0
					0
					0
					0
					0
					0
					0
					0
					0
					0
					0
					0
					0
					0
					0
					0
					0
					0
					0
					0
					0
					0
					0
					0
					0
					0
					0
					0
					0
					0
					0
					0
					0
					0
2013-07-12	253.92832	253.92832	253.92832	253.92832	669
2013-07-12	253.92832	253.92832	253.92832	253.92832	
					0
					0
					0
					0
					0
					0
2013-07-23	250.19408	250.19408	250.19408	250.19408	346790
2013-07-23	250.19408	250.19408	250.19408	250.19408	
					0
					0
					0
					0
					0
					0
					0
					0
					0
					0
					0
					0
					0
					0
					0
					0
					0
					0
					0
					0
					0
					0
					0
					0
					0
					0
					0
					0
					0
					0
					0
					0
					0
					0
					0
					0
					0
					0
					0
					0
					0
					0
					0
					0
					0
					0
2013-10-03	253.92832	253.92832	253.92832	253.92832	
2013-10-03	253.92832	253.92832	253.92832	253.92832	21423
					0
					0
					0
					0
					0
					0
					0
					0
					0
					0
					0
					0
					0
					0
					0
					0
					0
					0
					0
					0
					0
					0
					0
					0
					0
					0
					0
					0
					0
					0
					0
					0
					0
					0
					0
					0
					0
					0
					0
					0
					0
					0
					0
					0
					0
					0
					0
					0
					0
					0
					0
					0
					0
					0
					0
					0
					0
					0
					0
					0
					0
					0
					0
					0
					0
					0
					0
					0
					0
					0
					0
					0
					0
					0
					0
					0
					0
					0
					0
					0
					0
					0
					0
					0
					0
					0
					0
					0
					0
					0
					0
					0
					0
					0
					0
					0
					0
					0
					0
					0
					0
					0
					0
					0
					0
					0
					0
					0
					0
					0
					0
					0
					0
					0
					0
					0
					0
					0
					0
					0
					0
					0
					0
					0
					0
					0
					0
					0
					0
					0
					0
					0
					0
					0
					0
					0
					0
					0
					0
					0
					0
					0
					0
					0
					0
					0
					0
					0
					0
					0
					0
					0
					0
					0
					0
					0
					0
					0
					0
					0
					0
					0
					0
					0
					0
					0
					0
					0
					0
					0
					0
					0
					0
					0
					0
					0
					0
					0
					0
					0
					0
					0
					0
					0
					0
					0
					0
					0
					0
					0
					0
					0
					0
					0
					0
					0
					0
					0
					0
					0
					0
					0
					0
					0
					0
					0
					0
					0
					0
					0
					0
					0
					0
					0
					0
					0
					0
					0
					0
					0
					0
					0
					0
					0
					0
					0
					0
					0
					0
					0
					0
					0
					0
					0
					0
					0
					0
					0
					0
					0
					0
					0
					0
					0
					0
					0
					0
					0
					0
					0
					0
					0
					0
					0
					0
					0
					0
					0
					0
					0
					0
					0
					0
					0
					0
					0
					0
					0
					0
					0
					0
					0
					0
					0
					0
					0
					0
					0
					0
					0
					0
					0
					0
					0
					0
					0
					0
					0
					0
					0
					0
					0
					0
					0
					0
					0
					0
					0
					0
					0
2015-01-05	253.92832	253.92832	253.92832	253.92832	1338
2015-01-05	253.92832	253.92832	253.92832	253.92832	
					0
					0
					0
					0
					0
					0
					0
					0
2015-01-16	253.92832	253.92832	253.92832	253.92832	
2015-01-16	253.92832	253.92832	253.92832	253.92832	120506
					0
					0
					0
					0
					0
					0
					0
					0
					0
					0
					0
					0
					0
					0
					0
					0
					0
					0
					0
					0
					0
					0
					0
					0
					0
					0
					0
					0
					0
					0
					0
					0
					0
					0
					0
					0
					0
					0
					0
					0
					0
					0
					0
					0
					0
					0
					0
					0
					0
					0
2015-03-31	253.92832	253.92832	253.92832	253.92832	
2015-03-31	253.92832	253.92832	253.92832	253.92832	1338
					0
					0
					0
					0
					0
					0
					0
					0
					0
					0
					0
					0
					0
					0
					0
					0
					0
					0
					0
					0
					0
					0
					0
					0
					0
					0
					0
					0
					0
					0
					0
					0
					0
					0
					0
					0
					0
					0
					0
					0
					0
					0
					0
					0
					0
					0
					0
					0
					0
					0
					0
					0
					0
					0
					0
					0
					0
					0
					0
					0
					0
					0
					0
					0
					0
					0
					0
					0
					0
					0
					0
					0
					0
					0
					0
					0
					0
					0
					0
					0
					0
					0
					0
					0
					0
					0
					0
					0
					0
					0
					0
					0
					0
					0
					0
					0
					0
					0
					0
					0
					0
					0
					0
					0
					0
					0
					0
					0
					0
					0
					0
					0
					0
					0
					0
					0
2015-09-22	240.485056	240.485056	240.485056	240.485056	
2015-09-22	240.485056	240.485056	240.485056	240.485056	1338
					0
					0
					0
					0
					0
					0
					0
					0
					0
					0
					0
					0
					0
					0
					0
					0
					0
					0
					0
					0
					0
					0
					0
					0
					0
					0
					0
					0
					0
					0
					0
					0
					0
					0
					0
					0
					0
					0
					0
					0
					0
					0
					0
					0
					0
					0
2015-11-30	230.029184	230.029184	230.029184	230.029184	2677
2015-11-30	230.029184	230.029184	230.029184	230.029184	
					0
					0
					0
2015-12-04	224.0544	224.0544	224.0544	224.0544	
2015-12-04	224.0544	224.0544	224.0544	224.0544	2677
					0
					0
					0
					0
					0
					0
					0
					0
					0
					0
					0
					0
					0
					0
					0
2016-01-04	224.0544	224.0544	224.0544	224.0544	
2016-01-04	224.0544	224.0544	224.0544	224.0544	1338
					0
					0
					0
					0
					0
					0
					0
					0
					0
					0
					0
					0
					0
					0
					0
					0
					0
					0
					0
					0
					0
					0
					0
					0
					0
					0
					0
					0
					0
					0
					0
					0
					0
					0
					0
					0
					0
					0
					0
					0
					0
					0
					0
					0
					0
					0
					0
					0
					0
					0
					0
					0
					0
					0
					0
					0
					0
					0
					0
					0
					0
					0
					0
					0
					0
					0
					0
					0
					0
					0
					0
					0
					0
					0
					0
					0
					0
					0
					0
					0
					0
					0
					0
					0
					0
					0
					0
					0
					0
					0
					0
					0
					0
					0
					0
					0
					0
					0
					0
					0
					0
					0
					0
					0
					0
					0
					0
					0
					0
					0
					0
					0
					0
					0
					0
					0
					0
					0
					0
					0
					0
					0
					0
					0
					0
					0
					0
					0
					0
					0
					0
					0
					0
					0
					0
					0
					0
					0
					0
					0
					0
					0
					0
					0
					0
					0
					0
					0
					0
					0
					0
					0
					0
					0
					0
					0
					0
					0
					0
					0
					0
					0
					0
					0
					0
					0
					0
					0
					0
					0
					0
					0
					0
					0
					0
					0
					0
					0
					0
					0
					0
					0
					0
					0
					0
					0
					0
					0
					0
					0
					0
					0
					0
					0
					0
					0
					0
					0
					0
					0
					0
					0
					0
					0
					0
					0
					0
					0
					0
					0
					0
					0
					0
					0
					0
					0
					0
					0
					0
					0
					0
					0
2016-11-28	209.11744	209.11744	209.11744	209.11744	
2016-11-28	209.11744	209.11744	209.11744	209.11744	8033
					0
					0
					0
					0
					0
					0
					0
2016-12-08	201.64896	201.64896	201.64896	201.64896	133
2016-12-09	194.18048	194.18048	194.18048	194.18048	133
2016-12-13	186.712	186.712	186.712	186.712	133
2016-12-14	171.77504	171.77504	171.77504	171.77504	133
2016-12-15	156.83808	156.83808	156.83808	156.83808	
2016-12-15	156.83808	156.83808	156.83808	156.83808	133
					0
2016-12-19	145.63536	145.63536	145.63536	145.63536	133
2016-12-20	138.913728	138.913728	138.913728	138.913728	133
2016-12-21	133.685792	133.685792	133.685792	133.685792	
2016-12-21	133.685792	133.685792	133.685792	133.685792	133
					0
					0
2016-12-27	126.96416	126.96416	126.96416	126.96416	133
2016-12-28	119.49568	119.49568	119.49568	119.49568	133
2016-12-28	119.49568	119.49568	119.49568	119.49568	
					0
2016-12-30	131.445248	129.204704	161.319168	161.319168	4552
2017-01-03	164.30656	164.30656	164.30656	164.30656	669
2017-01-04	149.3696	149.3696	149.3696	149.3696	
2017-01-04	149.3696	149.3696	149.3696	149.3696	133
					0
					0
2017-01-09	134.43264	134.43264	134.43264	134.43264	
2017-01-09	134.43264	134.43264	134.43264	134.43264	133
					0
					0
					0
					0
					0
					0
					0
					0
2017-01-20	129.204704	129.204704	129.204704	129.204704	133
2017-01-23	121.736224	121.736224	121.736224	121.736224	133
2017-01-24	164.30656	156.83808	164.30656	164.30656	669
2017-01-25	164.30656	164.30656	164.30656	164.30656	267
2017-01-26	173.268736	173.268736	173.268736	173.268736	669
2017-01-27	216.58592	216.58592	216.58592	216.58592	937
2017-01-27	216.58592	216.58592	216.58592	216.58592	
					0
					0
					0
					0
					0
					0
					0
					0
					0
					0
					0
					0
					0
					0
					0
					0
					0
					0
					0
					0
					0
					0
					0
					0
					0
					0
					0
					0
					0
					0
					0
					0
					0
					0
					0
					0
					0
					0
					0
					0
					0
					0
					0
					0
					0
					0
					0
					0
					0
					0
					0
					0
					0
					0
					0
					0
					0
2017-04-26	268.86528	268.86528	268.86528	268.86528	
2017-04-26	268.86528	268.86528	268.86528	268.86528	8033
					0
					0
					0
					0
					0
					0
					0
					0
					0
					0
					0
					0
					0
					0
2017-05-19	268.86528	268.86528	268.86528	268.86528	4686
2017-05-22	276.33376	276.33376	283.80224	283.80224	
2017-05-22	276.33376	276.33376	283.80224	283.80224	13389
					0
					0
					0
					0
					0
					0
					0
					0
					0
					0
					0
					0
					0
					0
					0
					0
					0
					0
					0
					0
					0
					0
					0
					0
					0
					0
					0
					0
					0
					0
					0
					0
					0
					0
					0
					0
					0
					0
					0
					0
					0
					0
					0
					0
					0
					0
					0
					0
					0
					0
					0
					0
					0
					0
					0
					0
					0
					0
					0
					0
					0
					0
					0
					0
					0
					0
					0
					0
					0
					0
					0
					0
					0
					0
					0
					0
					0
					0
					0
					0
					0
					0
					0
					0
					0
					0
					0
					0
					0
					0
					0
					0
					0
					0
					0
					0
					0
					0
					0
					0
					0
					0
					0
					0
					0
					0
					0
					0
					0
					0
					0
					0
					0
					0
					0
					0
					0
					0
					0
2017-11-21	298.7392	298.7392	351.01856	351.01856	
2017-11-21	298.7392	298.7392	351.01856	351.01856	2677
					0
					0
					0
					0
					0
					0
					0
					0
					0
					0
					0
2017-12-08	365.95552	365.95552	418.23488	418.23488	669
2017-12-08	365.95552	365.95552	418.23488	418.23488	
					0
					0
					0
					0
					0
					0
					0
					0
					0
2017-12-22	455.57728	455.57728	522.7936	522.7936	669
2017-12-27	560.136	560.136	627.35232	627.35232	1338
2017-12-28	657.22624	657.22624	657.22624	657.22624	
2017-12-28	657.22624	657.22624	657.22624	657.22624	133
					0
2018-01-02	672.1632	672.1632	821.5328	821.5328	1472
2018-01-03	825.26704	821.5328	825.26704	821.5328	5088
2018-01-04	817.79856	817.79856	817.79856	817.79856	3347
2018-01-04	817.79856	817.79856	817.79856	817.79856	
					0
2018-01-08	817.79856	817.79856	1004.51056	1004.51056	1472
2018-01-08	817.79856	817.79856	1004.51056	1004.51056	
					0
2018-01-10	1004.51056	1004.51056	1004.51056	1004.51056	267
2018-01-11	1194.9568	1194.9568	1232.2992	1232.2992	535
2018-01-11	1194.9568	1194.9568	1232.2992	1232.2992	
					0
2018-01-15	1232.2992	1232.2992	1269.6416	1269.6416	
2018-01-15	1232.2992	1232.2992	1269.6416	1269.6416	27180
					0
					0
2018-01-18	1269.6416	1269.6416	1269.6416	1269.6416	133
2018-01-19	1419.0112	1419.0112	1419.0112	1419.0112	133
2018-01-22	1419.0112	1419.0112	1419.0112	1419.0112	
2018-01-22	1419.0112	1419.0112	1419.0112	1419.0112	669
					0
					0
					0
					0
					0
					0
					0
					0
					0
					0
					0
					0
					0
					0
					0
					0
					0
					0
					0
					0
					0
2018-02-22	1419.0112	1419.0112	1419.0112	1419.0112	133
2018-02-22	1419.0112	1419.0112	1419.0112	1419.0112	
					0
					0
					0
					0
					0
					0
					0
2018-03-06	1415.27696	1415.27696	1415.27696	1415.27696	
2018-03-06	1415.27696	1415.27696	1415.27696	1415.27696	669
					0
					0
					0
					0
					0
					0
2018-03-15	1415.27696	1415.27696	1415.27696	1415.27696	535
2018-03-15	1415.27696	1415.27696	1415.27696	1415.27696	
					0
					0
					0
					0
					0
					0
					0
					0
					0
					0
2018-04-02	1411.54272	1411.54272	1411.54272	1411.54272	
2018-04-02	1411.54272	1411.54272	1411.54272	1411.54272	133
					0
					0
					0
					0
					0
					0
					0
					0
					0
					0
					0
2018-04-18	1404.07424	1404.07424	1404.07424	1404.07424	
2018-04-18	1404.07424	1404.07424	1404.07424	1404.07424	535
					0
					0
2018-04-23	1404.07424	1404.07424	1404.07424	1404.07424	
2018-04-23	1404.07424	1404.07424	1404.07424	1404.07424	669
					0
					0
					0
					0
					0
					0
					0
					0
					0
					0
					0
2018-05-11	1351.79488	1351.79488	1351.79488	1351.79488	133
2018-05-11	1351.79488	1351.79488	1351.79488	1351.79488	
					0
					0
					0
					0
2018-05-18	1325.6552	1325.6552	1325.6552	1325.6552	267
2018-05-18	1325.6552	1325.6552	1325.6552	1325.6552	
					0
					0
					0
					0
					0
					0
2018-05-30	1325.6552	1325.6552	1325.6552	1325.6552	133
2018-05-30	1325.6552	1325.6552	1325.6552	1325.6552	
					0
					0
					0
					0
					0
					0
					0
					0
					0
2018-06-22	1344.3264	1344.3264	1344.3264	1344.3264	
2018-06-22	1344.3264	1344.3264	1344.3264	1344.3264	7364
					0
					0
					0
					0
					0
					0
					0
					0
					0
					0
					0
					0
					0
					0
					0
					0
					0
					0
					0
					0
					0
					0
					0
					0
					0
2018-07-30	1344.3264	1344.3264	1344.3264	1344.3264	
2018-07-30	1344.3264	1344.3264	1344.3264	1344.3264	133
					0
2018-08-01	1336.85792	1336.85792	1336.85792	1336.85792	133
2018-08-01	1336.85792	1336.85792	1336.85792	1336.85792	
					0
					0
					0
					0
					0
					0
					0
					0
					0
					0
					0
					0
					0
					0
					0
2018-08-27	1336.85792	1336.85792	1336.85792	1336.85792	133
2018-08-28	1336.85792	1336.85792	1336.85792	1336.85792	
2018-08-28	1336.85792	1336.85792	1336.85792	1336.85792	2677
					0
					0
2018-08-31	1336.85792	1336.85792	1336.85792	1336.85792	
2018-08-31	1336.85792	1336.85792	1336.85792	1336.85792	267
					0
					0
					0
					0
					0
2018-09-10	1336.85792	1336.85792	1336.85792	1336.85792	
2018-09-10	1336.85792	1336.85792	1336.85792	1336.85792	133
					0
					0
					0
					0
					0
					0
					0
					0
					0
					0
					0
					0
					0
					0
					0
					0
					0
					0
2018-10-08	1336.85792	1336.85792	1336.85792	1336.85792	
2018-10-08	1336.85792	1336.85792	1336.85792	1336.85792	133
					0
					0
					0
					0
					0
					0
					0
					0
					0
					0
					0
					0
					0
					0
					0
					0
					0
					0
					0
					0
					0
					0
					0
					0
					0
					0
					0
					0
					0
					0
					0
					0
					0
					0
					0
					0
					0
					0
					0
					0
					0
					0
					0
					0
					0
					0
					0
					0
					0
					0
					0
					0
					0
					0
					0
					0
2019-01-02	1336.85792	1329.38944	1336.85792	1329.38944	267
2019-01-02	1336.85792	1329.38944	1336.85792	1329.38944	
					0
					0
2019-01-07	1336.85792	1336.85792	1336.85792	1336.85792	133
2019-01-07	1336.85792	1336.85792	1336.85792	1336.85792	
					0
					0
					0
2019-01-11	1336.85792	1336.85792	1336.85792	1336.85792	133
2019-01-11	1336.85792	1336.85792	1336.85792	1336.85792	
					0
					0
					0
					0
					0
					0
					0
					0
					0
					0
					0
					0
					0
					0
					0
					0
2019-02-06	1336.85792	1336.85792	1336.85792	1336.85792	
2019-02-06	1336.85792	1336.85792	1336.85792	1336.85792	133
					0
					0
					0
					0
					0
					0
					0
					0
					0
					0
					0
					0
					0
					0
					0
					0
					0
					0
					0
					0
					0
2019-03-11	1336.85792	1336.85792	1336.85792	1336.85792	
2019-03-11	1336.85792	1336.85792	1336.85792	1336.85792	133
					0
					0
					0
					0
					0
					0
					0
					0
					0
					0
					0
					0
					0
					0
2019-04-01	1336.85792	1336.85792	1336.85792	1336.85792	133
2019-04-01	1336.85792	1336.85792	1336.85792	1336.85792	
					0
					0
					0
					0
					0
					0
					0
					0
					0
					0
					0
					0
					0
					0
					0
					0
					0
					0
					0
					0
					0
					0
					0
					0
					0
					0
					0
					0
					0
					0
					0
					0
					0
					0
					0
					0
					0
					0
2019-05-31	1336.85792	1336.85792	1336.85792	1336.85792	
2019-05-31	1336.85792	1336.85792	1336.85792	1336.85792	133
					0
					0
					0
					0
					0
					0
					0
					0
					0
					0
					0
					0
					0
					0
					0
					0
					0
					0
					0
					0
					0
					0
					0
					0
					0
					0
					0
					0
					0
					0
					0
					0
					0
					0
					0
					0
					0
					0
2019-08-01	1329.38944	1329.38944	1329.38944	1329.38944	
2019-08-01	1329.38944	1329.38944	1329.38944	1329.38944	267
					0
					0
					0
					0
					0
					0
					0
					0
					0
					0
					0
					0
					0
					0
					0
2019-08-23	1355.52912	1355.52912	1355.52912	1355.52912	15398
2019-08-23	1355.52912	1355.52912	1355.52912	1355.52912	
					0
					0
					0
2019-08-29	1019.44752	1019.44752	1090.39808	1090.39808	401
2019-08-29	1019.44752	1019.44752	1090.39808	1090.39808	
					0
2019-09-02	1090.39808	1090.39808	1090.39808	1090.39808	
2019-09-02	1090.39808	1090.39808	1090.39808	1090.39808	267
					0
					0
2019-09-05	1362.9976	1321.92096	1362.9976	1336.85792	4418
2019-09-05	1362.9976	1321.92096	1362.9976	1336.85792	
					0
					0
2019-09-10	1329.38944	1329.38944	1336.85792	1336.85792	267
2019-09-11	1344.3264	1299.51552	1344.3264	1299.51552	803
2019-09-12	1306.984	1299.51552	1306.984	1299.51552	535
2019-09-12	1306.984	1299.51552	1306.984	1299.51552	
					0
2019-09-16	974.63664	974.63664	1082.9296	1045.5872	
2019-09-16	974.63664	974.63664	1082.9296	1045.5872	803
					0
					0
					0
					0
					0
					0
					0
					0
					0
					0
					0
2019-10-02	1045.5872	1030.65024	1045.5872	1045.5872	535
2019-10-03	787.92464	787.92464	1306.984	1250.9704	10309
2019-10-04	1306.984	1157.6144	1306.984	1157.6144	803
2019-10-07	1202.42528	1202.42528	1202.42528	1202.42528	133
2019-10-08	1209.89376	1202.42528	1306.984	1202.42528	
2019-10-08	1209.89376	1202.42528	1306.984	1202.42528	669
					0
					0
					0
					0
2019-10-15	933.56	911.15456	1194.9568	1183.75408	
2019-10-15	933.56	911.15456	1194.9568	1183.75408	7498
					0
					0
					0
2019-10-21	1180.01984	1180.01984	1180.01984	1180.01984	133
2019-10-22	1176.2856	1176.2856	1176.2856	1176.2856	133
2019-10-22	1176.2856	1176.2856	1176.2856	1176.2856	
					0
					0
2019-10-25	933.56	933.56	933.56	933.56	803
2019-10-28	933.56	933.56	933.56	933.56	1606
2019-10-29	937.29424	937.29424	937.29424	937.29424	133
2019-10-29	937.29424	937.29424	937.29424	937.29424	
					0
2019-10-31	937.29424	937.29424	937.29424	937.29424	401
2019-10-31	937.29424	937.29424	937.29424	937.29424	
					0
					0
					0
2019-11-06	720.70832	716.97408	1105.33504	1060.52416	7498
2019-11-07	1056.78992	821.5328	1250.9704	1250.9704	15665
2019-11-08	1250.9704	1250.9704	1250.9704	1250.9704	133
2019-11-11	941.02848	941.02848	970.9024	941.02848	2276
2019-11-12	881.28064	709.5056	1157.6144	1008.2448	7899
2019-11-13	758.05072	758.05072	758.05072	758.05072	133
2019-11-14	761.78496	761.78496	911.15456	888.74912	2276
2019-11-15	888.74912	731.91104	888.74912	769.25344	6560
2019-11-18	739.37952	739.37952	743.11376	739.37952	3615
2019-11-19	739.37952	575.07296	739.37952	575.07296	
2019-11-19	739.37952	575.07296	739.37952	575.07296	1606
					0
					0
2019-11-22	582.54144	582.54144	582.54144	582.54144	
2019-11-22	582.54144	582.54144	582.54144	582.54144	133
					0
					0
2019-11-27	590.00992	440.64032	724.44256	724.44256	17540
2019-11-28	746.848	548.93328	746.848	548.93328	
2019-11-28	746.848	548.93328	746.848	548.93328	2142
					0
					0
2019-12-03	418.23488	418.23488	418.23488	418.23488	
2019-12-03	418.23488	418.23488	418.23488	418.23488	133
					0
					0
					0
					0
2019-12-10	425.70336	410.7664	522.7936	522.7936	27850
2019-12-11	649.75776	616.1496	649.75776	642.28928	1874
2019-12-12	802.8616	776.72192	802.8616	776.72192	267
2019-12-13	776.72192	776.72192	967.16816	802.8616	1740
2019-12-16	802.8616	776.72192	997.04208	877.5464	3749
2019-12-16	802.8616	776.72192	997.04208	877.5464	
					0
					0
					0
					0
					0
					0
					0
2019-12-30	731.91104	731.91104	731.91104	731.91104	
2019-12-30	731.91104	731.91104	731.91104	731.91104	4954
					0
					0
					0
2020-01-07	556.40176	556.40176	556.40176	556.40176	133
2020-01-08	560.136	560.136	563.87024	563.87024	2276
2020-01-09	698.30288	567.60448	698.30288	567.60448	4820
2020-01-10	560.136	560.136	560.136	560.136	133
2020-01-10	560.136	560.136	560.136	560.136	
					0
2020-01-14	560.136	560.136	560.136	560.136	1205
2020-01-14	560.136	560.136	560.136	560.136	
					0
2020-01-16	429.4376	429.4376	448.1088	448.1088	1472
2020-01-17	560.136	560.136	560.136	560.136	133
2020-01-17	560.136	560.136	560.136	560.136	
					0
					0
					0
2020-01-23	560.136	560.136	698.30288	694.56864	3347
2020-01-24	862.60944	817.79856	862.60944	821.5328	1205
2020-01-27	616.1496	616.1496	810.33008	616.1496	5757
2020-01-27	616.1496	616.1496	810.33008	616.1496	
					0
					0
					0
					0
					0
2020-02-04	616.1496	616.1496	616.1496	616.1496	
2020-02-04	616.1496	616.1496	616.1496	616.1496	803
					0
					0
					0
					0
2020-02-11	567.60448	567.60448	567.60448	567.60448	
2020-02-11	567.60448	567.60448	567.60448	567.60448	133
					0
2020-02-13	567.60448	567.60448	567.60448	567.60448	535
2020-02-14	563.87024	563.87024	563.87024	563.87024	
2020-02-14	563.87024	563.87024	563.87024	563.87024	133
					0
					0
					0
					0
					0
					0
					0
					0
					0
					0
					0
2020-03-03	433.17184	433.17184	433.17184	433.17184	
2020-03-03	433.17184	433.17184	433.17184	433.17184	133
					0
					0
					0
2020-03-09	448.1088	448.1088	448.1088	448.1088	133
2020-03-09	448.1088	448.1088	448.1088	448.1088	
					0
					0
2020-03-12	455.57728	455.57728	455.57728	455.57728	1338
2020-03-12	455.57728	455.57728	455.57728	455.57728	
					0
					0
2020-03-17	429.4376	425.70336	429.4376	425.70336	
2020-03-17	429.4376	425.70336	429.4376	425.70336	267
					0
2020-03-19	403.29792	403.29792	403.29792	403.29792	133
2020-03-20	380.89248	377.15824	380.89248	377.15824	267
2020-03-23	352.512256	352.512256	352.512256	352.512256	133
2020-03-24	330.106816	328.61312	330.106816	328.61312	267
2020-03-26	307.701376	307.701376	307.701376	307.701376	133
2020-03-27	286.789632	286.789632	286.789632	286.789632	267
2020-03-30	268.86528	268.86528	268.86528	268.86528	133
2020-03-31	253.92832	252.434624	253.92832	252.434624	
2020-03-31	253.92832	252.434624	253.92832	252.434624	267
					0
					0
					0
					0
					0
					0
					0
					0
					0
					0
					0
					0
					0
					0
					0
					0
					0
					0
					0
					0
					0
					0
					0
					0
					0
2020-05-11	253.92832	253.92832	253.92832	253.92832	
2020-05-11	253.92832	253.92832	253.92832	253.92832	133
					0
					0
					0
					0
					0
					0
					0
					0
					0
					0
2020-05-29	252.434624	252.434624	252.434624	252.434624	133
2020-05-29	252.434624	252.434624	252.434624	252.434624	
					0
					0
					0
					0
					0
					0
					0
					0
					0
					0
					0
					0
					0
					0
					0
					0
					0
					0
2020-06-26	236.003968	236.003968	236.003968	236.003968	
2020-06-26	236.003968	236.003968	236.003968	236.003968	133
					0
					0
					0
					0
					0
					0
					0
					0
					0
					0
					0
					0
					0
					0
					0
					0
					0
					0
					0
					0
					0
					0
					0
					0
					0
					0
					0
					0
					0
					0
					0
					0
					0
					0
					0
					0
					0
2020-08-25	236.003968	236.003968	236.003968	236.003968	3882
2020-08-25	236.003968	236.003968	236.003968	236.003968	
					0
					0
					0
					0
					0
					0
					0
					0
					0
					0
					0
					0
					0
					0
					0
					0
					0
					0
					0
					0
					0
					0
					0
2020-09-28	236.003968	236.003968	236.003968	236.003968	
2020-09-28	236.003968	236.003968	236.003968	236.003968	1338
					0
					0
					0
					0
					0
					0
					0
					0
					0
					0
					0
					0
2020-10-15	219.573312	219.573312	219.573312	219.573312	
2020-10-15	219.573312	219.573312	219.573312	219.573312	133
					0
					0
					0
					0
					0
					0
					0
2020-10-27	238.99136	238.99136	253.92832	253.92832	
2020-10-27	238.99136	238.99136	253.92832	253.92832	267
					0
					0
					0
					0
2020-11-06	240.485056	240.485056	240.485056	240.485056	133
2020-11-06	240.485056	240.485056	240.485056	240.485056	
					0
					0
					0
					0
					0
					0
					0
					0
					0
					0
					0
					0
					0
					0
					0
					0
					0
2020-12-02	241.978752	241.978752	241.978752	241.978752	
2020-12-02	241.978752	241.978752	241.978752	241.978752	14192
					0
					0
					0
2020-12-08	243.472448	243.472448	243.472448	243.472448	133
2020-12-10	303.220288	240.485056	303.220288	244.966144	4686
2020-12-10	303.220288	240.485056	303.220288	244.966144	
					0
2020-12-14	246.45984	246.45984	246.45984	246.45984	2544
2020-12-14	246.45984	246.45984	246.45984	246.45984	
					0
					0
					0
					0
2020-12-21	240.485056	240.485056	241.978752	241.978752	
2020-12-21	240.485056	240.485056	241.978752	241.978752	267
					0
					0
					0
					0
					0
					0
2021-01-05	301.726592	243.472448	301.726592	243.472448	5221
2021-01-06	243.472448	243.472448	243.472448	243.472448	669
2021-01-07	244.966144	244.966144	244.966144	244.966144	
2021-01-07	244.966144	244.966144	244.966144	244.966144	1338
					0
2021-01-11	228.535488	228.535488	231.52288	231.52288	535
2021-01-12	238.99136	238.99136	238.99136	238.99136	1338
2021-01-13	237.497664	237.497664	237.497664	237.497664	133
2021-01-13	237.497664	237.497664	237.497664	237.497664	
					0
2021-01-15	237.497664	237.497664	237.497664	237.497664	133
2021-01-18	238.99136	238.99136	238.99136	238.99136	133
2021-01-19	238.99136	238.99136	238.99136	238.99136	133
2021-01-20	238.99136	238.99136	238.99136	238.99136	133
2021-01-21	244.966144	244.966144	244.966144	244.966144	
2021-01-21	244.966144	244.966144	244.966144	244.966144	133
					0
					0
					0
					0
					0
2021-01-29	246.45984	246.45984	246.45984	246.45984	133
2021-02-01	240.485056	240.485056	240.485056	240.485056	133
2021-02-02	240.485056	240.485056	247.953536	247.953536	13523
2021-02-02	240.485056	240.485056	247.953536	247.953536	
					0
2021-02-04	240.485056	240.485056	240.485056	240.485056	133
2021-02-04	240.485056	240.485056	240.485056	240.485056	
					0
					0
					0
2021-02-10	249.447232	249.447232	249.447232	249.447232	133
2021-02-10	249.447232	249.447232	249.447232	249.447232	
					0
					0
					0
					0
					0
					0
					0
					0
					0
					0
					0
					0
					0
					0
					0
					0
					0
					0
					0
2021-03-12	310.688768	252.434624	310.688768	253.92832	8167
2021-03-15	240.485056	240.485056	240.485056	240.485056	133
2021-03-15	240.485056	240.485056	240.485056	240.485056	
					0
					0
					0
					0
					0
					0
					0
					0
					0
					0
					0
					0
					0
2021-04-05	243.472448	243.472448	298.7392	298.7392	267
2021-04-06	298.7392	283.80224	373.424	313.67616	6293
2021-04-07	298.7392	298.7392	392.0952	392.0952	8033
2021-04-08	407.03216	407.03216	489.18544	489.18544	937
2021-04-09	515.32512	515.32512	608.68112	608.68112	1606
2021-04-09	515.32512	515.32512	608.68112	608.68112	
					0
2021-04-13	567.60448	567.60448	582.54144	571.33872	1606
2021-04-14	571.33872	571.33872	713.23984	713.23984	
2021-04-14	571.33872	571.33872	713.23984	713.23984	9640
					0
					0
					0
					0
					0
					0
					0
					0
					0
					0
					0
2021-04-30	713.23984	713.23984	713.23984	713.23984	133
2021-05-03	675.89744	664.69472	888.74912	672.1632	30126
2021-05-04	672.1632	634.8208	840.204	672.1632	35884
2021-05-05	634.8208	634.8208	836.46976	642.28928	5088
2021-05-06	649.75776	601.21264	657.22624	608.68112	1472
2021-05-07	567.60448	567.60448	612.41536	612.41536	1071
2021-05-10	612.41536	571.33872	746.848	627.35232	15933
2021-05-11	590.00992	590.00992	784.1904	649.75776	10711
2021-05-17	649.75776	627.35232	810.33008	810.33008	37356
2021-05-18	821.5328	821.5328	1011.97904	1011.97904	418559
2021-05-19	1030.65024	1030.65024	1243.50192	1030.65024	613779
2021-05-20	1045.5872	959.69968	1142.67744	959.69968	170047
2021-05-21	959.69968	896.2176	959.69968	896.2176	21289
2021-05-24	896.2176	836.46976	896.2176	836.46976	6828
2021-05-25	802.8616	780.45616	1000.77632	926.09152	66412
2021-05-27	926.09152	866.34368	926.09152	866.34368	8703
2021-05-28	866.34368	806.59584	866.34368	806.59584	3079
2021-05-31	806.59584	750.58224	963.43392	754.31648	19281
2021-06-02	709.5056	702.03712	814.06432	776.72192	8837
2021-06-03	814.06432	724.44256	955.96544	769.25344	29189
2021-06-04	769.25344	724.44256	769.25344	724.44256	6293
2021-06-07	750.58224	750.58224	851.40672	817.79856	32536
2021-06-08	855.14096	851.40672	858.8752	855.14096	7096
2021-06-09	855.14096	795.39312	855.14096	795.39312	6560
2021-06-10	784.1904	746.848	933.56	746.848	17674
2021-06-11	746.848	746.848	858.8752	780.45616	4820
2021-06-14	750.58224	728.1768	750.58224	731.91104	3615
2021-06-15	724.44256	724.44256	866.34368	806.59584	18745
2021-06-16	784.1904	754.31648	784.1904	754.31648	12452
2021-06-17	724.44256	724.44256	829.00128	724.44256	8837
2021-06-18	724.44256	716.97408	724.44256	724.44256	9238
2021-06-21	724.44256	716.97408	724.44256	716.97408	10577
2021-06-22	716.97408	668.42896	784.1904	772.98768	26779
2021-06-23	772.98768	720.70832	877.5464	784.1904	16737
2021-06-24	821.5328	731.91104	821.5328	731.91104	2945
2021-06-25	694.56864	694.56864	731.91104	694.56864	11247
2021-06-28	694.56864	672.1632	851.40672	821.5328	24904
2021-06-29	784.1904	765.5192	821.5328	765.5192	9908
2021-06-30	765.5192	765.5192	765.5192	765.5192	133
2021-07-01	761.78496	713.23984	761.78496	713.23984	2276
2021-07-02	672.1632	664.69472	821.5328	713.23984	342104
2021-07-05	679.63168	664.69472	724.44256	664.69472	13791
2021-07-06	634.8208	634.8208	702.03712	683.36592	15531
2021-07-07	638.55504	638.55504	672.1632	664.69472	3615
2021-07-08	649.75776	619.88384	675.89744	619.88384	8033
2021-07-09	631.08656	582.54144	634.8208	582.54144	2544
2021-07-12	586.27568	545.19904	586.27568	545.19904	6962
2021-07-13	530.26208	507.85664	533.99632	533.99632	3882
2021-07-14	533.99632	533.99632	533.99632	533.99632	133
2021-07-15	507.85664	507.85664	507.85664	507.85664	2008
2021-07-16	504.1224	492.91968	504.1224	492.91968	1071
2021-07-19	492.91968	492.91968	492.91968	492.91968	1338
2021-07-21	492.91968	459.31152	616.1496	459.31152	34679
2021-07-22	451.84304	440.64032	451.84304	448.1088	8703
2021-07-23	448.1088	448.1088	485.4512	448.1088	10711
2021-07-26	463.04576	463.04576	560.136	500.38816	8435
2021-07-27	522.7936	522.7936	623.61808	623.61808	59583
2021-07-28	634.8208	634.8208	776.72192	776.72192	173127
2021-07-29	795.39312	784.1904	970.9024	885.01488	337016
2021-07-30	888.74912	825.26704	888.74912	825.26704	32938
2021-08-02	821.5328	769.25344	821.5328	769.25344	11648
2021-08-03	761.78496	716.97408	761.78496	716.97408	27314
2021-08-04	716.97408	668.42896	806.59584	683.36592	31733
2021-08-05	649.75776	649.75776	769.25344	657.22624	38160
2021-08-06	657.22624	634.8208	672.1632	668.42896	14594
2021-08-09	634.8208	634.8208	746.848	668.42896	21423
2021-08-10	627.35232	627.35232	660.96048	660.96048	4016
2021-08-12	660.96048	657.22624	660.96048	660.96048	11113
2021-08-13	623.61808	623.61808	660.96048	660.96048	6293
2021-08-16	634.8208	619.88384	634.8208	619.88384	6025
2021-08-18	660.96048	582.54144	660.96048	657.22624	38294
2021-08-19	743.11376	616.1496	743.11376	616.1496	8971
2021-08-20	578.8072	575.07296	653.492	653.492	37490
2021-08-23	690.8344	608.68112	690.8344	657.22624	26645
2021-08-24	672.1632	616.1496	672.1632	657.22624	8435
2021-08-25	664.69472	634.8208	664.69472	634.8208	9104
2021-08-26	634.8208	634.8208	634.8208	634.8208	7632
2021-08-27	593.74416	593.74416	597.4784	597.4784	1740
2021-08-30	560.136	560.136	608.68112	608.68112	669
2021-08-31	657.22624	571.33872	657.22624	657.22624	3213
2021-09-01	694.56864	672.1632	694.56864	672.1632	2811
2021-09-01	694.56864	672.1632	694.56864	672.1632	
					0
					0
					0
2021-09-07	664.69472	664.69472	664.69472	664.69472	
2021-09-07	664.69472	664.69472	664.69472	664.69472	133
					0
2021-09-09	649.75776	634.8208	649.75776	646.02352	7765
2021-09-10	627.35232	601.21264	627.35232	604.94688	2410
2021-09-13	601.21264	567.60448	657.22624	653.492	5221
2021-09-14	690.8344	642.28928	690.8344	642.28928	16335
2021-09-15	616.1496	616.1496	616.1496	616.1496	133
2021-09-16	616.1496	582.54144	672.1632	657.22624	6293
2021-09-17	694.56864	653.492	694.56864	657.22624	14996
2021-09-20	619.88384	619.88384	619.88384	619.88384	937
2021-09-21	586.27568	586.27568	586.27568	586.27568	133
2021-09-22	586.27568	586.27568	679.63168	646.02352	64136
2021-09-23	698.30288	698.30288	698.30288	698.30288	
2021-09-23	698.30288	698.30288	698.30288	698.30288	133
					0
2021-09-27	694.56864	649.75776	694.56864	649.75776	
2021-09-27	694.56864	649.75776	694.56864	649.75776	151570
					0
					0
2021-09-30	649.75776	649.75776	649.75776	649.75776	133
2021-10-01	810.33008	608.68112	810.33008	608.68112	1606
2021-10-04	601.21264	601.21264	608.68112	608.68112	401
2021-10-05	608.68112	601.21264	705.77136	683.36592	9506
2021-10-05	608.68112	601.21264	705.77136	683.36592	
					0
2021-10-07	638.55504	638.55504	638.55504	638.55504	4552
2021-10-08	597.4784	597.4784	604.94688	604.94688	937
2021-10-11	604.94688	604.94688	668.42896	657.22624	3749
2021-10-11	604.94688	604.94688	668.42896	657.22624	
					0
					0
2021-10-14	634.8208	631.08656	821.5328	731.91104	34545
2021-10-15	702.03712	683.36592	702.03712	683.36592	3882
2021-10-18	746.848	646.02352	746.848	679.63168	3213
2021-10-19	679.63168	634.8208	679.63168	668.42896	3882
2021-10-21	724.44256	627.35232	724.44256	627.35232	12184
2021-10-22	627.35232	604.94688	660.96048	646.02352	5355
2021-10-25	642.28928	642.28928	739.37952	642.28928	9104
2021-10-26	601.21264	601.21264	664.69472	664.69472	1472
2021-10-27	638.55504	638.55504	660.96048	638.55504	2008
2021-10-28	612.41536	612.41536	616.1496	616.1496	669
2021-10-29	616.1496	616.1496	664.69472	653.492	5221
2021-11-01	690.8344	619.88384	690.8344	619.88384	7899
2021-11-02	619.88384	619.88384	657.22624	627.35232	12586
2021-11-03	590.00992	590.00992	649.75776	608.68112	2008
2021-11-04	631.08656	601.21264	739.37952	619.88384	39633
2021-11-05	619.88384	586.27568	694.56864	642.28928	55299
2021-11-08	664.69472	612.41536	664.69472	642.28928	21021
2021-11-09	664.69472	597.4784	664.69472	597.4784	19147
2021-11-10	597.4784	597.4784	649.75776	597.4784	4150
2021-11-11	619.88384	619.88384	619.88384	619.88384	133
2021-11-12	578.8072	578.8072	612.41536	604.94688	669
2021-11-15	604.94688	604.94688	638.55504	631.08656	6828
2021-11-16	593.74416	593.74416	642.28928	597.4784	21021
2021-11-17	616.1496	593.74416	619.88384	593.74416	937
2021-11-17	616.1496	593.74416	619.88384	593.74416	
					0
2021-11-19	616.1496	616.1496	616.1496	616.1496	267
2021-11-22	616.1496	575.07296	649.75776	608.68112	19682
2021-11-23	571.33872	571.33872	601.21264	582.54144	2008
2021-11-24	578.8072	560.136	578.8072	575.07296	1740
2021-11-25	608.68112	578.8072	616.1496	582.54144	8301
2021-11-26	563.87024	563.87024	601.21264	601.21264	267
2021-11-29	567.60448	567.60448	578.8072	575.07296	1740
2021-11-30	582.54144	582.54144	612.41536	612.41536	5221
2021-12-01	642.28928	627.35232	642.28928	627.35232	267
2021-12-02	634.8208	590.00992	780.45616	664.69472	22494
2021-12-03	664.69472	619.88384	664.69472	653.492	6828
2021-12-06	653.492	653.492	653.492	653.492	
2021-12-06	653.492	653.492	653.492	653.492	133
					0
2021-12-08	646.02352	646.02352	649.75776	649.75776	1338
2021-12-09	642.28928	612.41536	649.75776	612.41536	11381
2021-12-10	582.54144	582.54144	612.41536	612.41536	4016
2021-12-13	586.27568	582.54144	590.00992	590.00992	535
2021-12-14	590.00992	590.00992	590.00992	590.00992	2276
2021-12-15	649.75776	571.33872	649.75776	597.4784	11247
2021-12-16	634.8208	593.74416	634.8208	631.08656	5088
2021-12-17	631.08656	627.35232	631.08656	627.35232	
2021-12-17	631.08656	627.35232	631.08656	627.35232	267
					0
					0
2021-12-22	649.75776	631.08656	649.75776	631.08656	
2021-12-22	649.75776	631.08656	649.75776	631.08656	267
					0
					0
					0
					0
					0
2021-12-30	631.08656	631.08656	631.08656	631.08656	
2021-12-30	631.08656	631.08656	631.08656	631.08656	1606
					0
2022-01-04	627.35232	627.35232	627.35232	627.35232	133
2022-01-05	590.00992	586.27568	593.74416	590.00992	4016
2022-01-06	590.00992	590.00992	649.75776	612.41536	6427
2022-01-07	627.35232	627.35232	627.35232	627.35232	
2022-01-07	627.35232	627.35232	627.35232	627.35232	133
					0
2022-01-11	627.35232	627.35232	627.35232	627.35232	133
2022-01-12	590.00992	586.27568	619.88384	619.88384	
2022-01-12	590.00992	586.27568	619.88384	619.88384	2811
					0
2022-01-14	619.88384	582.54144	653.492	582.54144	6828
2022-01-17	582.54144	582.54144	634.8208	623.61808	5355
2022-01-18	582.54144	582.54144	582.54144	582.54144	9372
2022-01-19	582.54144	560.136	619.88384	560.136	21021
2022-01-20	556.40176	552.66752	604.94688	601.21264	8569
2022-01-21	601.21264	601.21264	634.8208	616.1496	535
2022-01-24	586.27568	582.54144	612.41536	612.41536	1338
2022-01-25	612.41536	608.68112	627.35232	616.1496	2008
2022-01-26	582.54144	582.54144	612.41536	612.41536	2142
2022-01-27	642.28928	612.41536	642.28928	612.41536	267
2022-01-28	582.54144	582.54144	582.54144	582.54144	2945
2022-01-31	582.54144	582.54144	586.27568	586.27568	267
2022-02-02	552.66752	552.66752	552.66752	552.66752	133
2022-02-03	560.136	560.136	586.27568	586.27568	3079
2022-02-04	586.27568	552.66752	604.94688	567.60448	4686
2022-02-07	604.94688	560.136	642.28928	616.1496	1874
2022-02-08	631.08656	575.07296	631.08656	623.61808	669
2022-02-08	631.08656	575.07296	631.08656	623.61808	
					0
2022-02-10	660.96048	582.54144	765.5192	582.54144	9908
2022-02-11	560.136	560.136	578.8072	575.07296	937
2022-02-14	545.19904	545.19904	619.88384	593.74416	5088
2022-02-15	634.8208	619.88384	634.8208	619.88384	267
2022-02-16	634.8208	582.54144	634.8208	590.00992	6025
2022-02-17	552.66752	552.66752	578.8072	578.8072	669
2022-02-18	582.54144	582.54144	582.54144	582.54144	133
2022-02-21	548.93328	548.93328	623.61808	604.94688	2677
2022-02-22	608.68112	567.60448	608.68112	567.60448	267
2022-02-23	567.60448	567.60448	575.07296	575.07296	401
2022-02-24	578.8072	575.07296	612.41536	612.41536	3615
2022-02-25	612.41536	571.33872	612.41536	578.8072	2544
2022-03-01	541.4648	541.4648	604.94688	604.94688	401
2022-03-01	541.4648	541.4648	604.94688	604.94688	
					0
2022-03-04	563.87024	563.87024	563.87024	563.87024	133
2022-03-07	563.87024	563.87024	563.87024	563.87024	133
2022-03-08	530.26208	530.26208	593.74416	593.74416	803
2022-03-09	556.40176	556.40176	593.74416	593.74416	1740
2022-03-09	556.40176	556.40176	593.74416	593.74416	
					0
2022-03-11	634.8208	612.41536	634.8208	612.41536	40570
2022-03-14	612.41536	612.41536	675.89744	616.1496	12184
2022-03-15	616.1496	575.07296	709.5056	698.30288	67215
2022-03-16	649.75776	649.75776	698.30288	687.10016	6159
2022-03-17	705.77136	642.28928	705.77136	642.28928	4820
2022-03-18	672.1632	597.4784	672.1632	597.4784	14594
2022-03-21	597.4784	556.40176	675.89744	593.74416	20486
2022-03-22	619.88384	552.66752	619.88384	582.54144	3079
2022-03-23	597.4784	560.136	597.4784	571.33872	13925
2022-03-24	560.136	560.136	560.136	560.136	5623
2022-03-25	608.68112	530.26208	608.68112	548.93328	11113
2022-03-28	548.93328	522.7936	586.27568	575.07296	13389
2022-03-29	590.00992	537.73056	590.00992	537.73056	4150
2022-03-30	537.73056	537.73056	556.40176	556.40176	1874
2022-03-31	548.93328	533.99632	548.93328	533.99632	267
2022-04-01	537.73056	522.7936	537.73056	526.52784	1071
2022-04-04	526.52784	526.52784	526.52784	526.52784	267
2022-04-05	526.52784	526.52784	526.52784	526.52784	133
2022-04-06	541.4648	541.4648	541.4648	541.4648	133
2022-04-07	526.52784	504.1224	526.52784	504.1224	23297
2022-04-08	504.1224	470.51424	504.1224	485.4512	4150
2022-04-11	485.4512	485.4512	485.4512	485.4512	1338
2022-04-12	578.8072	451.84304	578.8072	485.4512	13523
2022-04-13	459.31152	459.31152	485.4512	481.71696	48604
2022-04-14	519.05936	519.05936	519.05936	519.05936	133
2022-04-18	489.18544	485.4512	522.7936	519.05936	17272
2022-04-19	485.4512	485.4512	515.32512	515.32512	5757
2022-04-20	485.4512	481.71696	560.136	560.136	7498
2022-04-21	530.26208	522.7936	530.26208	522.7936	4686
2022-04-22	489.18544	489.18544	489.18544	489.18544	5757
2022-04-25	474.24848	455.57728	489.18544	455.57728	15398
2022-04-26	448.1088	425.70336	448.1088	425.70336	12184
2022-04-27	403.29792	403.29792	474.24848	451.84304	6159
2022-04-28	451.84304	451.84304	451.84304	451.84304	267
2022-05-09	451.84304	421.96912	463.04576	425.70336	3079
2022-05-10	425.70336	425.70336	519.05936	440.64032	14862
2022-05-11	414.50064	414.50064	436.90608	436.90608	669
2022-05-12	436.90608	410.7664	444.37456	444.37456	4150
2022-05-13	448.1088	414.50064	448.1088	414.50064	1606
2022-05-17	388.36096	388.36096	410.7664	407.03216	1205
2022-05-18	407.03216	403.29792	433.17184	403.29792	3882
2022-05-19	403.29792	403.29792	403.29792	403.29792	1338
2022-05-20	380.89248	380.89248	380.89248	380.89248	133
2022-05-23	380.89248	380.89248	459.31152	399.56368	9372
2022-05-24	399.56368	380.89248	399.56368	384.62672	3481
2022-05-25	380.89248	380.89248	477.98272	477.98272	50478
2022-05-27	492.91968	451.84304	597.4784	463.04576	98815
2022-05-30	440.64032	433.17184	444.37456	433.17184	11916
2022-05-31	433.17184	403.29792	470.51424	407.03216	8703
2022-06-02	407.03216	380.89248	407.03216	384.62672	9640
2022-06-03	380.89248	377.15824	414.50064	377.15824	7230
2022-06-06	377.15824	377.15824	384.62672	384.62672	1071
2022-06-06	377.15824	377.15824	384.62672	384.62672	
					0
2022-06-08	384.62672	384.62672	384.62672	384.62672	1338
2022-06-08	384.62672	384.62672	384.62672	384.62672	
					0
2022-06-10	384.62672	384.62672	384.62672	384.62672	133
2022-06-13	377.15824	377.15824	377.15824	377.15824	2276
2022-06-14	373.424	373.424	373.424	373.424	4284
2022-06-15	377.15824	373.424	377.15824	373.424	535
2022-06-16	365.95552	365.95552	368.942912	368.942912	267
2022-06-17	368.942912	368.942912	368.942912	368.942912	401
2022-06-20	368.942912	365.95552	368.942912	365.95552	2811
2022-06-21	365.95552	365.95552	373.424	373.424	4820
2022-06-22	407.03216	377.15824	407.03216	403.29792	4686
2022-06-23	436.90608	377.15824	436.90608	392.0952	2945
2022-06-24	370.436608	370.436608	370.436608	370.436608	133
2022-06-27	370.436608	370.436608	407.03216	373.424	4686
2022-06-28	373.424	373.424	373.424	373.424	803
2022-06-29	373.424	373.424	373.424	373.424	1071
2022-06-30	373.424	373.424	410.7664	392.0952	2677
2022-07-01	370.436608	370.436608	421.96912	418.23488	6560
2022-07-04	425.70336	410.7664	425.70336	421.96912	6293
2022-07-05	421.96912	395.82944	421.96912	395.82944	401
2022-07-06	433.17184	395.82944	433.17184	395.82944	2142
2022-07-07	384.62672	377.15824	399.56368	399.56368	937
2022-07-08	380.89248	377.15824	436.90608	436.90608	5489
2022-07-11	436.90608	410.7664	436.90608	410.7664	194283
2022-07-12	410.7664	395.82944	448.1088	395.82944	99216
2022-07-13	380.89248	380.89248	384.62672	380.89248	3347
2022-07-14	368.942912	356.993344	380.89248	380.89248	1606
2022-07-15	380.89248	373.424	410.7664	399.56368	4418
2022-07-18	377.15824	377.15824	377.15824	377.15824	669
2022-07-19	373.424	373.424	373.424	373.424	2410
2022-07-20	407.03216	371.930304	407.03216	395.82944	5355
2022-07-21	373.424	368.942912	395.82944	392.0952	2410
2022-07-22	410.7664	410.7664	410.7664	410.7664	133
2022-07-25	388.36096	384.62672	407.03216	403.29792	1071
2022-07-26	395.82944	384.62672	421.96912	399.56368	69358
2022-07-27	414.50064	388.36096	425.70336	403.29792	36821
2022-07-27	414.50064	388.36096	425.70336	403.29792	
					0
2022-07-29	380.89248	380.89248	399.56368	399.56368	535
2022-08-01	418.23488	388.36096	433.17184	410.7664	1472
2022-08-02	436.90608	399.56368	448.1088	444.37456	108991
2022-08-03	444.37456	444.37456	477.98272	448.1088	8301
2022-08-04	425.70336	421.96912	444.37456	440.64032	1740
2022-08-05	425.70336	425.70336	470.51424	463.04576	20218
2022-08-08	444.37456	433.17184	481.71696	436.90608	211689
2022-08-09	436.90608	436.90608	436.90608	436.90608	267
2022-08-09	436.90608	436.90608	436.90608	436.90608	
					0
2022-08-11	418.23488	418.23488	455.57728	448.1088	33340
2022-08-12	425.70336	418.23488	451.84304	418.23488	36419
2022-08-15	440.64032	433.17184	440.64032	433.17184	937
2022-08-16	414.50064	403.29792	451.84304	403.29792	70161
2022-08-18	395.82944	377.15824	429.4376	377.15824	86095
2022-08-19	380.89248	380.89248	410.7664	403.29792	43784
2022-08-22	380.89248	380.89248	380.89248	380.89248	133
2022-08-22	380.89248	380.89248	380.89248	380.89248	
					0
2022-08-24	380.89248	380.89248	414.50064	384.62672	3347
2022-08-25	384.62672	384.62672	410.7664	392.0952	67081
2022-08-26	384.62672	384.62672	414.50064	384.62672	70697
2022-08-29	384.62672	359.980736	418.23488	407.03216	5355
2022-08-30	440.64032	418.23488	440.64032	418.23488	7096
2022-08-31	455.57728	407.03216	455.57728	436.90608	39633
2022-09-01	470.51424	410.7664	470.51424	410.7664	4418
2022-09-02	388.36096	388.36096	425.70336	395.82944	77525
2022-09-05	388.36096	388.36096	388.36096	388.36096	2945
2022-09-06	388.36096	364.461824	388.36096	384.62672	4954
2022-09-07	407.03216	367.449216	410.7664	407.03216	115953
2022-09-08	414.50064	395.82944	414.50064	395.82944	937
2022-09-09	380.89248	380.89248	388.36096	384.62672	1740
2022-09-12	373.424	373.424	403.29792	388.36096	65207
2022-09-13	373.424	364.461824	399.56368	364.461824	69625
2022-09-14	392.0952	358.48704	399.56368	358.48704	33340
2022-09-15	358.48704	358.48704	380.89248	377.15824	6427
2022-09-16	380.89248	356.993344	380.89248	371.930304	4552
2022-09-19	371.930304	362.968128	371.930304	368.942912	2811
2022-09-20	361.474432	359.980736	373.424	368.942912	20218
2022-09-21	367.449216	367.449216	367.449216	367.449216	401
2022-09-22	368.942912	368.942912	380.89248	380.89248	43248
2022-09-23	362.968128	359.980736	380.89248	373.424	129075
2022-09-26	368.942912	361.474432	377.15824	377.15824	
2022-09-26	368.942912	361.474432	377.15824	377.15824	100422
					0
					0
2022-09-29	373.424	373.424	373.424	373.424	133
2022-09-30	361.474432	359.980736	361.474432	359.980736	3615
2022-10-03	380.89248	377.15824	380.89248	377.15824	267
2022-10-04	373.424	358.48704	373.424	370.436608	104438
2022-10-05	362.968128	362.968128	362.968128	362.968128	133
2022-10-06	362.968128	361.474432	395.82944	362.968128	4284
2022-10-07	365.95552	361.474432	377.15824	373.424	144875
2022-10-10	362.968128	362.968128	377.15824	373.424	141795
2022-10-11	362.968128	362.968128	410.7664	410.7664	101761
2022-10-12	410.7664	388.36096	451.84304	425.70336	138582
2022-10-13	455.57728	399.56368	466.78	399.56368	76722
2022-10-14	399.56368	399.56368	436.90608	425.70336	24904
2022-10-17	399.56368	399.56368	444.37456	403.29792	74312
2022-10-18	388.36096	377.15824	436.90608	399.56368	49005
2022-10-19	407.03216	395.82944	429.4376	395.82944	15264
2022-10-20	380.89248	368.942912	429.4376	384.62672	29457
2022-10-21	384.62672	373.424	414.50064	380.89248	2544
2022-10-24	388.36096	373.424	388.36096	380.89248	2945
2022-10-25	380.89248	368.942912	380.89248	377.15824	20218
2022-10-26	380.89248	380.89248	380.89248	380.89248	133
2022-10-27	377.15824	356.993344	377.15824	368.942912	35214
2022-10-28	368.942912	367.449216	384.62672	367.449216	3615
2022-10-31	367.449216	367.449216	370.436608	370.436608	267
2022-11-01	365.95552	358.48704	407.03216	407.03216	52755
2022-11-02	444.37456	444.37456	444.37456	444.37456	9506
2022-11-03	485.4512	485.4512	485.4512	485.4512	9372
2022-11-04	533.99632	533.99632	533.99632	533.99632	87568
2022-11-07	586.27568	586.27568	586.27568	586.27568	160675
2022-11-08	623.61808	623.61808	642.28928	642.28928	85157
2022-11-09	702.03712	702.03712	705.77136	705.77136	73910
2022-11-10	709.5056	705.77136	772.98768	772.98768	35080
2022-11-11	799.12736	799.12736	847.67248	847.67248	47800
2022-11-11	799.12736	799.12736	847.67248	847.67248	
					0
2022-11-15	858.8752	791.65888	858.8752	821.5328	77391
2022-11-16	814.06432	765.5192	858.8752	787.92464	80739
2022-11-17	787.92464	739.37952	802.8616	746.848	14460
2022-11-18	746.848	702.03712	784.1904	776.72192	59851
2022-11-21	772.98768	743.11376	784.1904	743.11376	51282
2022-11-22	743.11376	705.77136	743.11376	735.64528	17004
2022-11-23	735.64528	713.23984	765.5192	761.78496	11515
2022-11-24	761.78496	716.97408	769.25344	731.91104	15665
2022-11-24	761.78496	716.97408	769.25344	731.91104	
					0
2022-11-28	746.848	735.64528	746.848	746.848	2811
2022-11-29	709.5056	709.5056	746.848	746.848	26109
2022-11-30	772.98768	739.37952	933.56	933.56	205664
2022-12-01	955.96544	955.96544	1165.08288	1165.08288	353887
2022-12-01	955.96544	955.96544	1165.08288	1165.08288	
					0
					0
					0
					0
					0
					0
2022-12-12	1090.39808	1086.66384	1254.70464	1243.50192	220526
2022-12-13	1243.50192	1157.6144	1366.73184	1239.76768	101493
2022-12-14	1329.38944	1239.76768	1329.38944	1258.43888	4150
2022-12-15	1221.09648	1172.55136	1254.70464	1172.55136	51148
2022-12-16	1172.55136	1094.13232	1172.55136	1094.13232	1205
2022-12-19	1019.44752	1019.44752	1194.9568	1019.44752	112606
2022-12-20	948.49696	948.49696	1004.51056	948.49696	24369
2022-12-21	888.74912	885.01488	1023.18176	892.48336	11381
2022-12-22	896.2176	896.2176	896.2176	896.2176	133
2022-12-23	896.2176	892.48336	985.83936	985.83936	40168
2022-12-26	1010.0	1010.0	1080.0	1080.0	34200
2022-12-27	1145.0	1005.0	1155.0	1005.0	82500
2022-12-28	1055.0	935.0	1055.0	935.0	6800
2022-12-29	935.0	870.0	935.0	870.0	9600
2022-12-30	810.0	810.0	810.0	810.0	9300
