Date	Price Open	Price Low	Price High	Price Close	Volume
1999-12-29	174.189705324	166.087858565	174.189705324	166.087858565	
					0
					0
					0
					0
					0
					0
					0
					0
					0
					0
					0
					0
					0
2000-01-25	170.138781944	170.138781944	170.138781944	170.138781944	
2000-01-25	170.138781944	170.138781944	170.138781944	170.138781944	3085
					0
					0
					0
2000-01-31	166.087858565	166.087858565	166.087858565	166.087858565	27771
2000-01-31	166.087858565	166.087858565	166.087858565	166.087858565	
					0
					0
2000-02-03	166.087858565	166.087858565	166.087858565	166.087858565	6171
2000-02-04	166.087858565	166.087858565	166.087858565	166.087858565	15428
2000-02-04	166.087858565	166.087858565	166.087858565	166.087858565	
					0
					0
					0
					0
					0
					0
					0
					0
					0
					0
					0
2000-02-22	166.087858565	166.087858565	166.087858565	166.087858565	15428
2000-02-22	166.087858565	166.087858565	166.087858565	166.087858565	
					0
					0
					0
					0
					0
					0
					0
					0
					0
					0
					0
					0
					0
					0
2000-03-15	149.884165046	149.884165046	166.087858565	166.087858565	
2000-03-15	149.884165046	149.884165046	166.087858565	166.087858565	24685
					0
2000-03-20	149.884165046	149.884165046	149.884165046	149.884165046	
2000-03-20	149.884165046	149.884165046	149.884165046	149.884165046	3085
					0
					0
					0
					0
					0
					0
					0
2000-03-30	162.036935185	162.036935185	162.036935185	162.036935185	3085
2000-04-03	162.036935185	162.036935185	162.036935185	162.036935185	
2000-04-03	162.036935185	162.036935185	162.036935185	162.036935185	3085
					0
					0
					0
					0
					0
					0
					0
					0
					0
					0
					0
					0
					0
					0
					0
					0
					0
					0
					0
					0
					0
					0
					0
2000-05-10	166.087858565	166.087858565	166.087858565	166.087858565	
2000-05-10	166.087858565	166.087858565	166.087858565	166.087858565	3085
					0
					0
					0
2000-05-16	166.087858565	166.087858565	166.087858565	166.087858565	3085
2000-05-16	166.087858565	166.087858565	166.087858565	166.087858565	
					0
					0
					0
					0
					0
					0
					0
					0
					0
					0
					0
					0
					0
					0
2000-06-08	178.240628704	178.240628704	178.240628704	178.240628704	6171
2000-06-08	178.240628704	178.240628704	178.240628704	178.240628704	
					0
					0
					0
					0
					0
					0
					0
					0
					0
					0
					0
					0
					0
					0
					0
					0
					0
					0
					0
					0
					0
					0
					0
					0
					0
					0
					0
					0
					0
					0
					0
					0
					0
					0
					0
					0
					0
					0
					0
					0
					0
					0
					0
					0
					0
					0
					0
					0
					0
					0
					0
					0
					0
					0
					0
					0
2000-08-30	178.240628704	178.240628704	178.240628704	178.240628704	15428
2000-08-30	178.240628704	178.240628704	178.240628704	178.240628704	
					0
					0
					0
					0
					0
					0
					0
					0
					0
					0
					0
					0
					0
					0
					0
					0
					0
					0
					0
					0
					0
					0
					0
					0
					0
					0
					0
					0
					0
					0
					0
					0
					0
					0
					0
					0
					0
					0
					0
					0
					0
					0
					0
					0
					0
					0
					0
					0
					0
					0
					0
					0
					0
					0
					0
					0
					0
					0
					0
					0
					0
					0
2000-11-28	182.291552083	113.42585463	182.291552083	182.291552083	24685
2000-11-28	182.291552083	113.42585463	182.291552083	182.291552083	
					0
					0
					0
2000-12-04	170.138781944	170.138781944	186.342475463	186.342475463	
2000-12-04	170.138781944	170.138781944	186.342475463	186.342475463	64800
					0
					0
					0
					0
					0
					0
					0
					0
					0
					0
					0
					0
					0
2000-12-22	190.393398843	190.393398843	194.444322222	194.444322222	55542
2000-12-22	190.393398843	190.393398843	194.444322222	194.444322222	
					0
					0
					0
					0
					0
					0
					0
					0
					0
					0
					0
					0
					0
					0
					0
					0
					0
					0
					0
					0
					0
					0
					0
2001-02-02	210.648015741	210.648015741	210.648015741	210.648015741	61714
2001-02-02	210.648015741	210.648015741	210.648015741	210.648015741	
					0
					0
					0
					0
					0
					0
					0
					0
					0
					0
					0
					0
					0
					0
					0
					0
					0
					0
					0
					0
					0
					0
					0
					0
					0
					0
					0
					0
					0
					0
					0
					0
					0
					0
					0
					0
					0
					0
					0
					0
					0
					0
					0
					0
					0
					0
					0
					0
					0
					0
					0
					0
					0
					0
					0
					0
					0
					0
					0
					0
2001-05-03	202.546168982	202.546168982	226.851709259	226.851709259	
2001-05-03	202.546168982	202.546168982	226.851709259	226.851709259	86400
					0
					0
					0
					0
					0
					0
					0
					0
					0
					0
					0
					0
					0
					0
					0
					0
					0
					0
					0
					0
					0
					0
					0
					0
					0
					0
					0
					0
2001-06-18	226.851709259	226.851709259	230.902632639	230.902632639	30857
2001-06-18	226.851709259	226.851709259	230.902632639	230.902632639	
					0
					0
					0
					0
					0
					0
					0
					0
					0
					0
					0
					0
					0
					0
					0
					0
					0
					0
					0
					0
					0
					0
					0
					0
					0
					0
					0
					0
					0
					0
					0
					0
					0
					0
					0
					0
					0
					0
					0
					0
					0
					0
2001-08-16	210.648015741	210.648015741	218.7498625	218.7498625	40114
2001-08-16	210.648015741	210.648015741	218.7498625	218.7498625	
					0
					0
					0
					0
					0
					0
					0
					0
					0
					0
					0
					0
					0
					0
					0
					0
					0
					0
					0
					0
					0
					0
					0
					0
					0
					0
					0
					0
					0
					0
					0
					0
					0
					0
					0
					0
					0
					0
					0
					0
					0
					0
					0
					0
					0
					0
					0
					0
					0
					0
					0
					0
					0
					0
					0
					0
					0
					0
					0
					0
					0
					0
					0
					0
					0
					0
					0
					0
					0
					0
					0
					0
2001-11-29	218.7498625	218.7498625	230.902632639	230.902632639	
2001-11-29	218.7498625	218.7498625	230.902632639	230.902632639	40114
					0
					0
					0
					0
					0
					0
					0
					0
					0
					0
					0
					0
					0
					0
					0
					0
					0
					0
					0
					0
					0
					0
					0
					0
					0
					0
					0
					0
					0
					0
					0
					0
					0
					0
					0
					0
					0
					0
					0
					0
					0
					0
					0
					0
					0
					0
					0
					0
					0
					0
					0
					0
					0
					0
					0
					0
					0
					0
					0
					0
					0
					0
					0
					0
					0
					0
					0
					0
					0
					0
					0
					0
					0
					0
					0
					0
					0
					0
					0
					0
					0
					0
					0
					0
					0
					0
					0
					0
					0
					0
					0
					0
					0
					0
					0
					0
					0
					0
					0
					0
					0
					0
					0
					0
					0
					0
					0
					0
					0
					0
					0
					0
					0
					0
					0
					0
					0
					0
					0
					0
					0
					0
					0
					0
					0
					0
					0
					0
					0
					0
					0
					0
					0
					0
					0
					0
					0
					0
					0
					0
					0
					0
					0
					0
					0
					0
					0
					0
					0
					0
					0
					0
					0
					0
					0
					0
					0
					0
					0
					0
					0
					0
					0
					0
					0
					0
					0
					0
					0
					0
					0
					0
					0
					0
					0
					0
					0
					0
					0
					0
					0
					0
					0
					0
					0
					0
					0
					0
					0
					0
					0
					0
					0
					0
					0
					0
					0
					0
					0
					0
					0
					0
					0
					0
					0
					0
					0
					0
					0
					0
					0
					0
					0
					0
					0
					0
					0
					0
					0
					0
					0
					0
					0
					0
					0
					0
					0
					0
					0
					0
					0
					0
					0
					0
					0
					0
					0
					0
					0
					0
					0
					0
					0
					0
					0
					0
					0
					0
					0
					0
					0
					0
					0
					0
					0
					0
					0
					0
					0
					0
					0
					0
					0
					0
					0
					0
					0
					0
					0
					0
					0
					0
					0
					0
					0
					0
					0
					0
					0
					0
					0
					0
					0
					0
					0
					0
					0
					0
					0
					0
					0
					0
					0
					0
					0
					0
					0
					0
					0
					0
					0
					0
					0
					0
					0
					0
					0
					0
					0
					0
					0
					0
					0
					0
					0
					0
					0
					0
					0
					0
					0
					0
					0
					0
					0
					0
					0
					0
					0
					0
					0
					0
					0
					0
					0
					0
					0
					0
					0
					0
					0
					0
					0
					0
					0
					0
					0
					0
					0
					0
					0
					0
					0
					0
					0
					0
					0
					0
					0
					0
					0
					0
					0
					0
					0
2003-06-06	202.546168982	202.546168982	202.546168982	202.546168982	15428
2003-06-09	194.444322222	194.444322222	194.444322222	194.444322222	
2003-06-09	194.444322222	194.444322222	194.444322222	194.444322222	46285
					0
					0
					0
					0
					0
					0
					0
2003-06-19	162.036935185	162.036935185	162.036935185	162.036935185	123428
2003-06-20	162.036935185	162.036935185	170.138781944	162.036935185	129600
2003-06-20	162.036935185	162.036935185	170.138781944	162.036935185	
					0
					0
					0
					0
					0
					0
					0
					0
					0
					0
					0
					0
					0
					0
					0
					0
					0
					0
					0
					0
					0
					0
					0
					0
					0
					0
					0
					0
					0
					0
					0
					0
					0
					0
					0
					0
					0
					0
					0
					0
					0
					0
					0
					0
					0
					0
					0
					0
					0
					0
					0
					0
					0
					0
					0
					0
					0
					0
					0
					0
					0
					0
					0
					0
					0
					0
					0
					0
					0
					0
					0
					0
					0
					0
					0
					0
					0
					0
					0
					0
					0
2003-10-16	162.036935185	162.036935185	162.036935185	162.036935185	30857
2003-10-16	162.036935185	162.036935185	162.036935185	162.036935185	
					0
					0
					0
					0
					0
					0
					0
					0
					0
					0
					0
					0
					0
					0
					0
2003-11-07	153.935088426	153.935088426	153.935088426	153.935088426	40114
2003-11-07	153.935088426	153.935088426	153.935088426	153.935088426	
					0
					0
					0
					0
					0
					0
					0
					0
					0
					0
					0
					0
					0
					0
					0
					0
					0
					0
					0
					0
					0
					0
					0
					0
					0
					0
					0
					0
					0
					0
					0
					0
					0
					0
					0
					0
					0
					0
					0
					0
					0
					0
					0
					0
					0
					0
					0
					0
					0
					0
					0
					0
					0
					0
					0
					0
					0
					0
					0
					0
					0
					0
					0
					0
					0
					0
					0
					0
					0
					0
					0
					0
					0
					0
					0
					0
					0
					0
					0
					0
					0
					0
					0
					0
					0
					0
					0
					0
					0
					0
					0
					0
					0
					0
					0
					0
					0
					0
					0
					0
					0
					0
					0
					0
					0
					0
					0
					0
					0
					0
					0
					0
					0
					0
					0
					0
					0
					0
					0
					0
					0
					0
					0
					0
					0
					0
					0
					0
					0
					0
					0
					0
					0
					0
					0
					0
					0
					0
					0
					0
					0
					0
					0
					0
					0
					0
					0
					0
2004-06-30	153.935088426	153.935088426	153.935088426	153.935088426	123428
2004-07-01	153.935088426	153.935088426	153.935088426	153.935088426	123428
2004-07-02	153.935088426	153.935088426	153.935088426	153.935088426	89485
2004-07-05	153.935088426	153.935088426	153.935088426	153.935088426	89485
2004-07-06	153.935088426	153.935088426	157.986011806	157.986011806	
2004-07-06	153.935088426	153.935088426	157.986011806	157.986011806	77142
					0
2004-07-08	153.935088426	153.935088426	153.935088426	153.935088426	77142
2004-07-08	153.935088426	153.935088426	153.935088426	153.935088426	
					0
					0
					0
					0
					0
2004-07-16	153.935088426	153.935088426	153.935088426	153.935088426	
2004-07-16	153.935088426	153.935088426	153.935088426	153.935088426	92571
					0
					0
					0
					0
					0
					0
					0
					0
					0
					0
					0
					0
					0
					0
					0
					0
					0
					0
					0
					0
					0
					0
					0
					0
					0
					0
					0
					0
					0
					0
					0
					0
					0
					0
					0
					0
2004-09-08	129.629548148	129.629548148	129.629548148	129.629548148	
2004-09-08	129.629548148	129.629548148	129.629548148	129.629548148	52457
					0
					0
					0
2004-09-15	133.680471528	133.680471528	133.680471528	133.680471528	89485
2004-09-16	129.629548148	129.629548148	133.680471528	133.680471528	92571
2004-09-17	133.680471528	133.680471528	137.731394907	137.731394907	
2004-09-17	133.680471528	133.680471528	137.731394907	137.731394907	77142
					0
					0
2004-09-22	137.731394907	137.731394907	141.782318287	141.782318287	154285
2004-09-23	141.782318287	141.782318287	141.782318287	141.782318287	61714
2004-09-24	141.782318287	141.782318287	149.884165046	149.884165046	274628
2004-09-27	149.884165046	145.833241667	149.884165046	149.884165046	154285
2004-09-28	145.833241667	145.833241667	153.935088426	153.935088426	197485
2004-09-28	145.833241667	145.833241667	153.935088426	153.935088426	
					0
					0
					0
2004-10-04	153.935088426	149.884165046	162.036935185	162.036935185	308571
2004-10-05	162.036935185	162.036935185	162.036935185	162.036935185	
2004-10-05	162.036935185	162.036935185	162.036935185	162.036935185	61714
					0
2004-10-07	153.935088426	153.935088426	153.935088426	153.935088426	
2004-10-07	153.935088426	153.935088426	153.935088426	153.935088426	30857
					0
					0
2004-10-12	166.087858565	166.087858565	178.240628704	174.189705324	1632343
2004-10-13	178.240628704	149.884165046	182.291552083	149.884165046	2758630
2004-10-14	149.884165046	149.884165046	149.884165046	149.884165046	67885
2004-10-14	149.884165046	149.884165046	149.884165046	149.884165046	
					0
					0
					0
					0
					0
					0
					0
					0
					0
					0
					0
					0
					0
					0
					0
					0
					0
					0
					0
					0
					0
2004-11-22	149.884165046	145.833241667	149.884165046	145.833241667	
2004-11-22	149.884165046	145.833241667	149.884165046	145.833241667	77142
					0
					0
					0
					0
2004-11-29	145.833241667	145.833241667	145.833241667	145.833241667	154285
2004-11-30	145.833241667	141.782318287	149.884165046	149.884165046	178971
2004-12-01	145.833241667	145.833241667	153.935088426	153.935088426	
2004-12-01	145.833241667	145.833241667	153.935088426	153.935088426	296228
					0
2004-12-03	149.884165046	145.833241667	149.884165046	145.833241667	92571
2004-12-03	149.884165046	145.833241667	149.884165046	145.833241667	
					0
					0
2004-12-08	145.833241667	145.833241667	145.833241667	145.833241667	
2004-12-08	145.833241667	145.833241667	145.833241667	145.833241667	46285
					0
					0
					0
					0
					0
					0
					0
					0
					0
					0
					0
					0
					0
					0
					0
					0
					0
					0
					0
					0
					0
					0
					0
					0
					0
					0
					0
					0
					0
					0
					0
					0
					0
					0
					0
					0
					0
					0
					0
					0
					0
					0
					0
					0
					0
					0
					0
					0
					0
					0
					0
					0
					0
					0
					0
					0
2005-03-04	106.944377222	106.944377222	106.944377222	106.944377222	
2005-03-04	106.944377222	106.944377222	106.944377222	106.944377222	9257
					0
					0
					0
2005-03-10	108.564746574	108.564746574	113.42585463	113.42585463	
2005-03-10	108.564746574	108.564746574	113.42585463	113.42585463	126514
					0
					0
					0
					0
					0
					0
2005-03-22	113.42585463	113.42585463	113.42585463	113.42585463	
2005-03-22	113.42585463	113.42585463	113.42585463	113.42585463	9257
					0
					0
					0
					0
					0
					0
					0
					0
					0
					0
					0
					0
					0
					0
					0
					0
					0
					0
					0
					0
					0
					0
					0
					0
					0
					0
					0
					0
					0
					0
					0
					0
					0
					0
					0
					0
					0
					0
					0
					0
					0
					0
					0
					0
					0
					0
					0
					0
					0
					0
					0
					0
					0
					0
					0
					0
					0
					0
					0
					0
					0
					0
2005-06-23	116.666593333	116.666593333	116.666593333	116.666593333	6171
2005-06-23	116.666593333	116.666593333	116.666593333	116.666593333	
					0
					0
					0
					0
					0
					0
					0
					0
					0
					0
					0
					0
					0
					0
					0
					0
					0
					0
					0
					0
					0
					0
					0
					0
					0
					0
					0
					0
					0
					0
					0
					0
					0
					0
					0
					0
					0
					0
					0
					0
					0
					0
					0
					0
					0
					0
					0
					0
					0
					0
					0
					0
					0
					0
					0
					0
					0
					0
					0
					0
					0
					0
					0
2005-09-23	115.046223981	115.046223981	115.046223981	115.046223981	
2005-09-23	115.046223981	115.046223981	115.046223981	115.046223981	129600
					0
					0
					0
					0
					0
					0
					0
					0
					0
					0
					0
					0
					0
					0
					0
					0
					0
					0
					0
					0
					0
					0
					0
					0
					0
					0
					0
					0
					0
					0
					0
					0
					0
					0
					0
					0
					0
					0
					0
					0
					0
					0
					0
					0
					0
					0
					0
					0
					0
					0
					0
					0
					0
					0
					0
					0
					0
					0
					0
					0
					0
					0
					0
					0
					0
					0
					0
					0
					0
					0
					0
					0
					0
					0
					0
					0
					0
					0
					0
					0
					0
					0
					0
					0
					0
					0
					0
					0
					0
					0
					0
					0
					0
					0
					0
					0
					0
					0
					0
					0
					0
					0
					0
					0
					0
					0
					0
					0
					0
					0
					0
					0
					0
					0
					0
					0
					0
					0
					0
					0
					0
					0
					0
					0
					0
					0
					0
					0
					0
					0
					0
					0
					0
					0
					0
					0
					0
					0
					0
					0
					0
					0
					0
					0
					0
					0
					0
					0
					0
					0
					0
					0
					0
					0
					0
					0
					0
					0
					0
					0
					0
					0
					0
					0
					0
					0
					0
					0
					0
					0
					0
					0
					0
					0
					0
					0
					0
					0
					0
					0
					0
					0
					0
					0
					0
					0
					0
					0
					0
					0
					0
					0
					0
					0
					0
					0
					0
					0
					0
					0
					0
					0
					0
					0
					0
					0
					0
					0
					0
					0
					0
					0
					0
					0
					0
					0
					0
					0
					0
					0
					0
					0
					0
					0
					0
					0
					0
					0
					0
					0
2006-09-07	113.42585463	113.42585463	113.42585463	113.42585463	33942
2006-09-07	113.42585463	113.42585463	113.42585463	113.42585463	
					0
					0
					0
					0
					0
					0
					0
					0
					0
					0
					0
					0
					0
					0
					0
					0
					0
					0
					0
					0
					0
					0
					0
					0
					0
2006-10-13	115.046223981	115.046223981	115.046223981	115.046223981	
2006-10-13	115.046223981	115.046223981	115.046223981	115.046223981	6171
					0
					0
					0
					0
					0
					0
					0
					0
					0
					0
					0
					0
					0
					0
					0
					0
					0
					0
					0
					0
					0
					0
					0
					0
					0
					0
					0
					0
					0
2006-12-01	113.42585463	113.42585463	113.42585463	113.42585463	1194172
2006-12-01	113.42585463	113.42585463	113.42585463	113.42585463	
					0
					0
					0
2006-12-07	113.42585463	113.42585463	113.42585463	113.42585463	
2006-12-07	113.42585463	113.42585463	113.42585463	113.42585463	3085
					0
					0
					0
					0
					0
					0
					0
					0
					0
					0
					0
					0
					0
					0
					0
					0
					0
					0
					0
					0
					0
					0
					0
					0
					0
					0
					0
					0
					0
					0
					0
					0
					0
					0
					0
					0
					0
					0
					0
					0
					0
					0
					0
					0
					0
					0
					0
					0
					0
					0
					0
					0
					0
					0
					0
					0
					0
					0
					0
					0
					0
					0
					0
					0
					0
					0
					0
					0
					0
					0
					0
					0
					0
					0
					0
					0
2007-03-30	137.731394907	137.731394907	137.731394907	137.731394907	77142
2007-03-30	137.731394907	137.731394907	137.731394907	137.731394907	
					0
2007-04-03	137.731394907	137.731394907	137.731394907	137.731394907	21600
2007-04-03	137.731394907	137.731394907	137.731394907	137.731394907	
					0
					0
					0
					0
					0
					0
					0
					0
					0
					0
					0
					0
					0
					0
					0
					0
					0
					0
					0
					0
					0
					0
					0
					0
					0
					0
					0
					0
					0
					0
					0
					0
					0
					0
					0
					0
					0
					0
					0
					0
					0
					0
					0
					0
					0
					0
					0
					0
					0
					0
					0
					0
					0
					0
2007-06-25	137.731394907	137.731394907	137.731394907	137.731394907	1598401
2007-06-25	137.731394907	137.731394907	137.731394907	137.731394907	
					0
2007-06-27	145.833241667	145.833241667	145.833241667	145.833241667	3085
2007-06-27	145.833241667	145.833241667	145.833241667	145.833241667	
					0
					0
					0
					0
					0
					0
					0
					0
					0
					0
					0
					0
					0
					0
					0
					0
					0
					0
					0
					0
					0
					0
					0
					0
					0
					0
					0
					0
					0
					0
					0
					0
					0
					0
					0
					0
					0
					0
					0
					0
					0
					0
					0
					0
					0
					0
					0
					0
					0
					0
					0
					0
					0
					0
					0
					0
					0
					0
					0
					0
					0
					0
					0
					0
					0
2007-09-28	137.731394907	137.731394907	137.731394907	137.731394907	2317372
2007-09-28	137.731394907	137.731394907	137.731394907	137.731394907	
					0
2007-10-02	140.972133611	140.972133611	140.972133611	140.972133611	
2007-10-02	140.972133611	140.972133611	140.972133611	140.972133611	3085
					0
					0
2007-10-05	145.833241667	145.833241667	145.833241667	145.833241667	
2007-10-05	145.833241667	145.833241667	145.833241667	145.833241667	154285
					0
					0
					0
					0
					0
					0
					0
					0
					0
					0
2007-10-25	121.527701389	121.527701389	121.527701389	121.527701389	
2007-10-25	121.527701389	121.527701389	121.527701389	121.527701389	6171
					0
					0
					0
					0
					0
					0
					0
					0
					0
					0
					0
					0
					0
					0
					0
					0
					0
					0
					0
					0
					0
					0
					0
					0
					0
					0
					0
					0
					0
2007-12-06	145.833241667	145.833241667	145.833241667	145.833241667	151200
2007-12-06	145.833241667	145.833241667	145.833241667	145.833241667	
					0
					0
					0
					0
					0
					0
					0
					0
					0
					0
					0
					0
					0
					0
					0
					0
					0
					0
					0
					0
					0
					0
					0
					0
					0
					0
					0
					0
					0
					0
					0
					0
					0
					0
					0
					0
					0
					0
					0
					0
					0
					0
					0
					0
					0
					0
					0
					0
					0
					0
					0
					0
					0
					0
					0
					0
					0
					0
					0
					0
2008-03-17	134.490656204	134.490656204	134.490656204	134.490656204	6171
2008-03-18	134.490656204	134.490656204	134.490656204	134.490656204	33942
2008-03-18	134.490656204	134.490656204	134.490656204	134.490656204	
					0
					0
					0
					0
					0
					0
					0
					0
					0
					0
					0
					0
					0
					0
					0
					0
					0
					0
					0
					0
					0
					0
					0
					0
					0
					0
					0
					0
					0
					0
					0
					0
					0
					0
					0
					0
					0
					0
					0
					0
					0
					0
					0
					0
					0
					0
					0
					0
					0
					0
					0
					0
					0
					0
					0
					0
					0
					0
					0
					0
					0
					0
					0
					0
					0
					0
					0
					0
					0
					0
					0
					0
					0
					0
					0
					0
					0
					0
					0
					0
					0
					0
					0
					0
					0
					0
					0
					0
					0
					0
					0
					0
					0
					0
					0
					0
					0
					0
					0
					0
					0
					0
					0
					0
					0
					0
					0
					0
					0
					0
					0
					0
					0
					0
					0
					0
					0
					0
					0
					0
					0
					0
					0
					0
					0
					0
					0
					0
					0
					0
					0
					0
					0
					0
					0
					0
					0
					0
					0
					0
					0
					0
					0
					0
					0
					0
					0
					0
					0
					0
					0
					0
					0
					0
					0
					0
					0
					0
					0
					0
					0
					0
					0
					0
					0
					0
					0
					0
					0
					0
					0
					0
					0
					0
					0
					0
2008-12-05	121.527701389	121.527701389	121.527701389	121.527701389	
2008-12-05	121.527701389	121.527701389	121.527701389	121.527701389	376457
					0
					0
					0
					0
					0
					0
					0
					0
					0
					0
					0
					0
					0
					0
					0
					0
					0
					0
					0
					0
					0
					0
					0
					0
					0
					0
					0
					0
					0
					0
					0
					0
					0
					0
					0
					0
					0
					0
					0
					0
					0
					0
					0
					0
					0
					0
					0
					0
					0
					0
					0
					0
					0
					0
					0
					0
					0
					0
					0
					0
					0
					0
					0
					0
					0
					0
					0
					0
					0
					0
					0
					0
					0
					0
					0
					0
					0
					0
					0
					0
					0
					0
					0
					0
					0
					0
					0
					0
					0
					0
					0
					0
					0
					0
					0
					0
					0
					0
					0
					0
					0
					0
					0
					0
					0
					0
					0
					0
					0
					0
					0
					0
					0
					0
					0
					0
					0
					0
					0
					0
					0
					0
					0
					0
					0
					0
					0
					0
					0
					0
					0
					0
					0
					0
					0
					0
					0
					0
					0
					0
					0
					0
					0
					0
					0
					0
					0
					0
					0
					0
					0
					0
					0
					0
					0
					0
					0
					0
					0
					0
					0
					0
					0
					0
					0
					0
					0
					0
					0
					0
					0
					0
					0
					0
					0
					0
					0
					0
					0
					0
					0
					0
					0
					0
					0
					0
					0
					0
					0
					0
					0
					0
					0
					0
					0
					0
					0
					0
					0
					0
					0
					0
					0
					0
					0
					0
					0
					0
					0
					0
					0
					0
					0
					0
					0
					0
					0
					0
					0
					0
					0
					0
					0
					0
					0
					0
					0
					0
					0
					0
					0
					0
					0
					0
					0
					0
					0
					0
					0
					0
					0
					0
					0
					0
					0
					0
					0
					0
					0
					0
					0
2009-12-23	150.694349722	150.694349722	150.694349722	150.694349722	3085
2009-12-23	150.694349722	150.694349722	150.694349722	150.694349722	
					0
					0
					0
					0
					0
					0
					0
					0
					0
					0
					0
					0
					0
					0
					0
					0
					0
					0
					0
					0
					0
					0
					0
					0
					0
					0
					0
2010-02-05	121.527701389	121.527701389	121.527701389	121.527701389	
2010-02-05	121.527701389	121.527701389	121.527701389	121.527701389	3085
					0
					0
					0
					0
					0
					0
					0
					0
					0
					0
					0
					0
					0
					0
					0
					0
					0
					0
					0
					0
					0
					0
					0
					0
					0
					0
					0
					0
					0
					0
					0
					0
					0
					0
					0
					0
					0
					0
					0
					0
					0
					0
					0
					0
					0
					0
					0
					0
					0
					0
					0
					0
					0
					0
					0
					0
					0
					0
					0
					0
					0
					0
					0
					0
					0
					0
					0
					0
					0
					0
					0
					0
					0
					0
					0
					0
					0
					0
					0
					0
					0
					0
					0
					0
					0
					0
					0
					0
					0
					0
					0
					0
					0
					0
					0
					0
					0
					0
					0
					0
					0
					0
					0
					0
					0
					0
					0
					0
					0
					0
					0
					0
					0
					0
					0
					0
					0
					0
					0
					0
					0
					0
					0
					0
					0
					0
					0
					0
					0
					0
					0
					0
					0
					0
					0
					0
					0
					0
					0
					0
					0
					0
					0
					0
					0
					0
					0
					0
					0
					0
					0
					0
					0
					0
					0
					0
					0
					0
					0
					0
					0
					0
					0
					0
					0
					0
					0
					0
					0
					0
					0
					0
					0
					0
					0
					0
					0
					0
					0
					0
					0
					0
					0
					0
					0
					0
					0
					0
					0
					0
					0
					0
					0
					0
					0
2010-11-24	123.148070741	123.148070741	123.148070741	123.148070741	
2010-11-24	123.148070741	123.148070741	123.148070741	123.148070741	6171
					0
					0
					0
					0
					0
					0
					0
					0
					0
					0
					0
2010-12-13	145.833241667	140.972133611	145.833241667	140.972133611	487543
2010-12-13	145.833241667	140.972133611	145.833241667	140.972133611	
					0
					0
					0
					0
					0
					0
					0
					0
					0
2010-12-28	162.036935185	162.036935185	170.138781944	170.138781944	9257
2010-12-29	186.342475463	186.342475463	212.268385093	212.268385093	9257
2010-12-30	251.157249537	251.157249537	264.120204352	264.120204352	27771
2010-12-30	251.157249537	251.157249537	264.120204352	264.120204352	
					0
					0
					0
					0
					0
					0
					0
					0
2011-01-13	307.870176852	307.870176852	328.12479375	307.870176852	
2011-01-13	307.870176852	307.870176852	328.12479375	307.870176852	21600
					0
					0
					0
2011-01-19	372.684950926	372.684950926	384.837721065	384.837721065	12342
2011-01-19	372.684950926	372.684950926	384.837721065	384.837721065	
					0
					0
					0
					0
					0
					0
					0
					0
					0
					0
					0
					0
					0
					0
					0
					0
					0
					0
					0
					0
					0
					0
					0
					0
					0
					0
					0
					0
					0
					0
					0
					0
					0
					0
					0
					0
					0
					0
					0
					0
					0
					0
					0
					0
					0
					0
					0
					0
					0
					0
					0
					0
					0
					0
					0
					0
					0
					0
					0
					0
					0
					0
					0
					0
					0
					0
					0
					0
					0
					0
					0
					0
					0
					0
					0
					0
					0
					0
					0
					0
					0
					0
					0
					0
					0
					0
					0
					0
					0
					0
					0
					0
					0
					0
					0
					0
					0
					0
					0
					0
					0
					0
					0
					0
					0
					0
					0
					0
					0
					0
					0
					0
					0
					0
					0
					0
					0
					0
					0
					0
					0
					0
					0
					0
					0
					0
					0
					0
					0
					0
					0
					0
					0
					0
					0
					0
					0
					0
					0
					0
					0
					0
					0
					0
					0
					0
					0
					0
					0
					0
					0
					0
					0
					0
					0
					0
					0
					0
					0
					0
					0
					0
					0
					0
					0
					0
					0
					0
					0
					0
					0
					0
					0
					0
					0
					0
					0
					0
					0
					0
					0
					0
					0
					0
					0
					0
					0
					0
					0
					0
					0
					0
					0
					0
					0
					0
					0
					0
					0
					0
					0
					0
					0
					0
					0
					0
					0
					0
					0
					0
					0
					0
					0
					0
					0
					0
					0
					0
					0
					0
					0
					0
					0
					0
					0
					0
					0
					0
					0
					0
					0
					0
					0
					0
					0
					0
					0
					0
					0
					0
					0
					0
					0
					0
					0
					0
					0
					0
					0
					0
					0
					0
					0
					0
					0
					0
					0
					0
					0
					0
					0
					0
					0
					0
					0
					0
					0
					0
					0
					0
					0
					0
					0
					0
					0
					0
					0
					0
					0
					0
					0
					0
					0
					0
					0
					0
					0
					0
					0
					0
					0
					0
					0
					0
					0
					0
					0
					0
					0
					0
					0
					0
					0
					0
					0
					0
					0
					0
					0
					0
					0
					0
					0
					0
					0
					0
					0
					0
					0
					0
					0
					0
					0
					0
					0
					0
					0
					0
					0
					0
					0
					0
					0
					0
					0
					0
					0
					0
					0
					0
					0
					0
					0
					0
					0
					0
					0
					0
					0
					0
					0
					0
					0
					0
					0
					0
					0
					0
					0
					0
					0
					0
					0
					0
					0
					0
					0
					0
					0
					0
					0
					0
					0
					0
					0
					0
					0
					0
					0
					0
					0
					0
					0
					0
					0
					0
					0
					0
					0
					0
					0
					0
					0
					0
					0
					0
					0
					0
					0
					0
					0
					0
					0
					0
					0
					0
					0
					0
					0
					0
					0
					0
					0
					0
					0
					0
					0
					0
					0
					0
					0
					0
					0
					0
					0
					0
					0
					0
					0
					0
					0
					0
					0
					0
					0
					0
					0
					0
					0
					0
					0
					0
					0
2012-11-02	476.38878	476.38878	476.38878	476.38878	1028
2012-11-05	593.05542	593.05542	593.05542	593.05542	514
2012-11-06	738.88872	738.88872	738.88872	738.88872	21085
2012-11-07	923.6109	923.6109	923.6109	923.6109	47314
2012-11-08	1147.22196	1147.22196	1147.22196	1147.22196	44742
2012-11-09	1429.16634	1409.7219	1429.16634	1429.16634	185657
2012-11-12	1477.77744	1079.16642	1555.5552	1088.88864	277714
2012-11-13	1079.16642	816.66648	1079.16642	816.66648	306000
2012-11-14	777.7776	612.49986	845.83314	670.83318	385714
2012-11-19	680.5554	631.9443	709.72206	680.5554	38057
2012-11-20	680.5554	602.77764	699.99984	622.22208	45257
2012-11-21	612.49986	573.61098	612.49986	612.49986	7714
2012-11-22	602.77764	544.44432	602.77764	563.88876	14400
2012-11-23	563.88876	563.88876	661.11096	622.22208	13371
2012-11-26	593.05542	563.88876	622.22208	622.22208	13885
2012-11-27	583.3332	573.61098	583.3332	573.61098	11314
2012-11-28	524.99988	515.27766	563.88876	515.27766	21600
2012-11-29	515.27766	505.55544	544.44432	515.27766	12857
2012-11-30	524.99988	524.99988	534.7221	534.7221	1028
2012-12-03	612.49986	544.44432	661.11096	593.05542	7200
2012-12-04	524.99988	524.99988	534.7221	534.7221	1028
2012-12-05	554.16654	554.16654	563.88876	563.88876	3085
2012-12-06	505.55544	505.55544	563.88876	563.88876	2057
2012-12-07	515.27766	505.55544	515.27766	505.55544	17485
2012-12-10	515.27766	515.27766	563.88876	515.27766	21600
2012-12-11	515.27766	515.27766	515.27766	515.27766	7200
2012-12-12	515.27766	515.27766	515.27766	515.27766	21085
2012-12-12	515.27766	515.27766	515.27766	515.27766	
					0
2012-12-14	495.83322	476.38878	505.55544	476.38878	11314
2012-12-14	495.83322	476.38878	505.55544	476.38878	
					0
2012-12-18	476.38878	476.38878	476.38878	476.38878	
2012-12-18	476.38878	476.38878	476.38878	476.38878	18000
					0
2012-12-20	515.27766	495.83322	593.05542	563.88876	38057
2012-12-21	515.27766	486.111	534.7221	534.7221	11828
2012-12-26	524.99988	524.99988	524.99988	524.99988	7200
2012-12-27	505.55544	486.111	505.55544	486.111	20571
2012-12-28	495.83322	495.83322	495.83322	495.83322	9257
2013-01-02	515.27766	515.27766	515.27766	515.27766	1028
2013-01-03	495.83322	486.111	515.27766	515.27766	4628
2013-01-04	505.55544	495.83322	505.55544	495.83322	2571
2013-01-07	495.83322	476.38878	495.83322	476.38878	9771
2013-01-08	505.55544	495.83322	515.27766	505.55544	12857
2013-01-09	505.55544	505.55544	505.55544	505.55544	2057
2013-01-10	515.27766	515.27766	515.27766	515.27766	1542
2013-01-11	515.27766	505.55544	515.27766	515.27766	8228
2013-01-14	534.7221	534.7221	544.44432	544.44432	1542
2013-01-14	534.7221	534.7221	544.44432	544.44432	
					0
2013-01-16	593.05542	593.05542	680.5554	680.5554	92057
2013-01-17	680.5554	680.5554	680.5554	680.5554	12857
2013-01-18	631.9443	544.44432	631.9443	544.44432	13885
2013-01-21	534.7221	524.99988	563.88876	534.7221	16971
2013-01-22	534.7221	534.7221	534.7221	534.7221	
2013-01-22	534.7221	534.7221	534.7221	534.7221	9257
					0
2013-01-25	573.61098	573.61098	641.66652	641.66652	
2013-01-25	573.61098	573.61098	641.66652	641.66652	1542
					0
2013-01-29	661.11096	661.11096	797.22204	680.5554	
2013-01-29	661.11096	661.11096	797.22204	680.5554	2057
					0
					0
					0
2013-02-04	641.66652	641.66652	641.66652	641.66652	1028
2013-02-04	641.66652	641.66652	641.66652	641.66652	
					0
					0
2013-02-07	680.5554	680.5554	680.5554	680.5554	514
2013-02-08	534.7221	534.7221	583.3332	583.3332	
2013-02-08	534.7221	534.7221	583.3332	583.3332	5657
					0
2013-02-12	680.5554	583.3332	680.5554	583.3332	2571
2013-02-12	680.5554	583.3332	680.5554	583.3332	
					0
2013-02-14	524.99988	524.99988	602.77764	534.7221	2571
2013-02-15	534.7221	534.7221	534.7221	534.7221	1028
2013-02-18	515.27766	515.27766	583.3332	534.7221	5657
2013-02-19	534.7221	515.27766	534.7221	515.27766	3085
2013-02-20	583.3332	583.3332	583.3332	583.3332	
2013-02-20	583.3332	583.3332	583.3332	583.3332	514
					0
2013-02-22	583.3332	583.3332	631.9443	583.3332	4628
2013-02-25	563.88876	505.55544	563.88876	524.99988	14914
2013-02-26	534.7221	524.99988	534.7221	524.99988	3600
2013-02-27	583.3332	554.16654	622.22208	612.49986	49371
2013-02-28	554.16654	524.99988	583.3332	583.3332	6685
2013-03-01	534.7221	534.7221	534.7221	534.7221	9257
2013-03-04	573.61098	573.61098	573.61098	573.61098	1028
2013-03-05	534.7221	534.7221	534.7221	534.7221	1542
2013-03-05	534.7221	534.7221	534.7221	534.7221	
					0
					0
2013-03-08	534.7221	515.27766	534.7221	515.27766	8228
2013-03-11	534.7221	534.7221	534.7221	534.7221	1542
2013-03-13	554.16654	554.16654	554.16654	554.16654	514
2013-03-14	583.3332	573.61098	602.77764	583.3332	8228
2013-03-15	583.3332	534.7221	631.9443	534.7221	21085
2013-03-18	622.22208	622.22208	661.11096	661.11096	73542
2013-03-19	719.44428	563.88876	748.61094	661.11096	3600
2013-03-20	758.33316	758.33316	758.33316	758.33316	514
2013-03-21	661.11096	593.05542	680.5554	593.05542	7200
2013-03-22	593.05542	593.05542	631.9443	593.05542	8228
2013-03-25	583.3332	583.3332	631.9443	631.9443	10800
2013-03-26	661.11096	631.9443	729.1665	680.5554	17485
2013-03-27	631.9443	631.9443	631.9443	631.9443	514
2013-03-28	631.9443	631.9443	631.9443	631.9443	10285
2013-04-01	563.88876	544.44432	729.1665	583.3332	10285
2013-04-02	583.3332	563.88876	602.77764	602.77764	14400
2013-04-03	583.3332	583.3332	583.3332	583.3332	1542
2013-04-03	583.3332	583.3332	583.3332	583.3332	
					0
2013-04-05	583.3332	583.3332	583.3332	583.3332	2571
2013-04-08	583.3332	583.3332	583.3332	583.3332	
2013-04-08	583.3332	583.3332	583.3332	583.3332	2571
					0
2013-04-10	583.3332	583.3332	583.3332	583.3332	6171
2013-04-11	583.3332	583.3332	583.3332	583.3332	1542
2013-04-12	583.3332	583.3332	680.5554	680.5554	1542
2013-04-12	583.3332	583.3332	680.5554	680.5554	
					0
					0
2013-04-17	651.38874	593.05542	651.38874	593.05542	18514
2013-04-18	593.05542	573.61098	680.5554	573.61098	36514
2013-04-19	573.61098	573.61098	593.05542	593.05542	
2013-04-19	573.61098	573.61098	593.05542	593.05542	20571
					0
					0
					0
					0
2013-04-26	554.16654	554.16654	554.16654	554.16654	1028
2013-04-26	554.16654	554.16654	554.16654	554.16654	
					0
2013-04-30	593.05542	593.05542	593.05542	593.05542	30857
2013-05-01	593.05542	593.05542	593.05542	593.05542	
2013-05-01	593.05542	593.05542	593.05542	593.05542	11314
					0
					0
2013-05-06	593.05542	544.44432	593.05542	554.16654	
2013-05-06	593.05542	544.44432	593.05542	554.16654	48342
					0
2013-05-08	593.05542	593.05542	593.05542	593.05542	37028
2013-05-08	593.05542	593.05542	593.05542	593.05542	
					0
					0
					0
					0
					0
2013-05-17	554.16654	554.16654	554.16654	554.16654	514
2013-05-20	593.05542	593.05542	593.05542	593.05542	1542
2013-05-21	670.83318	651.38874	670.83318	651.38874	2057
2013-05-21	670.83318	651.38874	670.83318	651.38874	
					0
					0
2013-05-24	544.44432	544.44432	593.05542	563.88876	5657
2013-05-27	573.61098	573.61098	573.61098	573.61098	514
2013-05-28	593.05542	593.05542	593.05542	593.05542	1028
2013-05-28	593.05542	593.05542	593.05542	593.05542	
					0
					0
					0
					0
					0
					0
					0
2013-06-10	554.16654	544.44432	554.16654	544.44432	1028
2013-06-11	544.44432	544.44432	544.44432	544.44432	
2013-06-11	544.44432	544.44432	544.44432	544.44432	1542
					0
					0
					0
					0
					0
					0
					0
					0
					0
2013-06-25	544.44432	544.44432	593.05542	544.44432	
2013-06-25	544.44432	544.44432	593.05542	544.44432	17485
					0
					0
2013-06-28	602.77764	602.77764	602.77764	602.77764	5657
2013-07-01	602.77764	602.77764	602.77764	602.77764	
2013-07-01	602.77764	602.77764	602.77764	602.77764	20571
					0
2013-07-03	602.77764	602.77764	602.77764	602.77764	2057
2013-07-04	729.1665	729.1665	729.1665	729.1665	514
2013-07-05	797.22204	699.99984	797.22204	699.99984	1542
2013-07-08	699.99984	699.99984	699.99984	699.99984	6171
2013-07-09	699.99984	699.99984	699.99984	699.99984	2571
2013-07-09	699.99984	699.99984	699.99984	699.99984	
					0
					0
					0
					0
					0
					0
2013-07-18	600.0	600.0	600.0	600.0	1000
2013-07-18	600.0	600.0	600.0	600.0	
					0
2013-07-22	600.0	600.0	600.0	600.0	500
2013-07-22	600.0	600.0	600.0	600.0	
					0
					0
					0
					0
					0
					0
					0
					0
					0
					0
					0
					0
2013-08-15	600.0	600.0	600.0	600.0	26500
2013-08-15	600.0	600.0	600.0	600.0	
					0
					0
					0
					0
					0
					0
2013-08-26	455.0	455.0	455.0	455.0	1000
2013-08-27	460.0	460.0	470.0	470.0	8000
2013-08-28	470.0	470.0	470.0	470.0	1500
2013-08-29	470.0	470.0	470.0	470.0	21000
2013-08-29	470.0	470.0	470.0	470.0	
					0
					0
					0
					0
					0
2013-09-06	470.0	470.0	470.0	470.0	500
2013-09-06	470.0	470.0	470.0	470.0	
					0
2013-09-10	540.0	540.0	550.0	550.0	
2013-09-10	540.0	540.0	550.0	550.0	12000
					0
					0
2013-09-13	550.0	550.0	550.0	550.0	500
2013-09-13	550.0	550.0	550.0	550.0	
					0
					0
					0
					0
					0
					0
					0
2013-09-25	620.0	620.0	620.0	620.0	
2013-09-25	620.0	620.0	620.0	620.0	10000
					0
2013-09-27	620.0	620.0	620.0	620.0	2500
2013-09-30	620.0	620.0	620.0	620.0	11000
2013-09-30	620.0	620.0	620.0	620.0	
					0
2013-10-02	610.0	610.0	630.0	630.0	
2013-10-02	610.0	610.0	630.0	630.0	1000
					0
2013-10-04	740.0	740.0	740.0	740.0	500
2013-10-04	740.0	740.0	740.0	740.0	
					0
					0
2013-10-09	560.0	560.0	730.0	730.0	
2013-10-09	560.0	560.0	730.0	730.0	6000
					0
					0
					0
					0
2013-10-18	850.0	830.0	850.0	830.0	
2013-10-18	850.0	830.0	850.0	830.0	1000
					0
					0
					0
					0
					0
					0
					0
					0
					0
					0
					0
					0
					0
					0
					0
					0
					0
					0
					0
					0
					0
2013-11-20	750.0	630.0	750.0	630.0	22000
2013-11-21	520.0	510.0	520.0	510.0	8000
2013-11-22	540.0	520.0	550.0	520.0	1500
2013-11-25	530.0	530.0	530.0	530.0	1000
2013-11-25	530.0	530.0	530.0	530.0	
					0
					0
					0
2013-11-29	520.0	520.0	520.0	520.0	500
2013-11-29	520.0	520.0	520.0	520.0	
					0
2013-12-03	530.0	530.0	530.0	530.0	
2013-12-03	530.0	530.0	530.0	530.0	500
					0
2013-12-05	530.0	530.0	530.0	530.0	500
2013-12-05	530.0	530.0	530.0	530.0	
					0
					0
					0
					0
					0
					0
					0
					0
					0
2013-12-19	560.0	560.0	560.0	560.0	500
2013-12-20	570.0	570.0	570.0	570.0	
2013-12-20	570.0	570.0	570.0	570.0	500
					0
2013-12-24	580.0	580.0	580.0	580.0	500
2013-12-24	580.0	580.0	580.0	580.0	
					0
					0
					0
					0
					0
					0
					0
					0
					0
2014-01-13	440.0	440.0	440.0	440.0	
2014-01-13	440.0	440.0	440.0	440.0	100
					0
2014-01-16	550.0	550.0	550.0	550.0	200
2014-01-17	575.0	575.0	575.0	575.0	30000
2014-01-17	575.0	575.0	575.0	575.0	
					0
					0
2014-01-22	500.0	500.0	580.0	580.0	200
2014-01-23	550.0	540.0	570.0	540.0	400
2014-01-24	540.0	540.0	540.0	540.0	200
2014-01-27	550.0	550.0	550.0	550.0	
2014-01-27	550.0	550.0	550.0	550.0	10100
					0
2014-01-29	590.0	590.0	590.0	590.0	200
2014-01-30	590.0	590.0	590.0	590.0	100
2014-02-03	550.0	550.0	550.0	550.0	2300
2014-02-04	500.0	415.0	615.0	615.0	
2014-02-04	500.0	415.0	615.0	615.0	10400
					0
					0
					0
					0
					0
					0
					0
					0
2014-02-17	505.0	500.0	560.0	560.0	2900
2014-02-18	545.0	545.0	550.0	550.0	1500
2014-02-19	500.0	500.0	500.0	500.0	4000
2014-02-20	560.0	550.0	560.0	560.0	500
2014-02-21	560.0	560.0	560.0	560.0	100
2014-02-21	560.0	560.0	560.0	560.0	
					0
2014-02-25	600.0	600.0	600.0	600.0	100
2014-02-25	600.0	600.0	600.0	600.0	
					0
					0
					0
2014-03-03	505.0	505.0	505.0	505.0	
2014-03-03	505.0	505.0	505.0	505.0	200
					0
2014-03-05	545.0	545.0	575.0	575.0	
2014-03-05	545.0	545.0	575.0	575.0	200
					0
					0
2014-03-10	610.0	610.0	610.0	610.0	100
2014-03-10	610.0	610.0	610.0	610.0	
					0
2014-03-12	520.0	520.0	520.0	520.0	100
2014-03-12	520.0	520.0	520.0	520.0	
					0
					0
2014-03-17	423.0	423.0	535.0	535.0	1200
2014-03-17	423.0	423.0	535.0	535.0	
					0
					0
					0
2014-03-21	436.0	435.0	520.0	449.0	19100
2014-03-24	449.0	426.0	450.0	426.0	21700
2014-03-25	426.0	422.0	430.0	424.0	10800
2014-03-26	444.0	444.0	444.0	444.0	100
2014-03-27	447.0	445.0	449.0	449.0	15800
2014-03-28	500.0	500.0	540.0	540.0	300
2014-04-01	421.0	420.0	480.0	480.0	83300
2014-04-02	498.0	438.0	580.0	439.0	5500
2014-04-03	440.0	440.0	440.0	440.0	1100
2014-04-04	440.0	440.0	440.0	440.0	2600
2014-04-07	425.0	424.0	425.0	424.0	2500
2014-04-08	426.0	425.0	426.0	425.0	13000
2014-04-10	426.0	425.0	426.0	425.0	
2014-04-10	426.0	425.0	426.0	425.0	2500
					0
					0
					0
					0
					0
2014-04-21	425.0	425.0	425.0	425.0	5000
2014-04-21	425.0	425.0	425.0	425.0	
					0
					0
2014-04-24	448.0	448.0	450.0	450.0	10900
2014-04-25	450.0	450.0	460.0	460.0	5200
2014-04-28	470.0	378.0	470.0	378.0	5200
2014-04-28	470.0	378.0	470.0	378.0	
					0
					0
					0
2014-05-05	385.0	385.0	385.0	385.0	100
2014-05-05	385.0	385.0	385.0	385.0	
					0
2014-05-07	390.0	390.0	396.0	396.0	3200
2014-05-08	401.0	401.0	404.0	402.0	4000
2014-05-09	450.0	447.0	450.0	449.0	8700
2014-05-12	449.0	401.0	449.0	429.0	12900
2014-05-13	449.0	428.0	450.0	428.0	8000
2014-05-14	500.0	498.0	500.0	498.0	4100
2014-05-16	401.0	401.0	480.0	480.0	9700
2014-05-19	478.0	478.0	478.0	478.0	100
2014-05-20	498.0	440.0	498.0	459.0	22600
2014-05-21	380.0	380.0	470.0	450.0	7200
2014-05-22	470.0	450.0	470.0	450.0	16800
2014-05-23	400.0	400.0	450.0	440.0	2200
2014-05-26	381.0	381.0	441.0	417.0	30400
2014-05-28	418.0	417.0	438.0	418.0	61500
2014-05-30	418.0	418.0	437.0	437.0	26300
2014-06-02	416.0	416.0	435.0	435.0	19000
2014-06-03	434.0	434.0	435.0	435.0	1100
2014-06-04	401.0	401.0	500.0	500.0	24800
2014-06-05	525.0	499.0	525.0	499.0	300
2014-06-06	510.0	490.0	525.0	490.0	10600
2014-06-09	500.0	500.0	500.0	500.0	
2014-06-09	500.0	500.0	500.0	500.0	100
					0
2014-06-11	420.0	420.0	450.0	439.0	25500
2014-06-12	459.0	459.0	498.0	460.0	1200
2014-06-13	479.0	479.0	479.0	479.0	100
2014-06-16	488.0	488.0	488.0	488.0	100
2014-06-17	499.0	499.0	499.0	499.0	200
2014-06-18	479.0	479.0	498.0	498.0	18600
2014-06-19	499.0	499.0	499.0	499.0	
2014-06-19	499.0	499.0	499.0	499.0	100
					0
2014-06-23	499.0	499.0	499.0	499.0	100
2014-06-23	499.0	499.0	499.0	499.0	
					0
					0
					0
					0
					0
					0
					0
2014-07-03	490.0	488.0	490.0	490.0	5500
2014-07-04	490.0	490.0	490.0	490.0	1000
2014-07-04	490.0	490.0	490.0	490.0	
					0
2014-07-08	490.0	490.0	490.0	490.0	1400
2014-07-10	490.0	490.0	490.0	490.0	10800
2014-07-11	490.0	490.0	500.0	500.0	
2014-07-11	490.0	490.0	500.0	500.0	1400
					0
2014-07-15	515.0	515.0	600.0	600.0	
2014-07-15	515.0	515.0	600.0	600.0	300
					0
2014-07-17	450.0	450.0	450.0	450.0	2000
2014-07-18	540.0	480.0	540.0	520.0	20600
2014-07-21	560.0	560.0	560.0	560.0	100
2014-07-22	500.0	489.0	570.0	540.0	1200
2014-07-23		481.0	560.0	560.0	500
2014-07-24	500.0	500.0	560.0	560.0	
2014-07-24	500.0	500.0	560.0	560.0	3000
					0
					0
2014-08-05	456.0	456.0	500.0	500.0	300
2014-08-06	500.0	500.0	500.0	500.0	400
2014-08-07	510.0	510.0	510.0	510.0	100
2014-08-07	510.0	510.0	510.0	510.0	
					0
2014-08-11	410.0	410.0	460.0	460.0	
2014-08-11	410.0	410.0	460.0	460.0	8100
					0
2014-08-13	540.0	540.0	540.0	540.0	
2014-08-13	540.0	540.0	540.0	540.0	100
					0
					0
					0
					0
					0
					0
					0
					0
					0
					0
					0
					0
					0
2014-09-02	443.0	443.0	499.0	480.0	600
2014-09-03	500.0	500.0	500.0	500.0	100
2014-09-04	499.0	499.0	499.0	499.0	
2014-09-04	499.0	499.0	499.0	499.0	100
					0
					0
2014-09-09	520.0	520.0	520.0	520.0	
2014-09-09	520.0	520.0	520.0	520.0	100
					0
					0
					0
2014-09-15	500.0	500.0	500.0	500.0	1000
2014-09-16	412.0	412.0	480.0	480.0	19700
2014-09-17	460.0	460.0	498.0	498.0	18900
2014-09-18	478.0	438.0	510.0	510.0	19300
2014-09-19	510.0	510.0	510.0	510.0	100
2014-09-22	410.0	406.0	515.0	515.0	19400
2014-09-23	462.0	462.0	600.0	600.0	400
2014-09-23	462.0	462.0	600.0	600.0	
					0
					0
					0
2014-09-29	451.0	451.0	451.0	451.0	100
2014-09-30	490.0	470.0	500.0	470.0	
2014-09-30	490.0	470.0	500.0	470.0	25500
					0
2014-10-02	499.0	460.0	499.0	479.0	
2014-10-02	499.0	460.0	499.0	479.0	20800
					0
2014-10-06	470.0	468.0	470.0	468.0	4000
2014-10-07	463.0	463.0	463.0	463.0	2000
2014-10-08	495.0	495.0	495.0	495.0	100
2014-10-09	475.0	435.0	495.0	495.0	29400
2014-10-10	495.0	495.0	495.0	495.0	100
2014-10-10	495.0	495.0	495.0	495.0	
					0
					0
					0
					0
					0
					0
					0
					0
					0
					0
					0
					0
					0
					0
					0
					0
					0
2014-11-05	475.0	425.0	497.0	497.0	
2014-11-05	475.0	425.0	497.0	497.0	10500
					0
					0
					0
					0
2014-11-12	480.0	480.0	498.0	498.0	2500
2014-11-12	480.0	480.0	498.0	498.0	
					0
					0
					0
2014-11-18	480.0	480.0	480.0	480.0	1000
2014-11-18	480.0	480.0	480.0	480.0	
					0
2014-11-20	496.0	496.0	496.0	496.0	100
2014-11-20	496.0	496.0	496.0	496.0	
					0
2014-11-24	510.0	425.0	600.0	505.0	20200
2014-11-25	412.0	412.0	471.0	471.0	12200
2014-11-26	451.0	450.0	468.0	451.0	
2014-11-26	451.0	450.0	468.0	451.0	13800
					0
					0
2014-12-01	480.0	480.0	480.0	480.0	6100
2014-12-01	480.0	480.0	480.0	480.0	
					0
					0
2014-12-04	499.0	499.0	499.0	499.0	100
2014-12-04	499.0	499.0	499.0	499.0	
					0
					0
					0
					0
2014-12-11	500.0	500.0	540.0	540.0	
2014-12-11	500.0	500.0	540.0	540.0	200
					0
2014-12-15	450.0	430.0	535.0	535.0	17700
2014-12-16	435.0	416.0	520.0	515.0	38500
2014-12-17	600.0	600.0	600.0	600.0	100
2014-12-18	555.0	555.0	595.0	555.0	
2014-12-18	555.0	555.0	595.0	555.0	12100
					0
					0
2014-12-23	490.0	490.0	550.0	545.0	
2014-12-23	490.0	490.0	550.0	545.0	13900
					0
2014-12-29	525.0	485.0	585.0	545.0	28200
2014-12-29	525.0	485.0	585.0	545.0	
					0
					0
2015-01-05	450.0	450.0	450.0	450.0	1000
2015-01-06	431.0	420.0	435.0	435.0	10000
2015-01-07	455.0	445.0	485.0	445.0	9800
2015-01-08	450.0	420.0	450.0	450.0	
2015-01-08	450.0	420.0	450.0	450.0	28800
					0
					0
					0
					0
2015-01-15	540.0	540.0	540.0	540.0	100
2015-01-16	590.0	590.0	590.0	590.0	100
2015-01-19	600.0	515.0	600.0	585.0	6900
2015-01-20	620.0	590.0	620.0	590.0	6600
2015-01-20	620.0	590.0	620.0	590.0	
					0
2015-01-22	610.0	610.0	610.0	610.0	
2015-01-22	610.0	610.0	610.0	610.0	100
					0
2015-01-26	505.0	505.0	580.0	580.0	27800
2015-01-27	610.0	610.0	610.0	610.0	100
2015-01-27	610.0	610.0	610.0	610.0	
					0
					0
					0
					0
					0
					0
					0
2015-02-06	620.0	620.0	620.0	620.0	
2015-02-06	620.0	620.0	620.0	620.0	100
					0
					0
					0
					0
2015-02-13	685.0	465.0	685.0	470.0	17200
2015-02-16	489.0	489.0	489.0	489.0	1600
2015-02-17	500.0	495.0	550.0	545.0	7700
2015-02-18	545.0	540.0	545.0	540.0	1300
2015-02-20	451.0	451.0	535.0	535.0	200
2015-02-23	595.0	595.0	595.0	595.0	100
2015-02-24	505.0	505.0	570.0	570.0	22300
2015-02-25	450.0	450.0	550.0	550.0	
2015-02-25	450.0	450.0	550.0	550.0	11800
					0
2015-02-27	456.0	450.0	490.0	450.0	12400
2015-03-02	470.0	451.0	483.0	478.0	11500
2015-03-03	480.0	480.0	480.0	480.0	100
2015-03-04	460.0	460.0	460.0	460.0	600
2015-03-05	475.0	475.0	475.0	475.0	
2015-03-05	475.0	475.0	475.0	475.0	100
					0
					0
					0
					0
					0
					0
2015-03-16	475.0	471.0	485.0	485.0	2600
2015-03-17	396.0	396.0	420.0	420.0	
2015-03-17	396.0	396.0	420.0	420.0	300
					0
2015-03-19	440.0	440.0	459.0	459.0	200
2015-03-20	450.0	450.0	450.0	450.0	
2015-03-20	450.0	450.0	450.0	450.0	100
					0
2015-03-24	469.0	469.0	469.0	469.0	100
2015-03-24	469.0	469.0	469.0	469.0	
					0
					0
					0
2015-03-30	475.0	475.0	475.0	475.0	
2015-03-30	475.0	475.0	475.0	475.0	100
					0
					0
					0
					0
2015-04-07	475.0	475.0	475.0	475.0	100
2015-04-08	475.0	475.0	475.0	475.0	100
2015-04-08	475.0	475.0	475.0	475.0	
					0
					0
2015-04-13	455.0	415.0	455.0	455.0	12200
2015-04-14	450.0	450.0	450.0	450.0	11800
2015-04-15	455.0	455.0	455.0	455.0	17600
2015-04-16	454.0	454.0	455.0	455.0	
2015-04-16	454.0	454.0	455.0	455.0	21200
					0
					0
					0
					0
					0
					0
					0
2015-04-28	403.0	400.0	404.0	400.0	75800
2015-04-28	403.0	400.0	404.0	400.0	
					0
					0
2015-05-04	400.0	400.0	400.0	400.0	200
2015-05-04	400.0	400.0	400.0	400.0	
					0
2015-05-06	419.0	419.0	419.0	419.0	100
2015-05-07	417.0	417.0	419.0	419.0	10000
2015-05-08	400.0	400.0	400.0	400.0	2400
2015-05-11	400.0	400.0	400.0	400.0	200
2015-05-11	400.0	400.0	400.0	400.0	
					0
2015-05-13	468.0	468.0	468.0	468.0	100
2015-05-13	468.0	468.0	468.0	468.0	
					0
					0
2015-05-19	468.0	468.0	468.0	468.0	100
2015-05-19	468.0	468.0	468.0	468.0	
					0
2015-05-21	468.0	468.0	468.0	468.0	100
2015-05-22	468.0	468.0	468.0	468.0	100
2015-05-25	468.0	468.0	468.0	468.0	100
2015-05-25	468.0	468.0	468.0	468.0	
					0
2015-05-27	400.0	360.0	400.0	400.0	
2015-05-27	400.0	360.0	400.0	400.0	5500
					0
					0
					0
					0
					0
					0
					0
					0
2015-06-10	400.0	400.0	400.0	400.0	100
2015-06-10	400.0	400.0	400.0	400.0	
					0
2015-06-12	400.0	400.0	400.0	400.0	
2015-06-12	400.0	400.0	400.0	400.0	100
					0
2015-06-16	438.0	438.0	438.0	438.0	
2015-06-16	438.0	438.0	438.0	438.0	100
					0
					0
					0
					0
					0
					0
					0
					0
					0
2015-06-30	457.0	457.0	457.0	457.0	
2015-06-30	457.0	457.0	457.0	457.0	100
					0
					0
					0
					0
2015-07-07	410.0	410.0	410.0	410.0	
2015-07-07	410.0	410.0	410.0	410.0	100
					0
					0
					0
					0
2015-07-14	414.0	414.0	454.0	454.0	
2015-07-14	414.0	414.0	454.0	454.0	300
					0
					0
					0
2015-07-23	408.0	405.0	410.0	410.0	1100
2015-07-23	408.0	405.0	410.0	410.0	
					0
2015-07-27	402.0	402.0	402.0	402.0	100
2015-07-27	402.0	402.0	402.0	402.0	
					0
2015-07-29	405.0	405.0	405.0	405.0	100
2015-07-29	405.0	405.0	405.0	405.0	
					0
2015-07-31	399.0	380.0	399.0	399.0	1600
2015-08-03	398.0	398.0	409.0	409.0	200
2015-08-03	398.0	398.0	409.0	409.0	
					0
					0
2015-08-06	408.0	408.0	410.0	410.0	4300
2015-08-06	408.0	408.0	410.0	410.0	
					0
					0
					0
					0
					0
					0
					0
					0
					0
					0
					0
2015-08-25	426.0	426.0	426.0	426.0	
2015-08-25	426.0	426.0	426.0	426.0	100
					0
					0
					0
					0
2015-09-01	433.0	433.0	433.0	433.0	100
2015-09-02	453.0	453.0	462.0	462.0	
2015-09-02	453.0	453.0	462.0	462.0	200
					0
					0
					0
2015-09-08	477.0	477.0	477.0	477.0	100
2015-09-08	477.0	477.0	477.0	477.0	
					0
					0
					0
2015-09-14	497.0	497.0	497.0	497.0	100
2015-09-14	497.0	497.0	497.0	497.0	
					0
					0
					0
					0
					0
					0
					0
					0
					0
					0
					0
					0
					0
					0
2015-10-06	488.0	468.0	590.0	468.0	600
2015-10-07	488.0	488.0	497.0	497.0	
2015-10-07	488.0	488.0	497.0	497.0	200
					0
					0
2015-10-12	499.0	499.0	499.0	499.0	
2015-10-12	499.0	499.0	499.0	499.0	100
					0
					0
					0
					0
2015-10-20	499.0	499.0	499.0	499.0	
2015-10-20	499.0	499.0	499.0	499.0	100
					0
					0
					0
2015-10-26	515.0	515.0	515.0	515.0	100
2015-10-27	615.0	464.0	615.0	484.0	400
2015-10-28	484.0	484.0	484.0	484.0	400
2015-10-28	484.0	484.0	484.0	484.0	
					0
2015-10-30	500.0	500.0	500.0	500.0	100
2015-11-02	500.0	500.0	500.0	500.0	
2015-11-02	500.0	500.0	500.0	500.0	300
					0
2015-11-04	500.0	450.0	500.0	450.0	
2015-11-04	500.0	450.0	500.0	450.0	21800
					0
2015-11-06	425.0	425.0	425.0	425.0	
2015-11-06	425.0	425.0	425.0	425.0	600
					0
					0
					0
2015-11-12	422.0	422.0	422.0	422.0	
2015-11-12	422.0	422.0	422.0	422.0	100
					0
					0
					0
					0
2015-11-19	419.0	400.0	419.0	400.0	
2015-11-19	419.0	400.0	419.0	400.0	1200
					0
2015-11-23	400.0	400.0	400.0	400.0	21600
2015-11-24	400.0	400.0	400.0	400.0	
2015-11-24	400.0	400.0	400.0	400.0	3100
					0
2015-11-26	380.0	380.0	380.0	380.0	100
2015-11-27	430.0	430.0	430.0	430.0	100
2015-11-27	430.0	430.0	430.0	430.0	
					0
					0
					0
					0
					0
2015-12-07	409.0	409.0	409.0	409.0	100
2015-12-07	409.0	409.0	409.0	409.0	
					0
					0
					0
					0
					0
					0
					0
					0
					0
					0
					0
					0
					0
					0
					0
2016-01-05	445.0	445.0	445.0	445.0	100
2016-01-05	445.0	445.0	445.0	445.0	
					0
					0
					0
					0
					0
					0
					0
					0
					0
					0
					0
2016-01-21	431.0	408.0	435.0	408.0	700
2016-01-22	408.0	408.0	424.0	424.0	
2016-01-22	408.0	408.0	424.0	424.0	600
					0
2016-01-26	426.0	426.0	426.0	426.0	
2016-01-26	426.0	426.0	426.0	426.0	100
					0
					0
					0
					0
2016-02-02	408.0	408.0	410.0	409.0	
2016-02-02	408.0	408.0	410.0	409.0	1600
					0
					0
					0
2016-02-09	411.0	411.0	411.0	411.0	100
2016-02-09	411.0	411.0	411.0	411.0	
					0
					0
					0
					0
					0
					0
					0
					0
					0
					0
					0
					0
					0
					0
					0
2016-03-02	413.0	413.0	413.0	413.0	100
2016-03-02	413.0	413.0	413.0	413.0	
					0
					0
					0
					0
					0
					0
					0
					0
					0
					0
					0
2016-03-21	410.0	410.0	410.0	410.0	300
2016-03-21	410.0	410.0	410.0	410.0	
					0
					0
					0
					0
					0
					0
2016-03-31	410.0	410.0	410.0	410.0	1100
2016-04-01	410.0	410.0	410.0	410.0	500
2016-04-04	410.0	410.0	410.0	410.0	
2016-04-04	410.0	410.0	410.0	410.0	300
					0
					0
2016-04-07	401.0	400.0	401.0	400.0	500
2016-04-07	401.0	400.0	401.0	400.0	
					0
					0
					0
2016-04-13	400.0	400.0	400.0	400.0	
2016-04-13	400.0	400.0	400.0	400.0	400
					0
					0
					0
					0
					0
					0
					0
					0
					0
2016-04-27	381.0	381.0	381.0	381.0	
2016-04-27	381.0	381.0	381.0	381.0	300
					0
					0
2016-05-02	400.0	400.0	400.0	400.0	100
2016-05-03	402.0	402.0	402.0	402.0	400
2016-05-04	390.0	380.0	396.0	396.0	
2016-05-04	390.0	380.0	396.0	396.0	3100
					0
2016-05-10	410.0	410.0	410.0	410.0	
2016-05-10	410.0	410.0	410.0	410.0	100
					0
					0
					0
					0
					0
					0
					0
2016-05-20	410.0	410.0	410.0	410.0	1200
2016-05-20	410.0	410.0	410.0	410.0	
					0
					0
					0
					0
					0
					0
					0
					0
					0
					0
2016-06-06	410.0	410.0	410.0	410.0	
2016-06-06	410.0	410.0	410.0	410.0	400
					0
					0
2016-06-09	410.0	410.0	410.0	410.0	
2016-06-09	410.0	410.0	410.0	410.0	300
					0
					0
					0
2016-06-15	390.0	390.0	390.0	390.0	
2016-06-15	390.0	390.0	390.0	390.0	100
					0
					0
					0
					0
					0
					0
					0
					0
2016-06-28	408.0	408.0	408.0	408.0	
2016-06-28	408.0	408.0	408.0	408.0	100
					0
2016-06-30	448.0	448.0	505.0	500.0	
2016-06-30	448.0	448.0	505.0	500.0	300
					0
					0
					0
2016-07-13	620.0	620.0	620.0	620.0	
2016-07-13	620.0	620.0	620.0	620.0	1100
					0
2016-07-15	600.0	600.0	600.0	600.0	
2016-07-15	600.0	600.0	600.0	600.0	13700
					0
2016-07-19	540.0	540.0	540.0	540.0	200
2016-07-19	540.0	540.0	540.0	540.0	
					0
					0
					0
					0
					0
					0
2016-07-28	550.0	550.0	550.0	550.0	
2016-07-28	550.0	550.0	550.0	550.0	100
					0
					0
					0
					0
					0
					0
					0
					0
					0
					0
					0
					0
					0
					0
					0
					0
					0
					0
					0
					0
					0
					0
					0
					0
					0
					0
2016-09-06	500.0	500.0	600.0	600.0	2100
2016-09-07	635.0	635.0	635.0	635.0	100
2016-09-08	635.0	635.0	785.0	785.0	700
2016-09-09	785.0	785.0	785.0	785.0	2000
2016-09-13	895.0	895.0	895.0	895.0	100
2016-09-13	895.0	895.0	895.0	895.0	
					0
2016-09-15	885.0	885.0	895.0	895.0	
2016-09-15	885.0	885.0	895.0	895.0	200
					0
					0
					0
					0
					0
2016-09-23	985.0	985.0	985.0	985.0	
2016-09-23	985.0	985.0	985.0	985.0	100
					0
					0
2016-09-28	1200.0	1100.0	1200.0	1100.0	1500
2016-09-28	1200.0	1100.0	1200.0	1100.0	
					0
2016-09-30	1045.0	1045.0	1050.0	1050.0	
2016-09-30	1045.0	1045.0	1050.0	1050.0	200
					0
					0
					0
					0
					0
					0
					0
					0
					0
					0
					0
					0
					0
					0
					0
					0
					0
					0
					0
					0
					0
					0
					0
					0
					0
					0
					0
					0
					0
					0
					0
					0
					0
					0
					0
					0
					0
					0
					0
					0
					0
					0
					0
					0
					0
					0
					0
					0
					0
					0
2016-12-13	950.0	950.0	950.0	950.0	100
2016-12-14	1150.0	855.0	1150.0	855.0	2900
2016-12-15	855.0	855.0	1065.0	1055.0	4200
2016-12-16	1315.0	950.0	1315.0	955.0	2400
2016-12-19	955.0	900.0	955.0	900.0	
2016-12-19	955.0	900.0	955.0	900.0	1000
					0
					0
					0
					0
					0
					0
					0
					0
					0
					0
					0
					0
					0
					0
					0
					0
					0
					0
					0
					0
					0
					0
					0
					0
					0
					0
					0
					0
					0
					0
					0
					0
					0
					0
					0
					0
					0
					0
					0
					0
					0
					0
2017-02-21	675.0	675.0	675.0	675.0	100
2017-02-21	675.0	675.0	675.0	675.0	
					0
					0
					0
					0
					0
					0
					0
					0
					0
					0
					0
					0
					0
					0
					0
					0
					0
					0
2017-03-20	600.0	600.0	600.0	600.0	300
2017-03-20	600.0	600.0	600.0	600.0	
					0
					0
					0
					0
					0
					0
					0
					0
					0
					0
					0
					0
					0
					0
					0
2017-04-12	550.0	550.0	750.0	750.0	2700
2017-04-13	930.0	900.0	930.0	900.0	500
2017-04-17	1120.0	900.0	1120.0	900.0	1300
2017-04-18	900.0	900.0	900.0	900.0	200
2017-04-20	1120.0	1050.0	1120.0	1050.0	500
2017-04-20	1120.0	1050.0	1120.0	1050.0	
					0
					0
					0
					0
					0
					0
					0
					0
					0
					0
2017-05-09	1005.0	1005.0	1300.0	1300.0	300
2017-05-09	1005.0	1005.0	1300.0	1300.0	
					0
					0
					0
					0
					0
					0
					0
					0
					0
					0
					0
					0
					0
					0
					0
					0
					0
					0
					0
					0
					0
					0
					0
					0
					0
					0
					0
					0
					0
					0
					0
					0
					0
					0
					0
					0
					0
					0
					0
					0
					0
					0
					0
					0
					0
					0
					0
					0
					0
					0
					0
					0
					0
					0
					0
					0
					0
					0
					0
					0
					0
					0
2017-08-18	1295.0	1295.0	1295.0	1295.0	100
2017-08-18	1295.0	1295.0	1295.0	1295.0	
					0
					0
					0
					0
					0
					0
					0
					0
					0
					0
					0
					0
					0
					0
					0
					0
					0
					0
					0
					0
					0
					0
					0
					0
					0
					0
					0
					0
					0
					0
					0
					0
					0
					0
					0
2017-10-11	1265.0	1265.0	1265.0	1265.0	100
2017-10-11	1265.0	1265.0	1265.0	1265.0	
					0
					0
					0
					0
					0
					0
					0
					0
					0
2017-10-25	1250.0	1250.0	1250.0	1250.0	100
2017-10-26	1550.0	1250.0	1550.0	1250.0	
2017-10-26	1550.0	1250.0	1550.0	1250.0	200
					0
					0
					0
					0
					0
					0
					0
					0
					0
					0
					0
					0
					0
					0
					0
					0
					0
					0
					0
					0
					0
					0
					0
					0
					0
					0
					0
					0
					0
					0
					0
					0
					0
					0
					0
					0
					0
					0
					0
					0
					0
					0
2017-12-29	1250.0	1250.0	1250.0	1250.0	
2017-12-29	1250.0	1250.0	1250.0	1250.0	2000
					0
					0
					0
					0
					0
					0
					0
					0
					0
					0
					0
					0
					0
					0
2018-01-22	1290.0	1290.0	1290.0	1290.0	500
2018-01-22	1290.0	1290.0	1290.0	1290.0	
					0
					0
					0
					0
					0
					0
					0
					0
					0
					0
2018-02-06	1220.0	1220.0	1220.0	1220.0	200
2018-02-06	1220.0	1220.0	1220.0	1220.0	
					0
2018-02-08	1070.0	1070.0	1210.0	1210.0	600
2018-02-08	1070.0	1070.0	1210.0	1210.0	
					0
2018-02-12	1020.0	1020.0	1195.0	1195.0	
2018-02-12	1020.0	1020.0	1195.0	1195.0	600
					0
					0
2018-02-15	1195.0	1195.0	1220.0	1220.0	
2018-02-15	1195.0	1195.0	1220.0	1220.0	1100
					0
					0
					0
					0
					0
					0
					0
					0
					0
					0
					0
					0
					0
					0
					0
					0
					0
					0
					0
					0
					0
					0
					0
					0
					0
					0
					0
2018-03-28	920.0	920.0	920.0	920.0	700
2018-03-29	900.0	705.0	900.0	890.0	500
2018-04-02	840.0	690.0	845.0	845.0	3800
2018-04-03	835.0	800.0	870.0	870.0	400
2018-04-04	1080.0	970.0	1080.0	1070.0	1000
2018-04-04	1080.0	970.0	1080.0	1070.0	
					0
2018-04-06	1065.0	970.0	1295.0	970.0	
2018-04-06	1065.0	970.0	1295.0	970.0	500
					0
2018-04-10	1200.0	1000.0	1200.0	1000.0	400
2018-04-11	960.0	960.0	960.0	960.0	100
2018-04-11	960.0	960.0	960.0	960.0	
					0
					0
					0
2018-04-17	950.0	950.0	950.0	950.0	
2018-04-17	950.0	950.0	950.0	950.0	100
					0
2018-04-19	950.0	950.0	1180.0	1180.0	300
2018-04-19	950.0	950.0	1180.0	1180.0	
					0
					0
					0
					0
					0
2018-04-27	1100.0	1100.0	1295.0	1290.0	500
2018-04-30	1285.0	1285.0	1285.0	1285.0	100
2018-04-30	1285.0	1285.0	1285.0	1285.0	
					0
					0
					0
					0
					0
					0
					0
					0
					0
					0
					0
					0
					0
					0
					0
					0
					0
					0
					0
					0
					0
					0
					0
					0
					0
					0
					0
					0
					0
					0
					0
					0
					0
					0
					0
					0
					0
					0
					0
					0
					0
					0
					0
					0
					0
					0
					0
2018-07-19	1300.0	1300.0	1300.0	1300.0	
2018-07-19	1300.0	1300.0	1300.0	1300.0	100
					0
					0
					0
					0
					0
					0
					0
					0
					0
					0
					0
					0
					0
					0
					0
					0
2018-08-13	975.0	975.0	1275.0	1275.0	1100
2018-08-13	975.0	975.0	1275.0	1275.0	
					0
					0
2018-08-16	1000.0	960.0	1040.0	960.0	1800
2018-08-20	960.0	960.0	960.0	960.0	200
2018-08-20	960.0	960.0	960.0	960.0	
					0
					0
2018-08-24	900.0	890.0	1195.0	1195.0	700
2018-08-27	1120.0	1120.0	1195.0	1195.0	2300
2018-08-28	905.0	905.0	960.0	960.0	200
2018-08-29	960.0	960.0	960.0	960.0	300
2018-08-29	960.0	960.0	960.0	960.0	
					0
2018-08-31	960.0	960.0	960.0	960.0	2300
2018-08-31	960.0	960.0	960.0	960.0	
					0
					0
2018-09-05	1010.0	1010.0	1010.0	1010.0	100
2018-09-06	765.0	765.0	765.0	765.0	100
2018-09-06	765.0	765.0	765.0	765.0	
					0
					0
2018-09-12	765.0	765.0	765.0	765.0	400
2018-09-13	765.0	765.0	765.0	765.0	400
2018-09-13	765.0	765.0	765.0	765.0	
					0
					0
2018-09-18	850.0	850.0	850.0	850.0	100
2018-09-19	665.0	665.0	665.0	665.0	100
2018-09-19	665.0	665.0	665.0	665.0	
					0
					0
					0
2018-09-25	765.0	765.0	770.0	770.0	12000
2018-09-25	765.0	765.0	770.0	770.0	
					0
					0
2018-09-28	775.0	775.0	775.0	775.0	1200
2018-10-01	955.0	695.0	955.0	695.0	6600
2018-10-02	835.0	790.0	835.0	790.0	
2018-10-02	835.0	790.0	835.0	790.0	200
					0
					0
2018-10-05	840.0	840.0	975.0	960.0	8900
2018-10-08	960.0	745.0	960.0	755.0	15000
2018-10-09	760.0	760.0	840.0	840.0	300
2018-10-10	840.0	690.0	840.0	780.0	400
2018-10-10	840.0	690.0	840.0	780.0	
					0
					0
					0
					0
2018-10-17	830.0	830.0	830.0	830.0	100
2018-10-18	875.0	875.0	875.0	875.0	100
2018-10-19	875.0	765.0	875.0	770.0	2700
2018-10-19	875.0	765.0	875.0	770.0	
					0
2018-10-23	770.0	770.0	770.0	770.0	100
2018-10-24	585.0	585.0	755.0	755.0	
2018-10-24	585.0	585.0	755.0	755.0	200
					0
2018-10-26	755.0	755.0	770.0	770.0	
2018-10-26	755.0	755.0	770.0	770.0	200
					0
2018-10-30	805.0	795.0	805.0	795.0	200
2018-10-31	605.0	605.0	770.0	770.0	600
2018-10-31	605.0	605.0	770.0	770.0	
					0
					0
					0
					0
					0
					0
					0
					0
					0
2018-11-14	795.0	785.0	950.0	785.0	1700
2018-11-14	795.0	785.0	950.0	785.0	
					0
					0
					0
					0
2018-11-22	770.0	770.0	770.0	770.0	100
2018-11-22	770.0	770.0	770.0	770.0	
					0
					0
					0
2018-11-28	615.0	600.0	760.0	760.0	5500
2018-11-28	615.0	600.0	760.0	760.0	
					0
					0
2018-12-03	745.0	745.0	800.0	800.0	500
2018-12-04	800.0	725.0	800.0	725.0	5900
2018-12-05	725.0	595.0	725.0	665.0	400
2018-12-05	725.0	595.0	725.0	665.0	
					0
2018-12-07	715.0	715.0	740.0	740.0	1100
2018-12-10	650.0	650.0	650.0	650.0	1100
2018-12-11	650.0	650.0	650.0	650.0	1000
2018-12-12	750.0	750.0	750.0	750.0	100
2018-12-13	750.0	610.0	935.0	935.0	36400
2018-12-14	985.0	935.0	1165.0	1100.0	6600
2018-12-17	1250.0	1240.0	1250.0	1240.0	400
2018-12-18	1220.0	1220.0	1220.0	1220.0	200
2018-12-19	1200.0	1200.0	1200.0	1200.0	
2018-12-19	1200.0	1200.0	1200.0	1200.0	1000
					0
					0
2018-12-26	1090.0	900.0	1090.0	900.0	3400
2018-12-27	700.0	675.0	800.0	685.0	14600
2018-12-28	645.0	645.0	660.0	660.0	1200
2019-01-02	665.0	665.0	715.0	715.0	3800
2019-01-03	715.0	605.0	890.0	710.0	15700
2019-01-04	690.0	655.0	690.0	655.0	500
2019-01-07	660.0	660.0	660.0	660.0	
2019-01-07	660.0	660.0	660.0	660.0	100
					0
2019-01-09	660.0	660.0	660.0	660.0	100
2019-01-10	690.0	690.0	690.0	690.0	100
2019-01-11	675.0	675.0	675.0	675.0	100
2019-01-14	660.0	660.0	670.0	670.0	
2019-01-14	660.0	660.0	670.0	670.0	200
					0
2019-01-16	665.0	665.0	710.0	665.0	8600
2019-01-17	665.0	665.0	665.0	665.0	100
2019-01-18	660.0	660.0	660.0	660.0	1100
2019-01-21	690.0	655.0	710.0	710.0	
2019-01-21	690.0	655.0	710.0	710.0	1000
					0
					0
					0
					0
					0
					0
					0
					0
2019-02-01	565.0	565.0	640.0	640.0	
2019-02-01	565.0	565.0	640.0	640.0	4700
					0
2019-02-06	640.0	635.0	640.0	635.0	800
2019-02-07	735.0	735.0	735.0	735.0	100
2019-02-08	785.0	785.0	785.0	785.0	100
2019-02-11	835.0	655.0	835.0	655.0	200
2019-02-12	620.0	555.0	620.0	555.0	300
2019-02-13	580.0	580.0	655.0	655.0	300
2019-02-14	560.0	560.0	645.0	645.0	600
2019-02-14	560.0	560.0	645.0	645.0	
					0
2019-02-18	600.0	500.0	675.0	640.0	5800
2019-02-19	640.0	640.0	640.0	640.0	900
2019-02-20	675.0	675.0	675.0	675.0	200
2019-02-20	675.0	675.0	675.0	675.0	
					0
2019-02-22	670.0	670.0	840.0	840.0	68000
2019-02-25	850.0	850.0	970.0	950.0	4800
2019-02-26	935.0	720.0	960.0	890.0	2500
2019-02-26	935.0	720.0	960.0	890.0	
					0
2019-02-28	720.0	720.0	750.0	720.0	3500
2019-03-01	670.0	670.0	670.0	670.0	200
2019-03-04	670.0	670.0	670.0	670.0	
2019-03-04	670.0	670.0	670.0	670.0	100
					0
					0
2019-03-08	515.0	515.0	560.0	560.0	900
2019-03-08	515.0	515.0	560.0	560.0	
					0
2019-03-12	560.0	560.0	700.0	700.0	
2019-03-12	560.0	560.0	700.0	700.0	1000
					0
					0
2019-03-15	705.0	610.0	760.0	610.0	400
2019-03-18	755.0	755.0	760.0	760.0	1200
2019-03-19	760.0	760.0	760.0	760.0	
2019-03-19	760.0	760.0	760.0	760.0	900
					0
2019-03-21	575.0	575.0	575.0	575.0	
2019-03-21	575.0	575.0	575.0	575.0	100
					0
2019-03-25	580.0	580.0	580.0	580.0	
2019-03-25	580.0	580.0	580.0	580.0	100
					0
					0
					0
2019-03-29	585.0	585.0	725.0	685.0	3500
2019-04-01	735.0	690.0	735.0	690.0	400
2019-04-02	770.0	770.0	770.0	770.0	100
2019-04-04	770.0	770.0	770.0	770.0	
2019-04-04	770.0	770.0	770.0	770.0	100
					0
					0
2019-04-09	820.0	600.0	870.0	645.0	9100
2019-04-10	605.0	605.0	635.0	635.0	
2019-04-10	605.0	605.0	635.0	635.0	400
					0
2019-04-12	635.0	635.0	635.0	635.0	100
2019-04-15	625.0	625.0	635.0	635.0	2300
2019-04-16	655.0	635.0	655.0	645.0	
2019-04-16	655.0	635.0	655.0	645.0	1000
					0
2019-04-22	635.0	605.0	635.0	635.0	
2019-04-22	635.0	605.0	635.0	635.0	2500
					0
2019-04-24	605.0	605.0	605.0	605.0	200
2019-04-25	605.0	605.0	605.0	605.0	1000
2019-04-26	655.0	655.0	655.0	655.0	
2019-04-26	655.0	655.0	655.0	655.0	100
					0
					0
2019-05-02	605.0	530.0	605.0	530.0	1000
2019-05-03	535.0	535.0	590.0	590.0	400
2019-05-06	590.0	590.0	590.0	590.0	
2019-05-06	590.0	590.0	590.0	590.0	200
					0
					0
					0
2019-05-10	620.0	620.0	620.0	620.0	100
2019-05-10	620.0	620.0	620.0	620.0	
					0
					0
					0
					0
					0
					0
					0
					0
					0
					0
					0
					0
					0
					0
					0
2019-06-11	660.0	660.0	660.0	660.0	100
2019-06-12	545.0	545.0	545.0	545.0	
2019-06-12	545.0	545.0	545.0	545.0	1400
					0
					0
2019-06-17	580.0	520.0	580.0	520.0	6900
2019-06-17	580.0	520.0	580.0	520.0	
					0
2019-06-19	515.0	505.0	600.0	600.0	11100
2019-06-20	510.0	510.0	585.0	525.0	24900
2019-06-21	520.0	510.0	525.0	510.0	10700
2019-06-24	515.0	510.0	515.0	510.0	
2019-06-24	515.0	510.0	515.0	510.0	2100
					0
					0
2019-06-27	515.0	515.0	515.0	515.0	1400
2019-06-27	515.0	515.0	515.0	515.0	
					0
					0
					0
					0
2019-07-04	550.0	520.0	555.0	520.0	16800
2019-07-05	530.0	530.0	530.0	530.0	200
2019-07-08	575.0	575.0	575.0	575.0	100
2019-07-08	575.0	575.0	575.0	575.0	
					0
					0
2019-07-11	580.0	580.0	580.0	580.0	
2019-07-11	580.0	580.0	580.0	580.0	5000
					0
2019-07-15	570.0	570.0	580.0	580.0	12400
2019-07-16	575.0	575.0	580.0	580.0	40300
2019-07-17	580.0	580.0	580.0	580.0	1100
2019-07-17	580.0	580.0	580.0	580.0	
					0
					0
					0
					0
					0
					0
					0
					0
					0
					0
					0
2019-08-02	595.0	595.0	595.0	595.0	100
2019-08-05	570.0	545.0	570.0	545.0	1200
2019-08-06	515.0	515.0	515.0	515.0	
2019-08-06	515.0	515.0	515.0	515.0	100
					0
					0
					0
2019-08-12	535.0	535.0	535.0	535.0	
2019-08-12	535.0	535.0	535.0	535.0	100
					0
					0
					0
					0
					0
					0
					0
					0
					0
					0
2019-08-27	580.0	580.0	580.0	580.0	
2019-08-27	580.0	580.0	580.0	580.0	100
					0
					0
					0
					0
2019-09-03	560.0	560.0	560.0	560.0	
2019-09-03	560.0	560.0	560.0	560.0	100
					0
					0
					0
					0
					0
					0
					0
					0
2019-09-16	520.0	520.0	520.0	520.0	100
2019-09-16	520.0	520.0	520.0	520.0	
					0
					0
					0
					0
					0
					0
					0
					0
2019-09-27	580.0	580.0	580.0	580.0	
2019-09-27	580.0	580.0	580.0	580.0	100
					0
					0
					0
					0
					0
					0
					0
					0
					0
					0
					0
					0
					0
					0
					0
					0
					0
					0
					0
					0
					0
					0
					0
2019-10-31	525.0	440.0	530.0	488.0	26600
2019-11-01	488.0	450.0	525.0	450.0	9200
2019-11-01	488.0	450.0	525.0	450.0	
					0
2019-11-05	450.0	450.0	450.0	450.0	
2019-11-05	450.0	450.0	450.0	450.0	200
					0
					0
					0
					0
2019-11-12	450.0	450.0	450.0	450.0	
2019-11-12	450.0	450.0	450.0	450.0	100
					0
					0
					0
					0
					0
2019-11-20	360.0	360.0	360.0	360.0	200
2019-11-20	360.0	360.0	360.0	360.0	
					0
					0
					0
					0
					0
					0
					0
					0
					0
					0
					0
					0
					0
					0
2019-12-11	450.0	332.0	450.0	332.0	
2019-12-11	450.0	332.0	450.0	332.0	300
					0
					0
					0
2019-12-17	332.0	332.0	332.0	332.0	
2019-12-17	332.0	332.0	332.0	332.0	500
					0
					0
					0
					0
					0
					0
					0
					0
					0
					0
					0
					0
					0
					0
2020-01-13	414.0	414.0	414.0	414.0	200
2020-01-13	414.0	414.0	414.0	414.0	
					0
					0
					0
					0
					0
2020-01-21	414.0	414.0	414.0	414.0	
2020-01-21	414.0	414.0	414.0	414.0	100
					0
					0
					0
					0
					0
					0
					0
					0
					0
					0
					0
2020-02-06	320.0	320.0	320.0	320.0	
2020-02-06	320.0	320.0	320.0	320.0	100
					0
					0
2020-02-11	300.0	300.0	300.0	300.0	
2020-02-11	300.0	300.0	300.0	300.0	500
					0
					0
					0
					0
					0
					0
					0
					0
					0
					0
					0
					0
					0
					0
					0
					0
					0
					0
					0
					0
					0
2020-03-12	374.0	374.0	374.0	374.0	1000
2020-03-12	374.0	374.0	374.0	374.0	
					0
					0
2020-03-17	356.0	356.0	466.0	466.0	7800
2020-03-18	565.0	436.0	565.0	476.0	300
2020-03-19	494.0	494.0	494.0	494.0	100
2020-03-20	460.0	460.0	590.0	590.0	
2020-03-20	460.0	460.0	590.0	590.0	300
					0
					0
					0
					0
2020-03-30	640.0	640.0	640.0	640.0	
2020-03-30	640.0	640.0	640.0	640.0	100
					0
					0
2020-04-02	600.0	600.0	700.0	600.0	12600
2020-04-03	560.0	560.0	560.0	560.0	100
2020-04-06	550.0	550.0	550.0	550.0	2500
2020-04-07	550.0	550.0	610.0	610.0	200
2020-04-07	550.0	550.0	610.0	610.0	
					0
					0
					0
2020-04-14	570.0	570.0	570.0	570.0	
2020-04-14	570.0	570.0	570.0	570.0	100
					0
					0
					0
					0
					0
					0
					0
					0
					0
					0
					0
					0
					0
					0
2020-05-06	540.0	540.0	540.0	540.0	100
2020-05-06	540.0	540.0	540.0	540.0	
					0
					0
					0
					0
2020-05-14	555.0	555.0	555.0	555.0	
2020-05-14	555.0	555.0	555.0	555.0	100
					0
					0
					0
					0
					0
					0
					0
2020-05-29	570.0	570.0	570.0	570.0	200
2020-05-29	570.0	570.0	570.0	570.0	
					0
					0
					0
					0
2020-06-08	545.0	545.0	545.0	545.0	
2020-06-08	545.0	545.0	545.0	545.0	100
					0
					0
					0
2020-06-12	590.0	590.0	590.0	590.0	100
2020-06-15	550.0	550.0	550.0	550.0	100
2020-06-16	515.0	515.0	515.0	515.0	100
2020-06-16	515.0	515.0	515.0	515.0	
					0
					0
					0
					0
					0
					0
					0
					0
					0
					0
					0
					0
					0
					0
					0
					0
2020-07-09	540.0	540.0	540.0	540.0	
2020-07-09	540.0	540.0	540.0	540.0	100
					0
2020-07-13	565.0	565.0	675.0	675.0	3400
2020-07-14	675.0	675.0	840.0	840.0	2900
2020-07-15	1045.0	850.0	1050.0	850.0	7700
2020-07-16	850.0	850.0	950.0	850.0	6100
2020-07-16	850.0	850.0	950.0	850.0	
					0
					0
2020-07-21	915.0	915.0	915.0	915.0	
2020-07-21	915.0	915.0	915.0	915.0	100
					0
					0
					0
					0
					0
					0
					0
					0
					0
					0
					0
2020-08-07	900.0	900.0	900.0	900.0	
2020-08-07	900.0	900.0	900.0	900.0	100
					0
					0
					0
					0
2020-08-14	890.0	890.0	890.0	890.0	
2020-08-14	890.0	890.0	890.0	890.0	200
					0
					0
					0
					0
					0
					0
					0
					0
					0
					0
					0
					0
					0
					0
					0
					0
					0
					0
					0
					0
					0
					0
					0
					0
					0
					0
					0
					0
					0
2020-09-30	890.0	890.0	890.0	890.0	
2020-09-30	890.0	890.0	890.0	890.0	200
					0
					0
2020-10-05	840.0	840.0	840.0	840.0	100
2020-10-06	790.0	790.0	790.0	790.0	100
2020-10-07	785.0	735.0	785.0	735.0	200
2020-10-08	735.0	735.0	735.0	735.0	100
2020-10-08	735.0	735.0	735.0	735.0	
					0
					0
					0
					0
					0
					0
					0
					0
					0
					0
					0
					0
					0
2020-11-02	685.0	685.0	685.0	685.0	300
2020-11-03	640.0	640.0	640.0	640.0	1400
2020-11-04	600.0	600.0	800.0	800.0	2800
2020-11-05	800.0	800.0	800.0	800.0	100
2020-11-06	770.0	770.0	770.0	770.0	100
2020-11-09	790.0	790.0	790.0	790.0	
2020-11-09	790.0	790.0	790.0	790.0	100
					0
					0
					0
					0
					0
					0
					0
2020-11-19	840.0	790.0	840.0	790.0	200
2020-11-19	840.0	790.0	840.0	790.0	
					0
					0
					0
					0
2020-11-26	790.0	790.0	980.0	980.0	200
2020-11-27	980.0	980.0	1220.0	1140.0	2500
2020-11-30	1135.0	1125.0	1135.0	1125.0	200
2020-11-30	1135.0	1125.0	1135.0	1125.0	
					0
					0
					0
					0
					0
2020-12-08	1100.0	1100.0	1100.0	1100.0	400
2020-12-10	1100.0	1100.0	1100.0	1100.0	200
2020-12-10	1100.0	1100.0	1100.0	1100.0	
					0
					0
					0
2020-12-16	1075.0	1075.0	1075.0	1075.0	800
2020-12-17	1075.0	1075.0	1075.0	1075.0	400
2020-12-18	1070.0	1070.0	1070.0	1070.0	200
2020-12-18	1070.0	1070.0	1070.0	1070.0	
					0
					0
					0
2020-12-28	1070.0	1070.0	1070.0	1070.0	200
2020-12-28	1070.0	1070.0	1070.0	1070.0	
					0
					0
					0
					0
					0
2021-01-07	1025.0	1025.0	1025.0	1025.0	
2021-01-07	1025.0	1025.0	1025.0	1025.0	100
					0
					0
					0
2021-01-13	1020.0	1020.0	1025.0	1025.0	300
2021-01-14	965.0	955.0	965.0	955.0	2000
2021-01-14	965.0	955.0	965.0	955.0	
					0
2021-01-18	910.0	910.0	910.0	910.0	100
2021-01-19	860.0	860.0	900.0	900.0	200
2021-01-20	845.0	845.0	845.0	845.0	100
2021-01-21	845.0	795.0	845.0	795.0	1200
2021-01-22	745.0	745.0	745.0	745.0	100
2021-01-25	745.0	745.0	825.0	745.0	800
2021-01-26	750.0	750.0	750.0	750.0	200
2021-01-27	705.0	700.0	705.0	700.0	
2021-01-27	705.0	700.0	705.0	700.0	200
					0
2021-01-29	660.0	660.0	660.0	660.0	100
2021-02-01	615.0	615.0	615.0	615.0	100
2021-02-01	615.0	615.0	615.0	615.0	
					0
2021-02-03	615.0	615.0	620.0	620.0	700
2021-02-04	585.0	585.0	585.0	585.0	200
2021-02-05	545.0	545.0	545.0	545.0	100
2021-02-08	545.0	515.0	545.0	520.0	400
2021-02-09	520.0	488.0	520.0	488.0	
2021-02-09	520.0	488.0	520.0	488.0	200
					0
2021-02-11	484.0	484.0	498.0	498.0	500
2021-02-15	468.0	468.0	468.0	468.0	100
2021-02-16	482.0	482.0	482.0	482.0	
2021-02-16	482.0	482.0	482.0	482.0	400
					0
					0
2021-02-19	482.0	454.0	482.0	456.0	
2021-02-19	482.0	454.0	482.0	456.0	300
					0
2021-02-23	456.0	440.0	456.0	440.0	
2021-02-23	456.0	440.0	456.0	440.0	500
					0
					0
					0
					0
2021-03-02	444.0	444.0	444.0	444.0	500
2021-03-03	414.0	414.0	414.0	414.0	
2021-03-03	414.0	414.0	414.0	414.0	100
					0
					0
					0
					0
2021-03-10	416.0	400.0	416.0	400.0	200
2021-03-12	400.0	400.0	400.0	400.0	
2021-03-12	400.0	400.0	400.0	400.0	300
					0
					0
					0
2021-03-18	374.0	374.0	374.0	374.0	
2021-03-18	374.0	374.0	374.0	374.0	100
					0
					0
2021-03-23	356.0	356.0	356.0	356.0	
2021-03-23	356.0	356.0	356.0	356.0	100
					0
					0
					0
					0
					0
					0
					0
					0
					0
2021-04-07	362.0	362.0	402.0	402.0	22100
2021-04-08	500.0	404.0	500.0	500.0	15400
2021-04-09	620.0	540.0	625.0	540.0	13400
2021-04-12	535.0	505.0	670.0	550.0	38000
2021-04-13	550.0	515.0	660.0	600.0	
2021-04-13	550.0	515.0	660.0	600.0	9900
					0
2021-04-15	650.0	560.0	650.0	560.0	4600
2021-04-16	525.0	525.0	680.0	680.0	9100
2021-04-19	680.0	635.0	680.0	635.0	1800
2021-04-20	620.0	620.0	620.0	620.0	100
2021-04-21	620.0	580.0	620.0	580.0	200
2021-04-22	540.0	540.0	540.0	540.0	1500
2021-04-23	670.0	510.0	670.0	550.0	26400
2021-04-26	520.0	520.0	520.0	520.0	800
2021-04-27	486.0	486.0	650.0	650.0	166700
2021-04-28	660.0	605.0	810.0	605.0	216300
2021-04-29	655.0	565.0	660.0	565.0	28000
2021-04-30	550.0	530.0	565.0	530.0	25800
2021-05-03	530.0	494.0	530.0	494.0	45600
2021-05-04	494.0	460.0	500.0	490.0	30600
2021-05-05	500.0	460.0	605.0	482.0	7800
2021-05-06	462.0	462.0	515.0	500.0	10000
2021-05-07	500.0	466.0	520.0	498.0	20100
2021-05-10	466.0	466.0	474.0	474.0	200
2021-05-11	466.0	466.0	484.0	484.0	4000
2021-05-17	570.0	464.0	570.0	490.0	6900
2021-05-18	470.0	468.0	490.0	488.0	
2021-05-18	470.0	468.0	490.0	488.0	800
					0
2021-05-20	476.0	454.0	476.0	454.0	5100
2021-05-21	454.0	446.0	454.0	446.0	11700
2021-05-24	452.0	430.0	452.0	450.0	600
2021-05-25	480.0	480.0	480.0	480.0	100
2021-05-27	454.0	448.0	454.0	448.0	6600
2021-05-28	448.0	448.0	448.0	448.0	800
2021-05-31	418.0	418.0	448.0	418.0	6600
2021-06-02	418.0	390.0	515.0	515.0	77200
2021-06-03	550.0	480.0	640.0	484.0	95100
2021-06-04	478.0	454.0	484.0	456.0	12600
2021-06-07	452.0	430.0	570.0	570.0	249200
2021-06-08	570.0	535.0	710.0	535.0	208700
2021-06-09	525.0	498.0	530.0	498.0	11900
2021-06-10	498.0	464.0	525.0	464.0	31200
2021-06-11	460.0	450.0	462.0	450.0	18500
2021-06-14	436.0	436.0	500.0	476.0	10000
2021-06-15	476.0	450.0	590.0	468.0	126200
2021-06-16	468.0	450.0	478.0	456.0	2800
2021-06-17	472.0	426.0	500.0	488.0	6800
2021-06-18	488.0	470.0	550.0	476.0	7000
2021-06-21	484.0	450.0	496.0	496.0	3400
2021-06-22	474.0	464.0	490.0	464.0	6900
2021-06-23	450.0	450.0	460.0	450.0	7400
2021-06-24	430.0	426.0	472.0	472.0	1000
2021-06-25	450.0	440.0	460.0	460.0	1300
2021-06-28	440.0	440.0	444.0	444.0	600
2021-06-29	444.0	414.0	555.0	452.0	102200
2021-06-30	452.0	424.0	565.0	565.0	414100
2021-07-01	615.0	530.0	615.0	530.0	99100
2021-07-02	494.0	494.0	600.0	494.0	231600
2021-07-05	494.0	460.0	615.0	460.0	368000
2021-07-06	462.0	460.0	545.0	460.0	45300
2021-07-07	476.0	460.0	498.0	478.0	16700
2021-07-08	478.0	458.0	498.0	460.0	33100
2021-07-09	462.0	460.0	500.0	484.0	7800
2021-07-12	482.0	454.0	482.0	480.0	4100
2021-07-12	482.0	454.0	482.0	480.0	
					0
2021-07-14	450.0	448.0	450.0	448.0	6400
2021-07-15	510.0	420.0	510.0	468.0	1200
2021-07-16	488.0	436.0	488.0	436.0	8600
2021-07-19	480.0	410.0	480.0	410.0	9300
2021-07-21	410.0	384.0	410.0	410.0	13900
2021-07-22	478.0	408.0	478.0	436.0	5400
2021-07-23	436.0	434.0	436.0	434.0	5100
2021-07-26	432.0	430.0	432.0	430.0	1500
2021-07-27	426.0	400.0	428.0	428.0	4100
2021-07-28	406.0	402.0	478.0	460.0	16800
2021-07-29	480.0	468.0	480.0	468.0	2200
2021-07-30	468.0	436.0	468.0	436.0	12900
2021-08-02	430.0	406.0	430.0	406.0	26000
2021-08-03	478.0	404.0	478.0	404.0	23000
2021-08-04	404.0	376.0	404.0	386.0	2900
2021-08-05	384.0	380.0	384.0	380.0	85700
2021-08-06	380.0	358.0	380.0	378.0	2400
2021-08-09	376.0	354.0	376.0	376.0	11800
2021-08-09	376.0	354.0	376.0	376.0	
					0
2021-08-12	360.0	352.0	376.0	360.0	9600
2021-08-13	344.0	344.0	430.0	404.0	5400
2021-08-16	424.0	376.0	424.0	396.0	5400
2021-08-18	394.0	370.0	488.0	372.0	344700
2021-08-19	372.0	372.0	408.0	384.0	2800
2021-08-20	362.0	362.0	422.0	400.0	2600
2021-08-23	400.0	372.0	422.0	396.0	7500
2021-08-24	416.0	370.0	416.0	394.0	7800
2021-08-25	394.0	380.0	406.0	396.0	1800
2021-08-26	390.0	372.0	390.0	378.0	1900
2021-08-27	378.0	370.0	378.0	370.0	5500
2021-08-30	400.0	352.0	420.0	354.0	36800
2021-08-31	404.0	350.0	440.0	358.0	161400
2021-09-01	358.0	350.0	400.0	360.0	19300
2021-09-02	380.0	346.0	416.0	350.0	42300
2021-09-03	350.0	350.0	354.0	352.0	3900
2021-09-06	400.0	354.0	400.0	354.0	5000
2021-09-07	362.0	340.0	362.0	358.0	8400
2021-09-08	390.0	362.0	390.0	376.0	1000
2021-09-09	356.0	350.0	376.0	376.0	10300
2021-09-10	376.0	356.0	394.0	382.0	76300
2021-09-13	382.0	382.0	438.0	398.0	153500
2021-09-14	398.0	382.0	398.0	382.0	2000
2021-09-15	378.0	370.0	400.0	370.0	34100
2021-09-16	374.0	370.0	398.0	388.0	5000
2021-09-17	390.0	382.0	440.0	382.0	430700
2021-09-20	384.0	384.0	414.0	406.0	4500
2021-09-21	402.0	384.0	402.0	384.0	3200
2021-09-22	384.0	384.0	396.0	396.0	500
2021-09-23	394.0	370.0	394.0	370.0	13800
2021-09-24	362.0	362.0	378.0	362.0	1800
2021-09-27	362.0	362.0	362.0	362.0	2400
2021-09-28	362.0	350.0	362.0	350.0	6800
2021-09-29	350.0	350.0	350.0	350.0	500
2021-09-30	350.0	350.0	398.0	356.0	12500
2021-10-01	356.0	350.0	356.0	356.0	1500
2021-10-04	372.0	372.0	372.0	372.0	1300
2021-10-05	392.0	392.0	464.0	464.0	164700
2021-10-06	490.0	482.0	580.0	580.0	117900
2021-10-07	620.0	620.0	725.0	725.0	122800
2021-10-08	850.0	850.0	905.0	905.0	104000
2021-10-11	925.0	845.0	1130.0	845.0	235800
2021-10-12	790.0	790.0	790.0	790.0	4100
2021-10-13	790.0	735.0	790.0	735.0	5000
2021-10-14	735.0	685.0	735.0	685.0	12700
2021-10-15	640.0	640.0	640.0	640.0	4200
2021-10-18	600.0	600.0	800.0	800.0	157200
2021-10-19	820.0	745.0	1000.0	780.0	374300
2021-10-21	800.0	730.0	800.0	745.0	43500
2021-10-22	780.0	695.0	890.0	780.0	95900
2021-10-25	795.0	730.0	810.0	735.0	25600
2021-10-26	735.0	695.0	870.0	735.0	103800
2021-10-27	735.0	735.0	820.0	750.0	47300
2021-10-28	750.0	710.0	810.0	710.0	12200
2021-10-29	715.0	715.0	795.0	780.0	14400
2021-11-01	735.0	735.0	765.0	760.0	8300
2021-11-02	760.0	725.0	820.0	765.0	9100
2021-11-03	765.0	720.0	800.0	740.0	21600
2021-11-04	790.0	715.0	790.0	725.0	19400
2021-11-05	725.0	720.0	790.0	730.0	10300
2021-11-08	730.0	685.0	760.0	705.0	8800
2021-11-09	705.0	690.0	735.0	735.0	5500
2021-11-10	700.0	690.0	705.0	695.0	4800
2021-11-11	695.0	655.0	740.0	715.0	63000
2021-11-12	700.0	675.0	715.0	705.0	4400
2021-11-15	660.0	660.0	705.0	665.0	7500
2021-11-16	665.0	635.0	740.0	720.0	30600
2021-11-17	725.0	670.0	740.0	670.0	32300
2021-11-18	670.0	625.0	670.0	630.0	26400
2021-11-19	630.0	630.0	680.0	650.0	14600
2021-11-22	690.0	605.0	690.0	610.0	7700
2021-11-23	610.0	610.0	660.0	620.0	14400
2021-11-24	585.0	580.0	740.0	675.0	25000
2021-11-25	675.0	630.0	675.0	630.0	2200
2021-11-26	595.0	590.0	600.0	595.0	20400
2021-11-29	595.0	595.0	735.0	735.0	9400
2021-11-30	735.0	685.0	750.0	690.0	40300
2021-12-01	695.0	650.0	700.0	695.0	23100
2021-12-02	650.0	650.0	695.0	650.0	15100
2021-12-03	650.0	605.0	710.0	630.0	22600
2021-12-06	675.0	590.0	675.0	590.0	12000
2021-12-07	590.0	590.0	620.0	620.0	5600
2021-12-08	620.0	580.0	635.0	615.0	4000
2021-12-09	630.0	600.0	680.0	675.0	9900
2021-12-10	665.0	630.0	665.0	630.0	9800
2021-12-13	600.0	590.0	610.0	600.0	17900
2021-12-14	600.0	590.0	600.0	600.0	10800
2021-12-15	600.0	595.0	615.0	615.0	1200
2021-12-16	610.0	605.0	610.0	605.0	300
2021-12-17	600.0	600.0	600.0	600.0	2300
2021-12-20	565.0	565.0	600.0	600.0	300
2021-12-21	565.0	565.0	595.0	595.0	300
2021-12-22	595.0	595.0	605.0	605.0	200
2021-12-23	605.0	565.0	605.0	595.0	1200
2021-12-24	570.0	570.0	570.0	570.0	1800
2021-12-27	565.0	565.0	600.0	595.0	
2021-12-27	565.0	565.0	600.0	595.0	2200
					0
2021-12-29	555.0	555.0	555.0	555.0	5000
2021-12-30	555.0	555.0	685.0	665.0	17700
2022-01-03	700.0	625.0	725.0	640.0	21600
2022-01-04	690.0	605.0	690.0	610.0	2100
2022-01-05	605.0	600.0	605.0	600.0	2200
2022-01-06	600.0	600.0	685.0	630.0	5200
2022-01-07	590.0	590.0	690.0	660.0	2800
2022-01-10	625.0	620.0	625.0	620.0	3200
2022-01-10	625.0	620.0	625.0	620.0	
					0
2022-01-12	620.0	585.0	620.0	620.0	1400
2022-01-13	585.0	585.0	715.0	705.0	2300
2022-01-14	660.0	660.0	660.0	660.0	2300
2022-01-17	655.0	655.0	660.0	660.0	900
2022-01-18	615.0	615.0	615.0	615.0	9700
2022-01-19	610.0	610.0	610.0	610.0	300
2022-01-20	610.0	610.0	640.0	640.0	2000
2022-01-21	640.0	640.0	640.0	640.0	300
2022-01-21	640.0	640.0	640.0	640.0	
					0
2022-01-25	605.0	600.0	715.0	695.0	3600
2022-01-26	650.0	650.0	650.0	650.0	7100
2022-01-27	610.0	605.0	615.0	615.0	1400
2022-01-28	660.0	660.0	660.0	660.0	600
2022-01-31	615.0	615.0	635.0	635.0	2200
2022-02-02	595.0	595.0	625.0	625.0	300
2022-02-03	590.0	590.0	625.0	625.0	200
2022-02-04	625.0	625.0	625.0	625.0	5300
2022-02-07	625.0	625.0	625.0	625.0	100
2022-02-07	625.0	625.0	625.0	625.0	
					0
					0
2022-02-10	620.0	620.0	725.0	690.0	17800
2022-02-11	690.0	645.0	690.0	675.0	3600
2022-02-14	660.0	660.0	660.0	660.0	600
2022-02-14	660.0	660.0	660.0	660.0	
					0
2022-02-16	615.0	615.0	650.0	650.0	1400
2022-02-17	615.0	615.0	650.0	650.0	900
2022-02-18	650.0	630.0	720.0	680.0	11600
2022-02-21	660.0	635.0	680.0	680.0	2200
2022-02-22	665.0	665.0	670.0	665.0	2300
2022-02-23	620.0	620.0	665.0	620.0	500
2022-02-24	620.0	620.0	685.0	685.0	800
2022-02-25	680.0	680.0	680.0	680.0	300
2022-03-01	675.0	675.0	675.0	675.0	1100
2022-03-02	675.0	675.0	675.0	675.0	100
2022-03-02	675.0	675.0	675.0	675.0	
					0
					0
2022-03-08	675.0	630.0	675.0	665.0	11600
2022-03-08	675.0	630.0	675.0	665.0	
					0
2022-03-10	655.0	655.0	655.0	655.0	200
2022-03-11	640.0	640.0	815.0	650.0	12800
2022-03-14	605.0	605.0	650.0	650.0	200
2022-03-15	650.0	650.0	650.0	650.0	1500
2022-03-16	650.0	605.0	780.0	750.0	18000
2022-03-17	710.0	700.0	710.0	700.0	800
2022-03-18	655.0	655.0	690.0	655.0	3000
2022-03-21	615.0	615.0	655.0	655.0	2600
2022-03-22	615.0	610.0	655.0	645.0	2400
2022-03-23	640.0	640.0	665.0	665.0	4600
2022-03-24	660.0	650.0	700.0	690.0	
2022-03-24	660.0	650.0	700.0	690.0	2000
					0
2022-03-28	680.0	680.0	680.0	680.0	
2022-03-28	680.0	680.0	680.0	680.0	200
					0
2022-03-30	680.0	635.0	805.0	640.0	58100
2022-03-31	635.0	605.0	725.0	725.0	4600
2022-04-01	675.0	675.0	690.0	690.0	400
2022-04-04	680.0	680.0	680.0	680.0	
2022-04-04	680.0	680.0	680.0	680.0	1000
					0
					0
					0
					0
					0
					0
2022-04-13	735.0	635.0	735.0	660.0	
2022-04-13	735.0	635.0	735.0	660.0	3400
					0
					0
2022-04-19	620.0	620.0	620.0	620.0	100
2022-04-20	620.0	620.0	620.0	620.0	500
2022-04-21	620.0	620.0	620.0	620.0	100
2022-04-22	585.0	585.0	695.0	695.0	2200
2022-04-25	675.0	650.0	675.0	650.0	200
2022-04-26	605.0	605.0	610.0	610.0	2100
2022-04-27	610.0	575.0	610.0	575.0	200
2022-04-28	575.0	540.0	655.0	650.0	14700
2022-05-09	610.0	610.0	610.0	610.0	400
2022-05-10	610.0	570.0	750.0	670.0	40200
2022-05-11	625.0	625.0	700.0	685.0	
2022-05-11	625.0	625.0	700.0	685.0	2500
					0
					0
2022-05-17	655.0	655.0	655.0	655.0	100
2022-05-18	610.0	610.0	610.0	610.0	2500
2022-05-19	570.0	570.0	580.0	570.0	10500
2022-05-20	535.0	535.0	595.0	535.0	10100
2022-05-23	635.0	500.0	665.0	575.0	20700
2022-05-24	535.0	535.0	635.0	545.0	7600
2022-05-25	615.0	540.0	665.0	540.0	9700
2022-05-27	640.0	545.0	665.0	545.0	24800
2022-05-30	545.0	520.0	545.0	525.0	10800
2022-05-31	525.0	525.0	575.0	530.0	15600
2022-06-02	515.0	515.0	580.0	570.0	23100
2022-06-03	570.0	565.0	580.0	580.0	3900
2022-06-06	580.0	580.0	580.0	580.0	600
2022-06-07	580.0	580.0	585.0	585.0	4200
2022-06-08	545.0	545.0	585.0	585.0	2000
2022-06-09	545.0	545.0	565.0	565.0	500
2022-06-10	530.0	530.0	530.0	530.0	600
2022-06-13	530.0	500.0	530.0	530.0	1500
2022-06-14	530.0	530.0	530.0	530.0	
2022-06-14	530.0	530.0	530.0	530.0	300
					0
					0
					0
					0
2022-06-21	494.0	494.0	510.0	505.0	400
2022-06-22	505.0	505.0	520.0	520.0	
2022-06-22	505.0	505.0	520.0	520.0	500
					0
2022-06-24	484.0	484.0	486.0	484.0	5100
2022-06-27	484.0	456.0	484.0	456.0	300
2022-06-28	456.0	456.0	456.0	456.0	500
2022-06-29	458.0	458.0	500.0	498.0	800
2022-06-29	458.0	458.0	500.0	498.0	
					0
2022-07-01	498.0	468.0	540.0	520.0	10700
2022-07-04	492.0	492.0	492.0	492.0	100
2022-07-04	492.0	492.0	492.0	492.0	
					0
2022-07-06	535.0	535.0	535.0	535.0	700
2022-07-06	535.0	535.0	535.0	535.0	
					0
					0
					0
2022-07-12	530.0	498.0	530.0	505.0	
2022-07-12	530.0	498.0	530.0	505.0	900
					0
					0
2022-07-15	472.0	470.0	535.0	500.0	6500
2022-07-18	500.0	500.0	500.0	500.0	1600
2022-07-18	500.0	500.0	500.0	500.0	
					0
2022-07-20	530.0	482.0	530.0	510.0	400
2022-07-20	530.0	482.0	530.0	510.0	
					0
2022-07-22	555.0	476.0	555.0	515.0	500
2022-07-25	515.0	515.0	515.0	515.0	100
2022-07-26	480.0	480.0	515.0	515.0	
2022-07-26	480.0	480.0	515.0	515.0	1100
					0
					0
					0
2022-08-01	484.0	480.0	484.0	480.0	2700
2022-08-02	454.0	454.0	454.0	454.0	1000
2022-08-03	484.0	442.0	484.0	442.0	200
2022-08-04	422.0	414.0	476.0	450.0	2200
2022-08-05	484.0	450.0	484.0	450.0	900
2022-08-08	468.0	468.0	468.0	468.0	100
2022-08-09	450.0	436.0	460.0	436.0	2000
2022-08-10	436.0	408.0	458.0	458.0	44600
2022-08-10	436.0	408.0	458.0	458.0	
					0
2022-08-12	462.0	462.0	462.0	462.0	100
2022-08-15	462.0	462.0	462.0	462.0	100
2022-08-16	462.0	462.0	462.0	462.0	100
2022-08-18	464.0	464.0	464.0	464.0	100
2022-08-19	474.0	432.0	480.0	458.0	2600
2022-08-22	470.0	442.0	470.0	442.0	200
2022-08-23	448.0	434.0	470.0	456.0	2700
2022-08-24	432.0	432.0	472.0	450.0	2900
2022-08-25	434.0	428.0	434.0	430.0	400
2022-08-25	434.0	428.0	434.0	430.0	
					0
					0
					0
					0
					0
2022-09-02	472.0	472.0	472.0	472.0	500
2022-09-05	476.0	476.0	476.0	476.0	300
2022-09-06	476.0	476.0	476.0	476.0	
2022-09-06	476.0	476.0	476.0	476.0	300
					0
					0
					0
					0
2022-09-13	456.0	446.0	466.0	466.0	1100
2022-09-14	464.0	464.0	464.0	464.0	800
2022-09-15	462.0	450.0	482.0	482.0	1400
2022-09-16	482.0	482.0	482.0	482.0	
2022-09-16	482.0	482.0	482.0	482.0	300
					0
2022-09-20	458.0	450.0	482.0	450.0	23300
2022-09-21	468.0	426.0	468.0	460.0	600
2022-09-22	458.0	458.0	462.0	462.0	300
2022-09-23	466.0	466.0	480.0	480.0	1000
2022-09-23	466.0	466.0	480.0	480.0	
					0
					0
					0
2022-09-29	456.0	456.0	456.0	456.0	100
2022-09-30	456.0	456.0	456.0	456.0	100
2022-10-03	500.0	500.0	500.0	500.0	1000
2022-10-03	500.0	500.0	500.0	500.0	
					0
					0
2022-10-06	474.0	474.0	500.0	500.0	400
2022-10-07	498.0	498.0	498.0	498.0	
2022-10-07	498.0	498.0	498.0	498.0	100
					0
					0
					0
					0
					0
					0
					0
					0
2022-10-20	466.0	464.0	496.0	496.0	
2022-10-20	466.0	464.0	496.0	496.0	600
					0
2022-10-24	540.0	540.0	540.0	540.0	600
2022-10-25	530.0	530.0	530.0	530.0	100
2022-10-25	530.0	530.0	530.0	530.0	
					0
2022-10-27	505.0	505.0	510.0	510.0	1900
2022-10-28	505.0	505.0	505.0	505.0	200
2022-10-31	505.0	505.0	520.0	520.0	
2022-10-31	505.0	505.0	520.0	520.0	600
					0
					0
					0
2022-11-04	505.0	505.0	505.0	505.0	200
2022-11-07	505.0	505.0	540.0	510.0	900
2022-11-08	505.0	505.0	505.0	505.0	3200
2022-11-08	505.0	505.0	505.0	505.0	
					0
2022-11-10	505.0	505.0	505.0	505.0	400
2022-11-10	505.0	505.0	505.0	505.0	
					0
2022-11-14	478.0	478.0	478.0	478.0	500
2022-11-15	464.0	464.0	464.0	464.0	19100
2022-11-15	464.0	464.0	464.0	464.0	
					0
					0
					0
					0
2022-11-22	434.0	434.0	434.0	434.0	100
2022-11-22	434.0	434.0	434.0	434.0	
					0
2022-11-24	434.0	434.0	434.0	434.0	500
2022-11-25	418.0	418.0	418.0	418.0	100
2022-11-28	418.0	418.0	418.0	418.0	9000
2022-11-28	418.0	418.0	418.0	418.0	
					0
					0
					0
					0
					0
					0
					0
					0
					0
					0
					0
					0
					0
					0
					0
					0
					0
					0
					0
					0
					0
					0
					0
					0
