Date	Price Open	Price Low	Price High	Price Close	Volume
1999-12-16	41.988560517	41.988560517	46.65395613	46.65395613	
					0
					0
					0
					0
					0
					0
					0
					0
					0
					0
					0
2000-01-21	62.20527484	62.20527484	62.20527484	62.20527484	
2000-01-21	62.20527484	62.20527484	62.20527484	62.20527484	32151
					0
					0
					0
					0
					0
					0
2000-02-01	55.984747356	55.984747356	55.984747356	55.984747356	16075
2000-02-01	55.984747356	55.984747356	55.984747356	55.984747356	
					0
					0
					0
					0
					0
2000-02-09	55.984747356	55.984747356	55.984747356	55.984747356	16075
2000-02-09	55.984747356	55.984747356	55.984747356	55.984747356	
					0
					0
					0
					0
					0
					0
					0
					0
					0
					0
					0
					0
					0
					0
					0
					0
					0
					0
					0
					0
					0
					0
					0
					0
					0
					0
					0
					0
					0
					0
					0
					0
					0
					0
					0
					0
					0
					0
					0
					0
					0
					0
					0
					0
					0
					0
					0
					0
					0
					0
					0
					0
					0
					0
					0
					0
					0
					0
					0
					0
					0
					0
					0
					0
					0
					0
					0
					0
					0
					0
					0
					0
					0
					0
					0
					0
					0
					0
					0
					0
					0
					0
					0
					0
					0
					0
					0
					0
					0
					0
					0
					0
					0
					0
					0
					0
					0
					0
					0
					0
					0
					0
					0
					0
					0
					0
					0
					0
					0
					0
					0
					0
					0
					0
					0
					0
					0
					0
					0
					0
					0
					0
2000-08-11	52.874483614	43.543692388	52.874483614	43.543692388	739487
2000-08-14	40.433428646	37.634191278	40.433428646	37.634191278	160758
2000-08-14	40.433428646	37.634191278	40.433428646	37.634191278	
					0
					0
					0
					0
					0
					0
					0
					0
					0
					0
					0
					0
					0
					0
					0
					0
					0
					0
					0
					0
					0
					0
					0
					0
					0
					0
					0
					0
					0
					0
					0
					0
					0
					0
					0
					0
					0
					0
					0
					0
					0
					0
					0
					0
					0
					0
					0
					0
					0
					0
					0
					0
					0
					0
					0
					0
					0
					0
					0
					0
					0
					0
					0
					0
					0
					0
					0
					0
					0
					0
					0
					0
					0
					0
					0
					0
					0
					0
					0
					0
					0
					0
					0
2000-12-12	37.323164904	36.545598969	38.878296775	38.878296775	643032
2000-12-13	39.655862711	38.10073084	39.655862711	38.878296775	369743
2000-12-13	39.655862711	38.10073084	39.655862711	38.878296775	
					0
					0
					0
					0
					0
					0
					0
					0
					0
					0
					0
					0
					0
					0
					0
					0
					0
					0
					0
					0
					0
					0
					0
					0
					0
					0
					0
					0
					0
					0
					0
					0
					0
					0
					0
					0
					0
					0
					0
					0
					0
					0
					0
					0
					0
					0
					0
					0
					0
					0
					0
					0
					0
					0
					0
					0
					0
					0
					0
					0
					0
					0
					0
					0
					0
					0
					0
					0
					0
					0
2001-04-03	38.10073084	37.323164904	38.10073084	38.10073084	337591
2001-04-03	38.10073084	37.323164904	38.10073084	38.10073084	
					0
					0
					0
					0
					0
					0
					0
					0
					0
					0
					0
					0
					0
					0
					0
					0
					0
					0
					0
					0
					0
					0
					0
					0
					0
					0
					0
					0
					0
					0
					0
					0
					0
					0
					0
					0
					0
					0
					0
					0
					0
					0
					0
					0
					0
					0
					0
					0
					0
					0
					0
					0
					0
					0
					0
					0
					0
					0
					0
					0
					0
					0
					0
					0
					0
					0
					0
					0
					0
					0
					0
					0
					0
					0
					0
					0
					0
2001-07-26	38.10073084	37.323164904	41.988560517	38.878296775	1302140
2001-07-26	38.10073084	37.323164904	41.988560517	38.878296775	
					0
					0
					0
					0
					0
					0
					0
					0
					0
					0
					0
					0
					0
					0
					0
					0
					0
					0
					0
					0
					0
					0
					0
					0
					0
					0
					0
					0
					0
					0
					0
					0
					0
					0
					0
					0
					0
					0
					0
					0
					0
					0
					0
					0
					0
					0
					0
					0
					0
					0
					0
					0
					0
					0
					0
					0
					0
					0
					0
					0
					0
					0
					0
					0
					0
					0
					0
					0
					0
					0
					0
					0
					0
					0
					0
					0
					0
					0
					0
					0
					0
					0
					0
					0
					0
					0
					0
					0
					0
					0
					0
					0
					0
					0
					0
					0
					0
					0
					0
					0
					0
					0
					0
					0
					0
					0
					0
					0
					0
					0
					0
					0
					0
					0
					0
					0
					0
					0
					0
					0
					0
					0
					0
					0
					0
					0
					0
					0
					0
					0
					0
					0
					0
					0
					0
					0
					0
					0
					0
					0
					0
					0
					0
					0
					0
					0
					0
					0
					0
					0
					0
					0
					0
					0
					0
					0
					0
					0
					0
					0
					0
					0
					0
					0
					0
					0
					0
					0
					0
					0
					0
					0
					0
					0
					0
					0
					0
					0
					0
					0
					0
					0
					0
					0
					0
					0
					0
					0
					0
					0
					0
					0
					0
					0
					0
					0
					0
					0
					0
					0
					0
					0
					0
					0
					0
					0
					0
					0
					0
					0
					0
					0
					0
					0
					0
					0
					0
					0
					0
					0
					0
					0
					0
					0
					0
					0
					0
					0
					0
					0
					0
					0
					0
					0
					0
					0
					0
					0
					0
					0
					0
					0
					0
					0
					0
					0
					0
					0
					0
					0
					0
					0
					0
					0
					0
					0
					0
					0
					0
					0
					0
					0
					0
					0
					0
					0
					0
					0
					0
					0
					0
					0
					0
					0
					0
					0
					0
					0
					0
					0
					0
					0
					0
					0
					0
					0
					0
					0
					0
					0
					0
					0
					0
					0
					0
					0
					0
					0
					0
					0
					0
					0
					0
					0
					0
					0
					0
					0
					0
					0
					0
					0
					0
					0
					0
					0
					0
					0
					0
					0
					0
					0
					0
					0
					0
					0
					0
					0
					0
					0
					0
					0
					0
					0
					0
					0
					0
					0
					0
					0
					0
					0
					0
					0
					0
					0
					0
					0
					0
					0
					0
					0
					0
					0
					0
					0
					0
					0
					0
					0
					0
					0
					0
					0
					0
					0
					0
					0
					0
					0
					0
					0
					0
					0
					0
					0
					0
					0
					0
					0
					0
					0
					0
					0
					0
					0
					0
					0
					0
					0
					0
					0
					0
					0
					0
					0
					0
					0
					0
					0
					0
					0
					0
					0
					0
					0
					0
					0
					0
					0
					0
					0
					0
					0
					0
					0
					0
					0
					0
					0
					0
					0
					0
					0
					0
					0
					0
					0
					0
					0
					0
					0
					0
					0
					0
					0
					0
					0
					0
					0
					0
					0
					0
					0
					0
					0
					0
					0
					0
					0
					0
					0
					0
					0
					0
					0
					0
					0
					0
					0
					0
					0
					0
					0
					0
					0
					0
					0
					0
					0
					0
					0
					0
					0
					0
					0
					0
					0
					0
					0
					0
					0
					0
					0
					0
					0
					0
					0
					0
					0
					0
					0
					0
					0
					0
					0
					0
					0
					0
					0
					0
					0
					0
					0
					0
					0
					0
					0
					0
					0
					0
					0
					0
					0
					0
					0
					0
					0
					0
					0
					0
					0
					0
					0
					0
					0
					0
					0
					0
					0
					0
					0
					0
					0
					0
					0
					0
					0
					0
					0
					0
					0
					0
					0
					0
					0
					0
					0
					0
					0
					0
					0
					0
					0
					0
					0
					0
					0
					0
					0
					0
					0
					0
					0
					0
					0
					0
					0
					0
					0
					0
					0
					0
					0
					0
					0
					0
					0
					0
					0
					0
					0
					0
					0
					0
					0
					0
					0
					0
					0
					0
					0
					0
					0
					0
					0
					0
					0
					0
					0
					0
					0
					0
					0
					0
					0
					0
					0
					0
					0
					0
					0
					0
					0
					0
					0
					0
					0
					0
					0
					0
					0
					0
					0
					0
					0
					0
					0
					0
					0
					0
					0
					0
					0
					0
					0
					0
					0
					0
					0
					0
					0
					0
					0
					0
					0
					0
					0
					0
					0
					0
					0
					0
					0
					0
					0
					0
					0
					0
					0
					0
					0
					0
					0
					0
					0
					0
					0
					0
					0
					0
					0
					0
					0
					0
					0
					0
					0
					0
					0
					0
					0
					0
					0
					0
					0
					0
					0
					0
					0
					0
					0
					0
					0
					0
					0
					0
					0
					0
					0
					0
					0
					0
					0
					0
					0
					0
					0
					0
					0
					0
					0
					0
					0
					0
					0
					0
					0
					0
					0
					0
					0
					0
					0
					0
					0
					0
					0
					0
					0
					0
					0
					0
					0
					0
					0
					0
					0
					0
					0
					0
					0
					0
					0
					0
					0
					0
					0
					0
					0
					0
					0
					0
					0
					0
					0
					0
					0
					0
					0
					0
					0
					0
					0
					0
					0
					0
					0
					0
					0
					0
					0
					0
					0
					0
					0
					0
					0
					0
					0
					0
					0
					0
					0
					0
					0
					0
					0
					0
					0
					0
					0
					0
					0
					0
					0
					0
					0
					0
					0
					0
					0
					0
					0
					0
					0
					0
					0
					0
					0
					0
					0
					0
					0
					0
					0
					0
					0
					0
					0
					0
					0
					0
					0
					0
					0
					0
					0
					0
					0
					0
					0
					0
					0
					0
					0
					0
					0
					0
					0
					0
					0
					0
					0
					0
					0
					0
					0
					0
					0
					0
					0
					0
					0
					0
					0
					0
					0
					0
					0
					0
					0
					0
					0
					0
					0
					0
					0
					0
					0
					0
					0
					0
					0
					0
					0
					0
					0
					0
					0
					0
					0
					0
					0
					0
					0
					0
					0
					0
					0
					0
					0
					0
					0
					0
					0
					0
					0
					0
					0
					0
					0
					0
					0
					0
					0
					0
					0
					0
					0
					0
					0
					0
					0
					0
					0
					0
					0
					0
					0
					0
					0
					0
					0
					0
					0
					0
					0
					0
					0
					0
					0
					0
					0
					0
					0
					0
					0
					0
					0
					0
					0
					0
					0
					0
					0
					0
					0
					0
					0
					0
					0
					0
					0
					0
					0
					0
					0
					0
					0
					0
					0
					0
					0
					0
					0
					0
					0
					0
					0
					0
					0
					0
					0
					0
					0
					0
					0
					0
					0
					0
					0
					0
					0
					0
					0
					0
					0
					0
					0
					0
					0
					0
					0
					0
					0
					0
					0
					0
					0
					0
					0
					0
					0
					0
					0
					0
					0
					0
					0
					0
					0
					0
					0
					0
					0
2005-09-28	27.37032093	27.37032093	36.079059407	36.079059407	32151
2005-09-28	27.37032093	27.37032093	36.079059407	36.079059407	
					0
					0
					0
					0
					0
					0
					0
					0
					0
					0
					0
					0
					0
					0
					0
					0
					0
					0
					0
					0
					0
					0
					0
					0
					0
					0
					0
					0
					0
					0
					0
					0
					0
					0
					0
					0
					0
					0
					0
					0
					0
					0
					0
					0
					0
					0
					0
					0
					0
					0
					0
					0
					0
					0
					0
					0
					0
					0
					0
					0
					0
					0
					0
					0
					0
					0
					0
					0
					0
					0
					0
					0
					0
					0
					0
					0
					0
					0
					0
					0
					0
					0
					0
					0
					0
					0
					0
					0
					0
					0
					0
					0
					0
					0
					0
					0
					0
					0
					0
					0
					0
					0
					0
					0
					0
					0
					0
					0
					0
					0
					0
					0
					0
					0
					0
					0
					0
					0
					0
					0
					0
					0
					0
					0
					0
					0
					0
					0
					0
					0
					0
					0
					0
					0
					0
					0
					0
					0
					0
					0
					0
					0
					0
					0
					0
					0
					0
					0
					0
					0
					0
					0
					0
					0
					0
					0
					0
					0
					0
					0
					0
					0
					0
					0
					0
					0
					0
					0
					0
					0
					0
					0
					0
					0
					0
					0
					0
					0
					0
					0
					0
					0
					0
					0
					0
					0
					0
					0
					0
					0
					0
					0
					0
					0
					0
					0
					0
					0
					0
					0
					0
					0
					0
					0
					0
					0
					0
					0
					0
					0
					0
					0
					0
					0
					0
					0
					0
					0
					0
					0
					0
					0
					0
					0
					0
					0
					0
					0
					0
					0
					0
					0
					0
					0
					0
					0
					0
					0
					0
					0
					0
					0
					0
					0
					0
					0
					0
					0
					0
					0
					0
					0
					0
					0
					0
					0
					0
					0
					0
					0
					0
					0
					0
					0
					0
					0
					0
					0
					0
					0
					0
					0
					0
					0
					0
					0
					0
					0
					0
					0
					0
					0
					0
					0
					0
					0
					0
					0
					0
					0
					0
					0
					0
					0
					0
					0
					0
					0
					0
					0
					0
					0
					0
					0
					0
					0
					0
					0
					0
					0
					0
					0
					0
					0
					0
					0
					0
					0
					0
					0
					0
					0
					0
					0
					0
					0
					0
					0
					0
					0
					0
					0
					0
					0
					0
					0
					0
					0
					0
					0
					0
					0
					0
					0
					0
					0
					0
					0
					0
					0
					0
					0
					0
					0
					0
					0
					0
					0
					0
					0
					0
					0
					0
					0
					0
					0
					0
					0
					0
					0
					0
					0
					0
					0
					0
					0
					0
					0
					0
					0
					0
					0
					0
					0
					0
					0
					0
					0
					0
					0
					0
					0
					0
					0
					0
					0
					0
					0
					0
					0
					0
					0
					0
					0
					0
					0
					0
					0
					0
					0
					0
					0
					0
					0
					0
					0
					0
					0
					0
					0
					0
					0
					0
					0
					0
					0
					0
					0
					0
					0
					0
					0
					0
					0
					0
					0
					0
					0
					0
					0
					0
					0
					0
					0
					0
					0
					0
					0
					0
					0
					0
					0
					0
					0
					0
					0
					0
					0
					0
					0
					0
					0
					0
					0
					0
					0
					0
					0
					0
					0
					0
					0
					0
					0
					0
					0
					0
					0
					0
					0
					0
					0
					0
					0
					0
					0
					0
					0
					0
					0
					0
					0
					0
					0
					0
					0
					0
					0
					0
					0
					0
					0
					0
					0
					0
					0
					0
					0
					0
					0
					0
					0
					0
					0
					0
					0
					0
					0
					0
					0
					0
					0
					0
					0
					0
					0
					0
					0
					0
					0
					0
					0
					0
					0
					0
					0
					0
					0
					0
					0
					0
					0
					0
					0
					0
					0
					0
					0
					0
					0
					0
					0
					0
					0
					0
					0
					0
					0
					0
					0
					0
					0
					0
					0
					0
					0
					0
					0
					0
					0
					0
					0
					0
					0
					0
					0
					0
					0
					0
					0
					0
					0
					0
					0
					0
					0
					0
					0
					0
					0
					0
					0
					0
					0
					0
					0
					0
					0
					0
					0
					0
					0
					0
					0
					0
					0
					0
					0
					0
					0
					0
					0
					0
					0
					0
					0
					0
					0
					0
					0
					0
					0
					0
					0
					0
					0
					0
					0
					0
					0
					0
					0
					0
					0
					0
					0
					0
					0
					0
					0
					0
					0
					0
					0
					0
					0
					0
					0
					0
					0
					0
					0
					0
					0
					0
					0
					0
					0
					0
					0
					0
					0
					0
					0
					0
					0
					0
					0
					0
					0
					0
					0
					0
					0
					0
					0
					0
					0
					0
					0
					0
					0
					0
					0
					0
					0
					0
					0
					0
					0
					0
					0
					0
					0
					0
					0
					0
					0
					0
					0
					0
					0
					0
					0
					0
					0
					0
					0
					0
					0
					0
					0
					0
					0
					0
					0
					0
					0
					0
					0
					0
					0
					0
					0
					0
					0
					0
					0
					0
					0
					0
					0
					0
					0
					0
					0
					0
					0
					0
					0
					0
					0
					0
					0
					0
					0
					0
					0
					0
					0
					0
					0
					0
					0
					0
					0
					0
					0
					0
					0
					0
					0
					0
					0
					0
					0
					0
					0
					0
					0
					0
					0
					0
					0
					0
					0
					0
					0
					0
					0
					0
					0
					0
					0
					0
					0
					0
					0
					0
					0
					0
					0
					0
					0
					0
					0
					0
					0
					0
					0
					0
					0
					0
					0
					0
					0
					0
					0
					0
					0
					0
					0
					0
					0
					0
					0
					0
					0
					0
					0
					0
					0
					0
					0
					0
					0
					0
					0
					0
					0
					0
					0
					0
					0
					0
					0
					0
					0
					0
					0
					0
					0
					0
					0
					0
					0
					0
					0
					0
					0
					0
					0
					0
					0
					0
					0
					0
					0
					0
					0
					0
					0
					0
					0
					0
					0
					0
					0
					0
					0
					0
					0
					0
					0
					0
					0
					0
					0
					0
					0
					0
					0
					0
					0
					0
					0
					0
					0
					0
					0
					0
					0
					0
					0
					0
					0
					0
					0
					0
					0
					0
					0
					0
					0
					0
					0
					0
					0
					0
					0
					0
					0
					0
					0
					0
					0
					0
					0
					0
					0
					0
					0
					0
					0
					0
					0
					0
					0
					0
					0
					0
					0
					0
					0
					0
					0
					0
					0
					0
					0
					0
					0
					0
					0
					0
					0
					0
					0
					0
					0
					0
					0
					0
					0
					0
					0
					0
					0
					0
					0
					0
					0
					0
					0
					0
					0
					0
					0
					0
					0
					0
					0
					0
					0
					0
					0
					0
					0
					0
					0
					0
					0
					0
					0
					0
					0
					0
					0
					0
					0
					0
					0
					0
					0
					0
					0
					0
					0
					0
					0
					0
					0
					0
					0
					0
					0
					0
					0
					0
					0
					0
					0
					0
					0
					0
					0
					0
					0
					0
					0
					0
					0
					0
					0
					0
					0
					0
					0
					0
					0
					0
					0
					0
					0
					0
					0
					0
					0
					0
					0
					0
					0
					0
					0
					0
					0
					0
					0
					0
					0
					0
					0
					0
					0
					0
					0
					0
					0
					0
					0
					0
					0
					0
					0
					0
					0
					0
					0
					0
					0
					0
					0
					0
					0
					0
					0
					0
					0
					0
					0
					0
					0
					0
					0
					0
					0
					0
					0
					0
					0
					0
					0
					0
					0
					0
					0
					0
					0
					0
					0
					0
					0
					0
					0
					0
					0
					0
					0
					0
					0
					0
					0
					0
					0
					0
					0
					0
					0
					0
					0
					0
					0
					0
					0
					0
					0
					0
					0
					0
					0
					0
					0
					0
					0
					0
					0
					0
					0
					0
					0
					0
					0
					0
					0
					0
					0
					0
					0
					0
					0
					0
					0
					0
					0
					0
					0
					0
					0
					0
					0
					0
					0
					0
					0
					0
					0
					0
					0
					0
					0
					0
					0
					0
					0
					0
					0
					0
					0
					0
					0
					0
					0
					0
					0
					0
					0
					0
					0
					0
					0
					0
					0
					0
					0
					0
					0
					0
					0
					0
					0
					0
					0
					0
					0
					0
					0
					0
					0
					0
					0
					0
					0
					0
					0
					0
					0
					0
					0
					0
					0
					0
					0
					0
					0
					0
					0
					0
					0
					0
					0
					0
					0
					0
					0
					0
					0
					0
					0
					0
					0
					0
					0
					0
					0
					0
					0
					0
					0
					0
					0
					0
					0
					0
					0
					0
					0
					0
					0
					0
					0
					0
					0
					0
					0
					0
					0
					0
					0
					0
					0
					0
					0
					0
					0
					0
					0
					0
					0
					0
					0
					0
					0
					0
					0
					0
					0
					0
					0
					0
					0
					0
					0
					0
					0
					0
					0
					0
					0
					0
					0
					0
					0
					0
					0
					0
					0
					0
					0
					0
					0
					0
					0
					0
					0
					0
					0
					0
					0
					0
					0
					0
					0
					0
					0
					0
					0
					0
					0
					0
					0
					0
					0
					0
					0
					0
					0
					0
					0
					0
					0
					0
					0
					0
					0
					0
					0
					0
					0
					0
					0
					0
					0
					0
					0
					0
					0
					0
					0
					0
					0
					0
					0
2011-05-09	31.928368897	31.928368897	31.928368897	31.928368897	15660
2011-05-10	33.84407103	33.84407103	39.591177432	39.591177432	46980
2011-05-11	44.699716455	44.699716455	49.169688101	49.169688101	23490
2011-05-12	51.723957612	51.723957612	61.302468281	61.302468281	31320
2011-05-13	70.242411572	70.242411572	76.628085352	76.628085352	
2011-05-13	70.242411572	70.242411572	76.628085352	76.628085352	23490
					0
					0
					0
					0
					0
					0
					0
					0
					0
					0
					0
					0
					0
					0
					0
					0
					0
					0
					0
					0
					0
					0
					0
					0
					0
					0
					0
					0
					0
					0
					0
					0
					0
					0
					0
					0
					0
					0
					0
					0
					0
					0
					0
					0
					0
					0
					0
					0
					0
					0
					0
					0
					0
					0
					0
					0
					0
					0
					0
					0
					0
					0
					0
					0
					0
					0
					0
					0
					0
					0
					0
					0
					0
					0
					0
					0
					0
					0
					0
					0
					0
					0
					0
					0
					0
					0
					0
					0
					0
					0
					0
					0
					0
					0
					0
					0
					0
					0
					0
					0
					0
					0
					0
					0
					0
					0
					0
					0
					0
					0
					0
					0
					0
					0
					0
					0
					0
					0
					0
					0
					0
					0
					0
					0
					0
					0
					0
					0
					0
					0
					0
					0
					0
					0
					0
					0
					0
					0
					0
					0
					0
					0
					0
					0
					0
					0
					0
					0
					0
					0
					0
					0
					0
					0
					0
					0
					0
					0
					0
					0
					0
					0
					0
					0
					0
					0
					0
					0
					0
					0
					0
					0
					0
					0
					0
					0
					0
					0
					0
					0
					0
					0
					0
					0
					0
					0
					0
					0
					0
					0
					0
					0
					0
					0
					0
					0
					0
					0
					0
					0
					0
					0
					0
					0
					0
					0
					0
					0
					0
					0
					0
					0
					0
					0
					0
					0
					0
					0
					0
					0
					0
					0
					0
					0
					0
					0
					0
					0
					0
					0
					0
					0
					0
					0
					0
					0
					0
					0
					0
					0
					0
					0
					0
					0
					0
					0
					0
					0
					0
					0
					0
					0
					0
					0
					0
					0
					0
					0
					0
					0
					0
					0
					0
					0
					0
					0
					0
					0
					0
					0
					0
					0
					0
					0
					0
					0
					0
					0
					0
					0
					0
					0
					0
					0
					0
					0
					0
					0
					0
2012-07-13	76.628085352	76.628085352	89.39943291	89.39943291	23490
2012-07-16	111.11072376	111.11072376	111.11072376	111.11072376	7830
2012-07-17	137.930553633	137.930553633	137.930553633	137.930553633	7830
2012-07-18	169.858922529	169.858922529	172.413192041	172.413192041	
2012-07-18	169.858922529	169.858922529	172.413192041	172.413192041	7830
					0
2012-07-20	185.1845396	185.1845396	214.558638984	214.558638984	
2012-07-20	185.1845396	185.1845396	214.558638984	214.558638984	15660
					0
					0
					0
					0
					0
					0
					0
					0
					0
					0
					0
					0
					0
					0
					0
					0
					0
					0
					0
					0
					0
					0
					0
					0
					0
					0
					0
					0
					0
					0
					0
					0
					0
					0
					0
					0
					0
					0
					0
					0
					0
					0
					0
					0
					0
					0
					0
					0
					0
					0
					0
					0
					0
					0
					0
					0
					0
					0
					0
					0
					0
					0
					0
					0
					0
					0
					0
					0
					0
					0
					0
					0
					0
					0
					0
					0
					0
					0
					0
					0
					0
					0
					0
					0
					0
					0
					0
					0
					0
					0
					0
					0
					0
					0
					0
					0
					0
					0
					0
					0
					0
					0
					0
					0
					0
					0
					0
					0
					0
					0
					0
					0
					0
					0
					0
					0
					0
					0
					0
					0
					0
					0
					0
					0
					0
					0
					0
					0
					0
					0
					0
					0
					0
					0
					0
					0
					0
					0
					0
					0
					0
					0
					0
					0
					0
					0
					0
					0
					0
					0
					0
					0
					0
					0
					0
					0
					0
					0
					0
					0
					0
					0
					0
					0
					0
					0
					0
					0
					0
					0
					0
					0
					0
					0
					0
					0
					0
					0
					0
					0
					0
					0
					0
					0
					0
					0
					0
					0
					0
					0
					0
					0
					0
					0
					0
					0
					0
					0
					0
					0
					0
					0
					0
					0
					0
					0
					0
					0
					0
					0
					0
					0
					0
					0
					0
					0
					0
					0
					0
					0
					0
					0
					0
					0
					0
					0
					0
					0
					0
					0
					0
					0
					0
					0
					0
					0
					0
					0
					0
					0
					0
					0
					0
					0
					0
					0
					0
					0
					0
					0
					0
					0
					0
					0
					0
					0
					0
					0
					0
					0
					0
					0
					0
					0
					0
					0
					0
					0
					0
					0
					0
					0
					0
					0
					0
					0
					0
					0
					0
					0
					0
					0
					0
					0
					0
					0
					0
					0
					0
					0
					0
					0
					0
					0
					0
					0
					0
					0
					0
					0
					0
					0
					0
					0
					0
					0
					0
					0
					0
					0
					0
					0
					0
					0
					0
					0
					0
					0
					0
					0
					0
					0
					0
					0
					0
					0
					0
					0
					0
					0
					0
					0
					0
					0
					0
					0
					0
					0
					0
					0
					0
					0
					0
					0
					0
					0
					0
					0
					0
					0
					0
					0
					0
					0
					0
					0
					0
					0
					0
					0
					0
					0
					0
					0
					0
					0
					0
					0
					0
					0
					0
					0
					0
					0
					0
					0
					0
					0
					0
					0
2014-02-17	255.426951172	255.426951172	255.426951172	255.426951172	
2014-02-17	255.426951172	255.426951172	255.426951172	255.426951172	783
					0
2014-02-19	319.283688965	319.283688965	319.283688965	319.283688965	1566
2014-02-20	344.826384082	344.826384082	344.826384082	344.826384082	783
2014-02-21	421.454469434	421.454469434	421.454469434	421.454469434	783
2014-02-21	421.454469434	421.454469434	421.454469434	421.454469434	
					0
					0
					0
2014-02-27	523.625249903	523.625249903	523.625249903	523.625249903	783
2014-02-27	523.625249903	523.625249903	523.625249903	523.625249903	
					0
					0
					0
					0
					0
					0
2014-03-10	644.953051709	644.953051709	644.953051709	644.953051709	783
2014-03-10	644.953051709	644.953051709	644.953051709	644.953051709	
					0
					0
					0
					0
					0
					0
					0
					0
					0
					0
					0
					0
					0
					0
					0
					0
					0
					0
					0
					0
2014-04-10	644.953051709	644.953051709	644.953051709	644.953051709	7830
2014-04-10	644.953051709	644.953051709	644.953051709	644.953051709	
					0
					0
					0
					0
					0
					0
					0
					0
					0
					0
					0
					0
					0
					0
					0
					0
					0
					0
					0
					0
					0
					0
					0
					0
					0
					0
					0
					0
					0
					0
					0
2014-06-02	523.625249903	523.625249903	523.625249903	523.625249903	783
2014-06-02	523.625249903	523.625249903	523.625249903	523.625249903	
					0
					0
					0
					0
					0
2014-06-10	408.683121875	408.683121875	408.683121875	408.683121875	783
2014-06-10	408.683121875	408.683121875	408.683121875	408.683121875	
					0
					0
					0
					0
					0
					0
					0
2014-06-20	332.055036524	332.055036524	332.055036524	332.055036524	
2014-06-20	332.055036524	332.055036524	332.055036524	332.055036524	783
					0
					0
					0
					0
					0
					0
2014-07-01	280.969646289	280.969646289	280.969646289	280.969646289	783
2014-07-01	280.969646289	280.969646289	280.969646289	280.969646289	
					0
					0
					0
					0
					0
					0
2014-07-11	249.041277393	249.041277393	249.041277393	249.041277393	
2014-07-11	249.041277393	249.041277393	249.041277393	249.041277393	783
					0
					0
					0
					0
					0
					0
2014-07-22	217.112908496	217.112908496	217.112908496	217.112908496	783
2014-07-22	217.112908496	217.112908496	217.112908496	217.112908496	
					0
					0
					0
					0
					0
					0
					0
					0
					0
					0
					0
					0
					0
					0
					0
					0
					0
					0
					0
					0
					0
					0
2014-08-29	191.570213379	191.570213379	191.570213379	191.570213379	14094
2014-09-01	191.570213379	191.570213379	191.570213379	191.570213379	28971
2014-09-01	191.570213379	191.570213379	191.570213379	191.570213379	
					0
					0
2014-09-04	239.462766724	239.462766724	239.462766724	239.462766724	3132
2014-09-05	298.849532871	293.740993848	298.849532871	298.849532871	15660
2014-09-08	373.561916089	370.369079199	373.561916089	370.369079199	3915
2014-09-09	370.369079199	370.369079199	370.369079199	370.369079199	12528
2014-09-09	370.369079199	370.369079199	370.369079199	370.369079199	
					0
					0
					0
					0
					0
					0
2014-09-18	370.369079199	370.369079199	383.140426758	383.140426758	
2014-09-18	370.369079199	370.369079199	383.140426758	383.140426758	1566
					0
					0
2014-09-23	382.50185938	382.50185938	382.50185938	382.50185938	
2014-09-23	382.50185938	382.50185938	382.50185938	382.50185938	1566
					0
					0
					0
					0
					0
					0
					0
					0
					0
					0
					0
					0
					0
					0
					0
					0
					0
					0
					0
					0
					0
					0
					0
					0
					0
					0
					0
					0
					0
					0
					0
					0
					0
					0
					0
					0
					0
					0
					0
					0
					0
					0
					0
					0
					0
					0
					0
					0
					0
					0
					0
					0
					0
					0
					0
					0
					0
					0
					0
					0
					0
					0
					0
					0
					0
					0
					0
					0
					0
					0
					0
					0
					0
					0
					0
					0
					0
					0
					0
					0
					0
					0
					0
					0
					0
					0
					0
					0
					0
					0
					0
					0
					0
					0
					0
					0
					0
					0
					0
					0
					0
					0
					0
					0
					0
					0
					0
					0
					0
					0
					0
					0
					0
					0
					0
					0
					0
					0
					0
					0
					0
					0
					0
					0
					0
					0
					0
					0
					0
					0
					0
					0
					0
					0
					0
					0
					0
					0
					0
					0
2015-04-16	382.50185938	382.50185938	382.50185938	382.50185938	
2015-04-16	382.50185938	382.50185938	382.50185938	382.50185938	1566
					0
					0
					0
					0
					0
					0
					0
					0
					0
					0
					0
					0
					0
					0
					0
					0
					0
					0
					0
					0
					0
					0
					0
					0
					0
					0
					0
					0
					0
					0
					0
					0
					0
					0
					0
					0
					0
					0
					0
					0
					0
					0
					0
					0
					0
					0
					0
					0
					0
					0
					0
					0
					0
					0
					0
					0
					0
					0
					0
					0
					0
					0
					0
					0
					0
					0
					0
					0
					0
					0
					0
					0
					0
					0
					0
					0
					0
					0
					0
					0
					0
					0
					0
					0
					0
					0
					0
					0
					0
					0
					0
					0
					0
					0
					0
					0
					0
					0
2015-09-11	381.863292002	381.863292002	381.863292002	381.863292002	783
2015-09-11	381.863292002	381.863292002	381.863292002	381.863292002	
					0
					0
					0
					0
					0
					0
					0
					0
					0
					0
					0
					0
					0
					0
					0
					0
					0
					0
					0
					0
					0
					0
					0
					0
					0
					0
					0
					0
					0
					0
					0
					0
					0
					0
					0
					0
					0
					0
					0
					0
					0
					0
					0
					0
					0
					0
					0
					0
					0
					0
					0
					0
					0
					0
					0
					0
					0
					0
					0
					0
					0
					0
					0
					0
					0
					0
					0
					0
					0
					0
					0
					0
					0
					0
					0
					0
					0
					0
					0
					0
					0
					0
					0
					0
					0
2016-01-20	381.224724624	381.224724624	381.224724624	381.224724624	
2016-01-20	381.224724624	381.224724624	381.224724624	381.224724624	783
					0
					0
					0
					0
					0
					0
					0
					0
					0
					0
					0
					0
					0
					0
					0
					0
					0
					0
					0
					0
					0
					0
					0
					0
					0
					0
					0
					0
					0
					0
					0
					0
					0
					0
2016-03-11	380.586157246	380.586157246	380.586157246	380.586157246	
2016-03-11	380.586157246	380.586157246	380.586157246	380.586157246	783
					0
					0
					0
					0
					0
					0
					0
					0
					0
					0
					0
					0
					0
					0
					0
					0
					0
					0
					0
					0
					0
2016-04-13	379.947589868	379.947589868	379.947589868	379.947589868	
2016-04-13	379.947589868	379.947589868	379.947589868	379.947589868	2349
					0
					0
					0
					0
					0
					0
					0
					0
					0
					0
					0
					0
					0
					0
					0
2016-05-09	383.140426758	383.140426758	383.140426758	383.140426758	1566
2016-05-09	383.140426758	383.140426758	383.140426758	383.140426758	
					0
					0
					0
					0
2016-05-16	380.586157246	380.586157246	380.586157246	380.586157246	
2016-05-16	380.586157246	380.586157246	380.586157246	380.586157246	783
					0
					0
					0
					0
					0
2016-05-24	343.549249326	343.549249326	343.549249326	343.549249326	4698
2016-05-24	343.549249326	343.549249326	343.549249326	343.549249326	
					0
					0
					0
					0
					0
2016-06-01	330.777901768	330.777901768	330.777901768	330.777901768	2349
2016-06-01	330.777901768	330.777901768	330.777901768	330.777901768	
					0
					0
					0
					0
					0
					0
					0
					0
					0
					0
					0
2016-06-17	325.669362744	325.669362744	325.669362744	325.669362744	
2016-06-17	325.669362744	325.669362744	325.669362744	325.669362744	783
					0
					0
					0
					0
					0
					0
					0
					0
					0
					0
2016-07-11	325.669362744	325.669362744	325.669362744	325.669362744	783
2016-07-12	325.669362744	293.740993848	325.669362744	312.898015186	24273
2016-07-13	287.355320069	282.246781045	287.355320069	282.246781045	5481
2016-07-14	283.523915801	283.523915801	306.512341406	306.512341406	1566
2016-07-15	306.512341406	306.512341406	306.512341406	306.512341406	783
2016-07-18	293.740993848	287.355320069	293.740993848	287.355320069	1566
2016-07-19	293.740993848	275.861107266	293.740993848	275.861107266	7047
2016-07-20	250.318412149	250.318412149	250.956979526	250.956979526	1566
2016-07-21	244.571305747	238.185631968	244.571305747	238.185631968	1566
2016-07-22	231.799958189	230.522823433	231.799958189	230.522823433	1566
2016-07-25	230.522823433	230.522823433	230.522823433	230.522823433	783
2016-07-26	224.137149653	217.751475874	224.137149653	217.751475874	1566
2016-07-27	243.932738369	243.932738369	243.932738369	243.932738369	783
2016-07-28	279.692511533	279.692511533	279.692511533	279.692511533	1566
2016-07-29	280.969646289	280.969646289	343.549249326	343.549249326	4698
2016-08-01	357.597731641	357.597731641	429.117277969	429.117277969	5481
2016-08-02	429.117277969	429.117277969	435.502951748	435.502951748	21141
2016-08-03	544.059405996	449.551434063	544.059405996	449.551434063	4698
2016-08-04	452.105703574	452.105703574	452.105703574	452.105703574	3915
2016-08-05	452.105703574	452.105703574	452.105703574	452.105703574	2349
2016-08-08	408.683121875	407.405987119	408.683121875	407.405987119	21141
2016-08-09	452.105703574	452.105703574	486.588341983	486.588341983	5481
2016-08-10	607.916143789	607.916143789	607.916143789	607.916143789	2349
2016-08-11	759.895179737	759.895179737	759.895179737	759.895179737	3915
2016-08-12	909.95851355	909.95851355	909.95851355	909.95851355	3915
2016-08-15	918.67216	918.67216	918.67216	918.67216	365
2016-08-16	918.67216	918.67216	918.67216	918.67216	731
2016-08-16	918.67216	918.67216	918.67216	918.67216	
					0
					0
2016-08-22	828.44543	828.44543	828.44543	828.44543	1584
2016-08-23	828.44543	828.44543	877.66001	877.66001	975
2016-08-24	820.243	791.534495	820.243	791.534495	3413
2016-08-24	820.243	791.534495	820.243	791.534495	
					0
					0
2016-08-29	820.243	820.243	988.392815	984.2916	4388
2016-08-30	984.2916	984.2916	988.392815	988.392815	3291
2016-08-31	889.963655	889.963655	1000.69646	1000.69646	4754
2016-08-31	889.963655	889.963655	1000.69646	1000.69646	
					0
					0
					0
					0
					0
2016-09-08	992.49403	992.49403	1000.69646	1000.69646	2194
2016-09-09	971.987955	971.987955	971.987955	971.987955	121
2016-09-09	971.987955	971.987955	971.987955	971.987955	
					0
2016-09-14	967.88674	967.88674	971.987955	971.987955	1462
2016-09-15	967.88674	967.88674	1054.012255	1054.012255	
2016-09-15	967.88674	967.88674	1054.012255	1054.012255	1341
					0
2016-09-19	1058.11347	1045.809825	1107.32805	1107.32805	12435
2016-09-20	1103.226835	1074.51833	1152.441415	1152.441415	896197
2016-09-21	1152.441415	1119.631695	1234.465715	1234.465715	441820
2016-09-22	1250.870575	1250.870575	1332.894875	1332.894875	35599
2016-09-23	1345.19852	1316.490015	1345.19852	1324.692445	7802
2016-09-26	1324.692445	1324.692445	1386.21067	1386.21067	22066
2016-09-27	1378.00824	1357.502165	1423.121605	1423.121605	10728
2016-09-28	1406.716745	1394.4131	1447.728895	1398.514315	10118
2016-09-29	1398.514315	1394.4131	1488.741045	1488.741045	9997
2016-09-30	1488.741045	1464.133755	1513.348335	1464.133755	7071
2016-10-03	1464.133755	1398.514315	1570.765345	1570.765345	61567
2016-10-04	1570.765345	1542.05684	1595.372635	1595.372635	14507
2016-10-05	1595.372635	1587.170205	1603.575065	1587.170205	7680
2016-10-06	1558.4617	1554.360485	1583.06899	1583.06899	2072
2016-10-07	1566.66413	1562.562915	1566.66413	1566.66413	2316
2016-10-10	1558.4617	1554.360485	1558.4617	1554.360485	1219
2016-10-11	1554.360485	1533.85441	1615.87871	1615.87871	16458
2016-10-12	1599.47385	1599.47385	1599.47385	1599.47385	609
2016-10-13	1599.47385	1583.06899	1599.47385	1583.06899	
2016-10-13	1599.47385	1583.06899	1599.47385	1583.06899	1462
					0
2016-10-17	1566.66413	1562.562915	1583.06899	1583.06899	1097
2016-10-18	1566.66413	1546.158055	1578.967775	1578.967775	5851
2016-10-19	1558.4617	1546.158055	1587.170205	1587.170205	3413
2016-10-20	1558.4617	1558.4617	1578.967775	1578.967775	731
2016-10-21	1558.4617	1558.4617	1562.562915	1562.562915	1706
2016-10-24	1558.4617	1558.4617	1578.967775	1578.967775	1584
2016-10-25	1558.4617	1558.4617	1599.47385	1599.47385	5364
2016-10-26	1578.967775	1558.4617	1599.47385	1599.47385	4388
2016-10-27	1578.967775	1529.753195	1599.47385	1599.47385	8777
2016-10-28	1578.967775	1517.44955	1578.967775	1517.44955	11338
2016-10-31	1509.24712	1468.23497	1517.44955	1517.44955	7558
2016-10-31	1509.24712	1468.23497	1517.44955	1517.44955	
					0
					0
					0
2016-11-04	1533.85441	1533.85441	1533.85441	1533.85441	609
2016-11-07	1533.85441	1496.943475	1554.360485	1554.360485	
2016-11-07	1533.85441	1496.943475	1554.360485	1554.360485	10240
					0
2016-11-09	1550.25927	1505.145905	1558.4617	1558.4617	9021
2016-11-10	1566.66413	1558.4617	1689.70058	1673.29572	41816
2016-11-11	1673.29572	1656.89086	1681.49815	1681.49815	3047
2016-11-14	1673.29572	1648.68843	1697.90301	1648.68843	8290
2016-11-15	1648.68843	1648.68843	1648.68843	1648.68843	121
2016-11-16	1648.68843	1648.68843	1648.68843	1648.68843	121
2016-11-17	1648.68843	1648.68843	1648.68843	1648.68843	
2016-11-17	1648.68843	1648.68843	1648.68843	1648.68843	487
					0
					0
2016-11-22	1656.89086	1656.89086	1722.5103	1722.5103	5973
2016-11-23	1722.5103	1722.5103	1722.5103	1722.5103	
2016-11-23	1722.5103	1722.5103	1722.5103	1722.5103	243
					0
2016-11-25	1714.30787	1648.68843	1722.5103	1722.5103	8168
2016-11-28	1722.5103	1722.5103	1722.5103	1722.5103	121
2016-11-29	1722.5103	1722.5103	1730.71273	1730.71273	1584
2016-11-30	1730.71273	1730.71273	1747.11759	1747.11759	2072
2016-12-01	1738.91516	1730.71273	1738.91516	1730.71273	731
2016-12-01	1738.91516	1730.71273	1738.91516	1730.71273	
					0
2016-12-05	1722.5103	1673.29572	1722.5103	1722.5103	7558
2016-12-06	1722.5103	1722.5103	1730.71273	1722.5103	3535
2016-12-07	1722.5103	1714.30787	1722.5103	1714.30787	2194
2016-12-08	1714.30787	1714.30787	1722.5103	1722.5103	1462
2016-12-09	1722.5103	1722.5103	1722.5103	1722.5103	365
2016-12-09	1722.5103	1722.5103	1722.5103	1722.5103	
					0
					0
					0
2016-12-16	1714.30787	1714.30787	1714.30787	1714.30787	
2016-12-16	1714.30787	1714.30787	1714.30787	1714.30787	121
					0
					0
2016-12-21	1706.10544	1673.29572	1722.5103	1722.5103	7680
2016-12-22	1722.5103	1722.5103	1730.71273	1730.71273	
2016-12-22	1722.5103	1722.5103	1730.71273	1730.71273	609
					0
2016-12-27	1730.71273	1722.5103	1763.52245	1722.5103	3291
2016-12-28	1722.5103	1722.5103	1747.11759	1747.11759	2925
2016-12-29	1738.91516	1738.91516	1763.52245	1763.52245	2072
2016-12-30	1755.32002	1755.32002	1788.12974	1788.12974	4876
2017-01-03	1788.12974	1788.12974	1804.5346	1804.5346	2438
2017-01-04	1812.73703	1812.73703	1845.54675	1845.54675	3657
2017-01-05	1845.54675	1845.54675	1935.77348	1919.36862	14507
2017-01-06	1911.16619	1886.5589	1911.16619	1886.5589	7558
2017-01-09	1886.5589	1870.15404	1894.76133	1870.15404	5486
2017-01-10	1861.95161	1861.95161	1861.95161	1861.95161	243
2017-01-11	1861.95161	1853.74918	1861.95161	1853.74918	975
2017-01-12	1861.95161	1861.95161	1861.95161	1861.95161	853
2017-01-12	1861.95161	1861.95161	1861.95161	1861.95161	
					0
2017-01-16	1861.95161	1861.95161	1902.96376	1902.96376	6949
2017-01-17	1902.96376	1894.76133	1902.96376	1894.76133	1828
2017-01-18	1894.76133	1894.76133	1919.36862	1911.16619	5730
2017-01-19	1911.16619	1911.16619	1919.36862	1919.36862	
2017-01-19	1911.16619	1911.16619	1919.36862	1919.36862	1462
					0
2017-01-23	1911.16619	1911.16619	1919.36862	1919.36862	1706
2017-01-24	1919.36862	1919.36862	1919.36862	1919.36862	609
2017-01-25	1919.36862	1919.36862	1927.57105	1927.57105	1097
2017-01-26	1919.36862	1894.76133	1919.36862	1902.96376	3291
2017-01-27	1902.96376	1902.96376	1911.16619	1911.16619	1219
2017-01-30	1902.96376	1902.96376	1902.96376	1902.96376	975
2017-01-31	1902.96376	1902.96376	1911.16619	1911.16619	20603
2017-02-01	1911.16619	1911.16619	1911.16619	1911.16619	13410
2017-02-01	1911.16619	1911.16619	1911.16619	1911.16619	
					0
					0
2017-02-06	1911.16619	1911.16619	1911.16619	1911.16619	1462
2017-02-06	1911.16619	1911.16619	1911.16619	1911.16619	
					0
2017-02-08	1911.16619	1911.16619	1911.16619	1911.16619	1219
2017-02-09	1902.96376	1902.96376	1902.96376	1902.96376	365
2017-02-10	1911.16619	1911.16619	1911.16619	1911.16619	975
2017-02-13	1919.36862	1919.36862	1919.36862	1919.36862	1097
2017-02-14	1911.16619	1911.16619	1919.36862	1911.16619	853
2017-02-16	1919.36862	1919.36862	1919.36862	1919.36862	365
2017-02-17	1911.16619	1894.76133	1911.16619	1894.76133	55105
2017-02-20	1894.76133	1894.76133	1902.96376	1902.96376	19140
2017-02-21	1911.16619	1911.16619	1911.16619	1911.16619	8046
2017-02-22	1919.36862	1911.16619	1919.36862	1919.36862	3169
2017-02-23	1911.16619	1911.16619	1911.16619	1911.16619	23651
2017-02-24	1911.16619	1911.16619	1911.16619	1911.16619	2682
2017-02-27	1911.16619	1911.16619	1911.16619	1911.16619	4876
2017-02-28	1911.16619	1911.16619	1911.16619	1911.16619	12191
2017-03-01	1911.16619	1911.16619	1911.16619	1911.16619	121
2017-03-02	1919.36862	1919.36862	1927.57105	1927.57105	33770
2017-03-03	1927.57105	1919.36862	1927.57105	1927.57105	44011
2017-03-06	1935.77348	1935.77348	2026.00021	2026.00021	342703
2017-03-07	2020.0	1910.0	2020.0	1970.0	260500
2017-03-08	1970.0	1970.0	2000.0	2000.0	82900
2017-03-09	2010.0	2010.0	2010.0	2010.0	21000
2017-03-10	2010.0	2010.0	2020.0	2020.0	25200
2017-03-13	2020.0	2020.0	2030.0	2020.0	3800
2017-03-14	2020.0	2020.0	2030.0	2020.0	24400
2017-03-15	2020.0	2010.0	2030.0	2020.0	49400
2017-03-16	2020.0	2020.0	2020.0	2020.0	26100
2017-03-17	2020.0	2000.0	2020.0	2000.0	66800
2017-03-20	2000.0	2000.0	2000.0	2000.0	1000
2017-03-21	2000.0	1995.0	2000.0	1995.0	22700
2017-03-22	1990.0	1980.0	2000.0	1995.0	99600
2017-03-23	2000.0	1990.0	2000.0	1990.0	37300
2017-03-24	1990.0	1975.0	1990.0	1985.0	73900
2017-03-27	1985.0	1985.0	1990.0	1990.0	14800
2017-03-29	1990.0	1990.0	1995.0	1995.0	1300
2017-03-30	2000.0	2000.0	2000.0	2000.0	100
2017-03-31	1995.0	1995.0	2000.0	2000.0	21300
2017-04-03	2000.0	1995.0	2000.0	1995.0	4200
2017-04-04	2000.0	2000.0	2000.0	2000.0	2500
2017-04-05	2000.0	1995.0	2000.0	1995.0	10600
2017-04-06	1990.0	1985.0	1990.0	1985.0	8500
2017-04-07	1985.0	1985.0	1985.0	1985.0	10800
2017-04-10	1990.0	1990.0	1990.0	1990.0	9200
2017-04-11	1995.0	1995.0	2000.0	2000.0	10600
2017-04-12	2000.0	2000.0	2010.0	2000.0	2900
2017-04-13	2010.0	2010.0	2010.0	2010.0	8500
2017-04-17	2020.0	2020.0	2040.0	2040.0	24000
2017-04-18	2040.0	2040.0	2050.0	2050.0	8000
2017-04-20	2050.0	2050.0	2060.0	2060.0	500
2017-04-21	2070.0	2070.0	2090.0	2090.0	23800
2017-04-25	2090.0	2080.0	2090.0	2090.0	19500
2017-04-26	2100.0	2100.0	2110.0	2110.0	12200
2017-04-27	2110.0	2110.0	2110.0	2110.0	8500
2017-04-28	2110.0	2110.0	2120.0	2120.0	7300
2017-05-02	2130.0	2130.0	2130.0	2130.0	7200
2017-05-03	2140.0	2140.0	2150.0	2150.0	11200
2017-05-04	2160.0	2160.0	2160.0	2160.0	100
2017-05-05	2160.0	2160.0	2160.0	2160.0	9400
2017-05-08	2160.0	2160.0	2160.0	2160.0	9600
2017-05-09	2170.0	2170.0	2170.0	2170.0	2000
2017-05-10	2180.0	2170.0	2180.0	2180.0	300
2017-05-12	2180.0	2180.0	2190.0	2190.0	200
2017-05-15	2190.0	2190.0	2200.0	2200.0	200
2017-05-16	2200.0	2200.0	2210.0	2210.0	200
2017-05-17	2200.0	2200.0	2200.0	2200.0	9500
2017-05-18	2200.0	2190.0	2200.0	2190.0	9900
2017-05-19	2190.0	2190.0	2190.0	2190.0	500
2017-05-22	2190.0	2190.0	2190.0	2190.0	8700
2017-05-23	2190.0	2190.0	2190.0	2190.0	9000
2017-05-24	2190.0	2190.0	2190.0	2190.0	5000
2017-05-26	2190.0	2190.0	2190.0	2190.0	9500
2017-05-29	2190.0	2190.0	2190.0	2190.0	9500
2017-05-30	2190.0	2190.0	2190.0	2190.0	200
2017-05-31	2190.0	2190.0	2190.0	2190.0	5000
2017-06-02	2190.0	2190.0	2190.0	2190.0	9500
2017-06-05	2190.0	2190.0	2190.0	2190.0	500
2017-06-06	2190.0	2190.0	2190.0	2190.0	5000
2017-06-07	2190.0	2170.0	2190.0	2180.0	34200
2017-06-08	2190.0	2180.0	2190.0	2180.0	13400
2017-06-09	2180.0	2180.0	2180.0	2180.0	5000
2017-06-12	2180.0	2180.0	2180.0	2180.0	9400
2017-06-13	2190.0	2190.0	2360.0	2360.0	191600
2017-06-14	2360.0	2360.0	2480.0	2480.0	117700
2017-06-15	2480.0	2460.0	2490.0	2460.0	21100
2017-06-16	2460.0	2460.0	2620.0	2620.0	189900
2017-06-19	2620.0	2620.0	2660.0	2660.0	27100
2017-06-20	2670.0	2670.0	2700.0	2700.0	3063800
2017-06-21	2700.0	2690.0	2700.0	2690.0	18100
2017-06-22	2700.0	2700.0	3000.0	3000.0	158800
2017-07-03	3000.0	2950.0	3000.0	2950.0	41700
2017-07-04	2940.0	2940.0	2940.0	2940.0	5500
2017-07-05	2930.0	2930.0	2930.0	2930.0	9200
2017-07-05	2930.0	2930.0	2930.0	2930.0	
					0
2017-07-07	2920.0	2910.0	2920.0	2910.0	9800
2017-07-10	2920.0	2920.0	2920.0	2920.0	10000
2017-07-11	2920.0	2910.0	2920.0	2910.0	9700
2017-07-12	2910.0	2910.0	2910.0	2910.0	10100
2017-07-12	2910.0	2910.0	2910.0	2910.0	
					0
2017-07-14	2900.0	2900.0	2900.0	2900.0	9800
2017-07-17	2900.0	2900.0	2900.0	2900.0	5000
2017-07-18	2900.0	2900.0	2900.0	2900.0	9200
2017-07-19	2900.0	2900.0	2900.0	2900.0	7600
2017-07-20	2900.0	2900.0	2900.0	2900.0	9100
2017-07-21	2910.0	2910.0	2910.0	2910.0	10000
2017-07-24	2910.0	2910.0	2910.0	2910.0	5000
2017-07-25	2910.0	2910.0	2910.0	2910.0	5000
2017-07-26	2910.0	2910.0	2910.0	2910.0	5000
2017-07-27	2910.0	2910.0	2910.0	2910.0	6000
2017-07-28	2910.0	2910.0	2910.0	2910.0	6100
2017-07-31	2910.0	2910.0	3100.0	3100.0	183200
2017-08-01	3090.0	3090.0	3090.0	3090.0	9200
2017-08-02	3100.0	3010.0	3100.0	3010.0	85700
2017-08-03	3020.0	3020.0	3020.0	3020.0	6000
2017-08-04	3030.0	3030.0	3040.0	3030.0	11659000
2017-08-07	3030.0	3030.0	3040.0	3040.0	4775200
2017-08-08	3040.0	3030.0	3040.0	3030.0	15200
2017-08-09	3030.0	3030.0	3040.0	3040.0	7325500
2017-08-10	3050.0	3050.0	3070.0	3060.0	14844400
2017-08-11	3060.0	3050.0	3060.0	3050.0	387900
2017-08-14	3060.0	3060.0	3070.0	3070.0	225400
2017-08-15	3080.0	3080.0	3110.0	3100.0	8061300
2017-08-16	3110.0	3080.0	3110.0	3080.0	14039900
2017-08-18	3070.0	3050.0	3070.0	3050.0	9409900
2017-08-21	3050.0	3040.0	3060.0	3040.0	7270700
2017-08-22	3050.0	3040.0	3070.0	3060.0	14392000
2017-08-23	3060.0	3050.0	3070.0	3060.0	3462000
2017-08-24	3070.0	3060.0	3080.0	3070.0	11361400
2017-08-25	3070.0	3070.0	3100.0	3080.0	18587000
2017-08-28	3080.0	3080.0	3090.0	3090.0	4371300
2017-08-29	3100.0	3060.0	3110.0	3060.0	8508600
2017-08-30	3060.0	3050.0	3070.0	3050.0	18875900
2017-08-31	3060.0	3060.0	3200.0	3200.0	5652400
2017-09-04	3190.0	3170.0	3200.0	3180.0	21270600
2017-09-05	3190.0	3180.0	3210.0	3210.0	11546400
2017-09-06	3210.0	3190.0	3210.0	3190.0	11974500
2017-09-07	3190.0	3170.0	3200.0	3170.0	20642800
2017-09-08	3170.0	3150.0	3170.0	3160.0	12161900
2017-09-11	3160.0	3160.0	3190.0	3190.0	18217500
2017-09-12	3190.0	3180.0	3210.0	3180.0	15519500
2017-09-13	3180.0	3160.0	3180.0	3160.0	20647300
2017-09-14	3170.0	3150.0	3170.0	3150.0	7345200
2017-09-15	3160.0	3130.0	3160.0	3130.0	15377100
2017-09-18	3140.0	3130.0	3180.0	3160.0	19030400
2017-09-19	3160.0	3150.0	3180.0	3160.0	17218100
2017-09-20	3160.0	3150.0	3200.0	3160.0	21185300
2017-09-22	3160.0	3160.0	3200.0	3180.0	24453700
2017-09-25	3190.0	3170.0	3210.0	3190.0	16545500
2017-09-26	3200.0	3170.0	3200.0	3180.0	19661400
2017-09-27	3180.0	3160.0	3190.0	3170.0	8485500
2017-09-28	3170.0	3150.0	3180.0	3160.0	28236100
2017-09-29	3170.0	3160.0	3300.0	3300.0	20675900
2017-10-02	3270.0	3240.0	3270.0	3260.0	33697000
2017-10-03	3260.0	3240.0	3260.0	3240.0	28795300
2017-10-04	3250.0	3230.0	3270.0	3260.0	27112400
2017-10-05	3260.0	3230.0	3260.0	3240.0	27903200
2017-10-06	3240.0	3230.0	3250.0	3250.0	29089300
2017-10-09	3250.0	3240.0	3270.0	3240.0	33997700
2017-10-10	3250.0	3240.0	3270.0	3270.0	31386400
2017-10-11	3280.0	3260.0	3280.0	3270.0	30057000
2017-10-12	3270.0	3250.0	3270.0	3250.0	36293700
2017-10-13	3250.0	3220.0	3250.0	3220.0	32865600
2017-10-16	3220.0	3220.0	3250.0	3220.0	25781800
2017-10-17	3230.0	3220.0	3250.0	3220.0	35349100
2017-10-18	3230.0	3210.0	3240.0	3210.0	32207100
2017-10-19	3220.0	3220.0	3240.0	3230.0	31280200
2017-10-20	3230.0	3230.0	3260.0	3240.0	29409000
2017-10-23	3250.0	3230.0	3250.0	3230.0	33767200
2017-10-24	3230.0	3230.0	3240.0	3230.0	27200500
2017-10-25	3240.0	3240.0	3270.0	3260.0	32801800
2017-10-26	3270.0	3260.0	3280.0	3260.0	33234200
2017-10-27	3270.0	3240.0	3270.0	3250.0	33545600
2017-10-30	3260.0	3260.0	3290.0	3280.0	29290000
2017-10-31	3290.0	3270.0	3360.0	3350.0	37177300
2017-11-01	3360.0	3320.0	3360.0	3330.0	31077600
2017-11-02	3340.0	3280.0	3340.0	3290.0	29862100
2017-11-03	3300.0	3290.0	3320.0	3320.0	27427100
2017-11-06	3310.0	3280.0	3330.0	3290.0	29783000
2017-11-07	3300.0	3260.0	3300.0	3270.0	28697600
2017-11-08	3270.0	3240.0	3280.0	3260.0	31364400
2017-11-09	3270.0	3260.0	3280.0	3260.0	22340000
2017-11-10	3260.0	3250.0	3280.0	3260.0	23285100
2017-11-13	3260.0	3250.0	3280.0	3280.0	26135700
2017-11-14	3290.0	3270.0	3290.0	3280.0	36713000
2017-11-15	3280.0	3270.0	3310.0	3290.0	26910200
2017-11-16	3300.0	3300.0	3360.0	3360.0	24985300
2017-11-17	3370.0	3370.0	3410.0	3400.0	29455600
2017-11-20	3410.0	3350.0	3410.0	3350.0	21400000
2017-11-21	3360.0	3340.0	3360.0	3340.0	26286900
2017-11-22	3340.0	3330.0	3350.0	3340.0	28598800
2017-11-23	3340.0	3330.0	3350.0	3340.0	24916300
2017-11-24	3340.0	3320.0	3340.0	3340.0	20479600
2017-11-27	3340.0	3310.0	3340.0	3320.0	25439200
2017-11-28	3320.0	3310.0	3350.0	3330.0	27071300
2017-11-29	3340.0	3330.0	3350.0	3330.0	19703600
2017-11-30	3330.0	3300.0	3750.0	3750.0	26204300
2017-12-04	3650.0	3600.0	3650.0	3620.0	25737500
2017-12-05	3620.0	3580.0	3620.0	3590.0	19188600
2017-12-06	3590.0	3570.0	3590.0	3590.0	21493900
2017-12-07	3600.0	3600.0	3690.0	3690.0	30386600
2017-12-08	3700.0	3690.0	3730.0	3720.0	26202100
2017-12-11	3720.0	3720.0	3800.0	3800.0	29760400
2017-12-12	3810.0	3770.0	3810.0	3780.0	24841200
2017-12-13	3790.0	3780.0	3820.0	3810.0	31111600
2017-12-14	3810.0	3790.0	3810.0	3800.0	34154200
2017-12-15	3810.0	3800.0	3820.0	3800.0	21343500
2017-12-18	3810.0	3800.0	3830.0	3820.0	26512100
2017-12-19	3820.0	3780.0	3910.0	3900.0	21468600
2017-12-20	3910.0	3900.0	3920.0	3910.0	22608300
2017-12-21	3910.0	3880.0	3910.0	3890.0	23840300
2017-12-22	3900.0	3900.0	3960.0	3960.0	15297800
2017-12-27	3970.0	3960.0	4010.0	3960.0	18574500
2017-12-28	3970.0	3970.0	4100.0	4100.0	23295800
2017-12-29	4100.0	4050.0	4170.0	4050.0	16102200
2018-01-02	4050.0	4000.0	4050.0	4000.0	17976000
2018-01-03	4000.0	3940.0	4000.0	3950.0	28768000
2018-01-04	3950.0	3940.0	3980.0	3970.0	29409900
2018-01-05	3970.0	3970.0	4000.0	3980.0	18452900
2018-01-08	3990.0	3960.0	3990.0	3960.0	20316400
2018-01-09	3960.0	3950.0	3980.0	3970.0	22340000
2018-01-10	3970.0	3940.0	3980.0	3950.0	31314000
2018-01-11	3960.0	3950.0	3980.0	3970.0	21979200
2018-01-12	3970.0	3970.0	4020.0	4000.0	23392300
2018-01-15	4010.0	3970.0	4010.0	3980.0	17207100
2018-01-16	3980.0	3950.0	3980.0	3970.0	17882800
2018-01-17	3980.0	3930.0	3980.0	3950.0	24537000
2018-01-18	3960.0	3930.0	3960.0	3930.0	20382600
2018-01-19	3930.0	3930.0	3950.0	3950.0	17663600
2018-01-22	3950.0	3940.0	3960.0	3950.0	25091700
2018-01-23	3960.0	3950.0	3980.0	3960.0	19964400
2018-01-24	3960.0	3940.0	3960.0	3960.0	16809500
2018-01-25	3960.0	3950.0	3980.0	3980.0	21233400
2018-01-26	3990.0	3980.0	4010.0	4010.0	19907500
2018-01-29	4020.0	3990.0	4020.0	3990.0	18837100
2018-01-30	3990.0	3960.0	3990.0	3970.0	21168800
2018-01-31	3990.0	3930.0	3990.0	3940.0	21814900
2018-02-01	3950.0	3940.0	3970.0	3950.0	18071600
2018-02-02	3960.0	3960.0	4010.0	4000.0	33046000
2018-02-05	4010.0	3960.0	4010.0	3970.0	30295400
2018-02-06	3980.0	3950.0	3980.0	3950.0	21115300
2018-02-07	3950.0	3950.0	4020.0	4010.0	23037100
2018-02-08	4010.0	4010.0	4040.0	4040.0	21280700
2018-02-09	4050.0	4040.0	4090.0	4080.0	33207600
2018-02-12	4090.0	4070.0	4110.0	4100.0	24354900
2018-02-13	4110.0	4100.0	4140.0	4130.0	22197200
2018-02-14	4120.0	4090.0	4130.0	4090.0	25301800
2018-02-15	4100.0	4100.0	4130.0	4120.0	22723500
2018-02-19	4110.0	4090.0	4130.0	4100.0	29464300
2018-02-20	4110.0	4080.0	4110.0	4090.0	28787200
2018-02-21	4100.0	4100.0	4160.0	4150.0	27684100
2018-02-22	4160.0	4130.0	4160.0	4140.0	29676800
2018-02-23	4150.0	4150.0	4190.0	4180.0	28012900
2018-02-26	4190.0	4160.0	4190.0	4170.0	27251400
2018-02-27	4180.0	4180.0	4210.0	4200.0	35043700
2018-02-28	4210.0	4180.0	4210.0	4190.0	30578600
2018-03-01	4200.0	4160.0	4200.0	4180.0	34999600
2018-03-02	4190.0	4150.0	4190.0	4190.0	27759700
2018-03-05	4200.0	4190.0	4230.0	4210.0	27111800
2018-03-06	4220.0	4180.0	4220.0	4190.0	26757300
2018-03-07	4190.0	4120.0	4190.0	4130.0	26192400
2018-03-08	4130.0	4090.0	4130.0	4090.0	31399800
2018-03-09	4090.0	4080.0	4130.0	4120.0	27540700
2018-03-12	4120.0	4120.0	4160.0	4140.0	29025000
2018-03-13	4140.0	4110.0	4150.0	4110.0	34053000
2018-03-14	4120.0	4090.0	4120.0	4090.0	30629800
2018-03-15	4100.0	4060.0	4100.0	4060.0	30341200
2018-03-16	4060.0	4020.0	4060.0	4020.0	29718100
2018-03-19	4030.0	4020.0	4050.0	4050.0	29478100
2018-03-20	4060.0	4010.0	4060.0	4020.0	34594800
2018-03-21	4030.0	4030.0	4060.0	4030.0	36494300
2018-03-22	4040.0	4040.0	4080.0	4070.0	34318300
2018-03-23	4080.0	4020.0	4080.0	4030.0	41623900
2018-03-26	4030.0	4030.0	4060.0	4050.0	34323000
2018-03-27	4060.0	4050.0	4090.0	4090.0	33323600
2018-03-28	4100.0	4060.0	4100.0	4080.0	42139500
2018-03-29	4090.0	4090.0	4600.0	4600.0	37987000
2018-04-02	4550.0	4540.0	4580.0	4550.0	33876700
2018-04-03	4550.0	4510.0	4560.0	4530.0	26764700
2018-04-04	4540.0	4530.0	4570.0	4540.0	41863300
2018-04-05	4540.0	4540.0	4570.0	4560.0	38724400
2018-04-06	4570.0	4530.0	4570.0	4540.0	24563200
2018-04-09	4550.0	4540.0	4570.0	4560.0	41529200
2018-04-10	4570.0	4570.0	4600.0	4590.0	41537300
2018-04-11	4600.0	4600.0	4640.0	4630.0	26015100
2018-04-12	4640.0	4610.0	4650.0	4610.0	36455800
2018-04-13	4610.0	4570.0	4610.0	4570.0	40672000
2018-04-16	4580.0	4550.0	4580.0	4550.0	22799600
2018-04-17	4560.0	4560.0	4600.0	4590.0	37618700
2018-04-18	4600.0	4590.0	4620.0	4620.0	34593400
2018-04-19	4620.0	4620.0	4650.0	4640.0	30594800
2018-04-20	4650.0	4620.0	4660.0	4630.0	36752500
2018-04-23	4650.0	4600.0	4650.0	4600.0	30154700
2018-04-24	4610.0	4570.0	4610.0	4570.0	34232000
2018-04-25	4580.0	4530.0	4580.0	4530.0	38971100
2018-04-26	4540.0	4490.0	4540.0	4490.0	30183300
2018-04-27	4500.0	4500.0	4550.0	4520.0	38634700
2018-04-30	4520.0	4520.0	4700.0	4700.0	45903800
2018-05-02	4690.0	4640.0	4690.0	4650.0	31841700
2018-05-03	4660.0	4620.0	4670.0	4630.0	40592100
2018-05-04	4630.0	4610.0	4650.0	4610.0	45649000
2018-05-07	4620.0	4610.0	4650.0	4640.0	28427900
2018-05-08	4650.0	4610.0	4660.0	4610.0	38161100
2018-05-09	4620.0	4580.0	4630.0	4600.0	45016300
2018-05-11	4610.0	4610.0	4650.0	4640.0	34207600
2018-05-14	4650.0	4630.0	4670.0	4640.0	40632700
2018-05-15	4650.0	4610.0	4660.0	4610.0	47907000
2018-05-16	4610.0	4580.0	4620.0	4580.0	34535500
2018-05-17	4590.0	4580.0	4630.0	4620.0	44630200
2018-05-18	4630.0	4610.0	4650.0	4610.0	39302000
2018-05-21	4620.0	4600.0	4640.0	4600.0	37350400
2018-05-22	4610.0	4610.0	4680.0	4680.0	44062400
2018-05-23	4690.0	4680.0	4730.0	4730.0	37663300
2018-05-24	4740.0	4730.0	4800.0	4790.0	36122600
2018-05-25	4800.0	4790.0	4820.0	4800.0	42785000
2018-05-28	4800.0	4800.0	4830.0	4810.0	35637000
2018-05-30	4820.0	4740.0	4820.0	4750.0	36411700
2018-05-31	4750.0	4640.0	4760.0	4640.0	47628600
2018-06-04	4640.0	4630.0	4690.0	4670.0	35401000
2018-06-05	4680.0	4670.0	4710.0	4700.0	30171200
2018-06-06	4710.0	4700.0	4730.0	4720.0	43230200
2018-06-07	4730.0	4730.0	4760.0	4740.0	36772800
2018-06-08	4750.0	4710.0	4760.0	4720.0	32378700
2018-06-08	4750.0	4710.0	4760.0	4720.0	
					0
2018-06-20	4720.0	4670.0	4730.0	4680.0	42625500
2018-06-21	4680.0	4660.0	4710.0	4660.0	37668100
2018-06-22	4670.0	4660.0	4700.0	4660.0	33542000
2018-06-25	4660.0	4650.0	4680.0	4660.0	33487300
2018-06-26	4660.0	4630.0	4690.0	4630.0	35851800
2018-06-27	4640.0	4630.0	4680.0	4670.0	38553900
2018-06-28	4680.0	4680.0	4720.0	4710.0	34230100
2018-06-29	4720.0	4700.0	4740.0	4710.0	39833300
2018-07-02	4710.0	4670.0	4710.0	4670.0	32760200
2018-07-03	4670.0	4660.0	4780.0	4780.0	40064600
2018-07-04	4790.0	4760.0	4810.0	4780.0	38092200
2018-07-05	4780.0	4760.0	4790.0	4760.0	31399800
2018-07-06	4760.0	4750.0	4780.0	4750.0	33967500
2018-07-09	4760.0	4720.0	4770.0	4730.0	37890000
2018-07-10	4730.0	4720.0	4770.0	4760.0	31536600
2018-07-11	4770.0	4750.0	4780.0	4750.0	24474400
2018-07-12	4750.0	4750.0	4810.0	4810.0	37005400
2018-07-13	4820.0	4820.0	4880.0	4870.0	33801700
2018-07-16	4870.0	4840.0	4880.0	4850.0	27646100
2018-07-17	4860.0	4820.0	4870.0	4840.0	36616300
2018-07-18	4850.0	4840.0	4890.0	4870.0	38287300
2018-07-19	4880.0	4870.0	4920.0	4920.0	28481100
2018-07-20	4930.0	4900.0	4940.0	4910.0	35909400
2018-07-23	4900.0	4900.0	4970.0	4970.0	34194400
2018-07-24	4980.0	4940.0	4980.0	4940.0	27300200
2018-07-25	4950.0	4920.0	4960.0	4930.0	36223500
2018-07-26	4940.0	4930.0	4970.0	4960.0	34624500
2018-07-27	4970.0	4940.0	4980.0	4940.0	25162500
2018-07-30	4940.0	4930.0	4980.0	4950.0	31396100
2018-07-31	4950.0	4910.0	4960.0	4910.0	31520500
2018-08-01	4920.0	4910.0	4960.0	4960.0	30191500
2018-08-02	4960.0	4940.0	4980.0	4940.0	34048300
2018-08-03	4940.0	4940.0	4970.0	4960.0	30959300
2018-08-06	4960.0	4960.0	5025.0	4980.0	34864000
2018-08-07	4980.0	4900.0	4980.0	4910.0	33673600
2018-08-08	4910.0	4830.0	4910.0	4830.0	32582300
2018-08-09	4830.0	4800.0	4830.0	4820.0	32806600
2018-08-10	4820.0	4810.0	4860.0	4860.0	39369400
2018-08-13	4860.0	4790.0	4860.0	4800.0	29751000
2018-08-14	4800.0	4760.0	4800.0	4770.0	31727500
2018-08-15	4770.0	4740.0	4810.0	4750.0	38394700
2018-08-16	4750.0	4700.0	4750.0	4710.0	33695200
2018-08-20	4710.0	4690.0	4760.0	4750.0	33225100
2018-08-21	4760.0	4740.0	4790.0	4770.0	38648200
2018-08-23	4780.0	4760.0	4810.0	4800.0	38635000
2018-08-24	4810.0	4780.0	4810.0	4790.0	36331200
2018-08-27	4790.0	4790.0	4840.0	4840.0	36986100
2018-08-28	4850.0	4840.0	4880.0	4860.0	37519400
2018-08-29	4870.0	4840.0	4880.0	4850.0	35205800
2018-08-30	4860.0	4830.0	4870.0	4850.0	40215100
2018-08-31	4860.0	4810.0	4860.0	4810.0	37838600
2018-09-03	4820.0	4780.0	4820.0	4780.0	34872600
2018-09-04	4780.0	4690.0	4790.0	4690.0	40798600
2018-09-05	4700.0	4610.0	4700.0	4610.0	38729300
2018-09-06	4620.0	4610.0	4670.0	4640.0	33691100
2018-09-07	4640.0	4640.0	4670.0	4640.0	40827200
2018-09-10	4650.0	4600.0	4650.0	4620.0	39159400
2018-09-12	4630.0	4510.0	4630.0	4530.0	39134600
2018-09-13	4530.0	4530.0	4580.0	4570.0	45740200
2018-09-14	4580.0	4580.0	4620.0	4580.0	39081600
2018-09-17	4590.0	4540.0	4600.0	4550.0	36871100
2018-09-18	4560.0	4540.0	4580.0	4550.0	43862200
2018-09-19	4560.0	4550.0	4590.0	4580.0	38382200
2018-09-20	4590.0	4580.0	4610.0	4590.0	34405200
2018-09-21	4600.0	4590.0	4650.0	4600.0	40528200
2018-09-24	4610.0	4570.0	4610.0	4570.0	37637800
2018-09-25	4580.0	4550.0	4590.0	4550.0	34414500
2018-09-26	4560.0	4490.0	4570.0	4570.0	42461100
2018-09-27	4580.0	4570.0	4620.0	4610.0	39929700
2018-09-28	4620.0	4600.0	4640.0	4630.0	31225200
2018-10-01	4640.0	4600.0	4640.0	4600.0	45133800
2018-10-02	4610.0	4600.0	4640.0	4610.0	42707900
2018-10-03	4620.0	4610.0	4630.0	4610.0	31620600
2018-10-04	4620.0	4520.0	4620.0	4520.0	49591500
2018-10-05	4530.0	4450.0	4530.0	4450.0	43633900
2018-10-08	4460.0	4450.0	4490.0	4470.0	36270500
2018-10-09	4470.0	4460.0	4500.0	4490.0	47220400
2018-10-10	4500.0	4490.0	4540.0	4520.0	43237900
2018-10-11	4500.0	4460.0	4500.0	4470.0	34208500
2018-10-12	4470.0	4460.0	4510.0	4500.0	45624200
2018-10-15	4500.0	4490.0	4530.0	4490.0	44402800
2018-10-16	4500.0	4490.0	4520.0	4510.0	35958000
2018-10-17	4520.0	4510.0	4550.0	4540.0	45058100
2018-10-18	4550.0	4510.0	4560.0	4540.0	44958100
2018-10-19	4540.0	4540.0	4570.0	4550.0	34236200
2018-10-22	4560.0	4550.0	4580.0	4560.0	44177100
2018-10-23	4570.0	4560.0	4590.0	4580.0	39747000
2018-10-24	4570.0	4570.0	4640.0	4630.0	30791600
2018-10-25	4610.0	4600.0	4640.0	4620.0	46544700
2018-10-26	4630.0	4620.0	4660.0	4650.0	35342500
2018-10-29	4660.0	4650.0	4680.0	4650.0	20063400
2018-10-30	4660.0	4610.0	4660.0	4610.0	39176400
2018-10-31	4620.0	4530.0	4620.0	4550.0	42721200
2018-11-01	4560.0	4510.0	4560.0	4520.0	23180000
2018-11-02	4520.0	4490.0	4530.0	4500.0	35873500
2018-11-05	4510.0	4490.0	4540.0	4520.0	34795300
2018-11-06	4530.0	4520.0	4600.0	4600.0	29204300
2018-11-07	4610.0	4610.0	4650.0	4650.0	42700000
2018-11-08	4650.0	4650.0	4710.0	4700.0	35149000
2018-11-09	4710.0	4650.0	4710.0	4690.0	25533100
2018-11-12	4700.0	4670.0	4700.0	4680.0	39920800
2018-11-13	4680.0	4660.0	4700.0	4690.0	35557400
2018-11-14	4750.0	4710.0	4980.0	4980.0	25933800
2018-11-15	4990.0	4990.0	5575.0	5575.0	36579900
2018-11-16	5600.0	5575.0	5875.0	5875.0	27117400
2018-11-19	5900.0	5750.0	5975.0	5750.0	20272100
2018-11-21	5775.0	5650.0	5775.0	5650.0	33797100
2018-11-22	5650.0	5650.0	5825.0	5825.0	29153200
2018-11-23	5850.0	5825.0	5975.0	5950.0	19395200
2018-11-26	5975.0	5925.0	6050.0	6000.0	30487200
2018-11-27	6025.0	5875.0	6025.0	5950.0	29377700
2018-11-28	5975.0	5950.0	6125.0	6125.0	39088900
2018-11-29	6150.0	6025.0	6175.0	6050.0	32681800
2018-11-30	6075.0	5250.0	6075.0	5250.0	60247500
2018-12-03	5250.0	4980.0	5250.0	4980.0	39376200
2018-12-04	4980.0	4980.0	5150.0	5050.0	37306400
2018-12-05	5000.0	4930.0	5100.0	5050.0	37205500
2018-12-06	5000.0	4830.0	5000.0	4840.0	36976600
2018-12-07	4840.0	4710.0	4840.0	4710.0	39146000
2018-12-10	4690.0	4610.0	4690.0	4620.0	40355400
2018-12-11	4620.0	4620.0	4680.0	4670.0	40972700
2018-12-12	4680.0	4680.0	4780.0	4780.0	40682200
2018-12-13	4790.0	4790.0	4850.0	4840.0	40706000
2018-12-14	4840.0	4790.0	4840.0	4800.0	41030600
2018-12-17	4810.0	4690.0	4820.0	4690.0	38668500
2018-12-18	4700.0	4000.0	4700.0	4240.0	53556200
2018-12-19	4230.0	4190.0	4300.0	4200.0	43176300
2018-12-20	4210.0	4140.0	4210.0	4200.0	50496100
2018-12-21	4210.0	4000.0	4210.0	4030.0	56340900
2018-12-26	4040.0	4040.0	4590.0	4590.0	48883700
2018-12-27	4600.0	4590.0	4690.0	4690.0	44614400
2018-12-28	4700.0	4690.0	5075.0	5075.0	44253700
2019-01-02	5000.0	4800.0	5000.0	4810.0	37760400
2019-01-03	4810.0	4800.0	4890.0	4870.0	40558200
2019-01-04	4870.0	4870.0	4920.0	4880.0	39628100
2019-01-07	4890.0	4880.0	4920.0	4890.0	39145000
2019-01-08	4900.0	4870.0	4930.0	4870.0	42776300
2019-01-09	4880.0	4520.0	4890.0	4520.0	45519000
2019-01-10	4530.0	4520.0	4720.0	4720.0	40908200
2019-01-11	4720.0	4720.0	4830.0	4830.0	41367600
2019-01-14	4840.0	4830.0	5000.0	4990.0	44610600
2019-01-15	5000.0	5000.0	5125.0	5125.0	39469600
2019-01-16	5125.0	5025.0	5125.0	5125.0	37409500
2019-01-17	5150.0	4800.0	5150.0	4800.0	43714600
2019-01-18	4720.0	4720.0	4870.0	4870.0	44108400
2019-01-21	4880.0	4870.0	4950.0	4950.0	43521700
2019-01-22	4960.0	4950.0	5200.0	5200.0	37633600
2019-01-23	5225.0	5200.0	5350.0	5350.0	35908100
2019-01-24	5375.0	5350.0	5525.0	5475.0	36712300
2019-01-25	5500.0	5250.0	5500.0	5250.0	37636500
2019-01-28	5275.0	4600.0	5275.0	4600.0	35716400
2019-01-29	4610.0	4600.0	5050.0	5050.0	46345400
2019-01-30	5050.0	4640.0	5050.0	4690.0	36619900
2019-01-31	4700.0	4570.0	4710.0	4650.0	39741600
2019-02-01	4660.0	4650.0	4780.0	4780.0	43654700
2019-02-04	4790.0	4760.0	4980.0	4960.0	40726900
2019-02-06	4970.0	4960.0	5125.0	5100.0	47647500
2019-02-07	5125.0	4960.0	5275.0	4960.0	35641700
2019-02-08	4970.0	4940.0	5050.0	4950.0	35690200
2019-02-11	4960.0	4850.0	4970.0	4850.0	39478500
2019-02-12	4860.0	4800.0	4920.0	4800.0	35985700
2019-02-13	4790.0	4790.0	4880.0	4830.0	40842700
2019-02-14	4840.0	4790.0	4900.0	4800.0	35958000
2019-02-15	4810.0	4760.0	4830.0	4790.0	46154400
2019-02-18	4800.0	4760.0	4860.0	4790.0	37155100
2019-02-19	4800.0	4790.0	4930.0	4930.0	39173200
2019-02-20	4940.0	4930.0	5000.0	4930.0	39141600
2019-02-21	4940.0	4920.0	4980.0	4980.0	38374600
2019-02-22	4990.0	4940.0	5025.0	4950.0	38501800
2019-02-25	4960.0	4890.0	4960.0	4890.0	39090700
2019-02-26	4900.0	4890.0	4930.0	4920.0	45867300
2019-02-27	4930.0	4900.0	4950.0	4920.0	38562600
2019-02-28	4930.0	4860.0	4930.0	4890.0	41786300
2019-03-01	4900.0	4890.0	4950.0	4900.0	37465200
2019-03-04	4910.0	4860.0	4930.0	4860.0	33766200
2019-03-05	4870.0	4790.0	4870.0	4830.0	36839900
2019-03-06	4840.0	4780.0	4850.0	4780.0	32263200
2019-03-08	4790.0	4700.0	4790.0	4710.0	37848300
2019-03-11	4720.0	4610.0	4730.0	4620.0	34123100
2019-03-12	4630.0	3990.0	4630.0	4240.0	38738800
2019-03-13	4250.0	4180.0	4280.0	4180.0	42559000
2019-03-14	4190.0	4090.0	4190.0	4160.0	43755000
2019-03-15	4170.0	4110.0	4200.0	4110.0	39028900
2019-03-18	4120.0	4040.0	4140.0	4050.0	44095300
2019-03-19	4060.0	3930.0	4060.0	3930.0	43099400
2019-03-20	3940.0	3880.0	3940.0	3930.0	46433400
2019-03-21	3940.0	3860.0	3960.0	3860.0	40936200
2019-03-22	3870.0	3690.0	3870.0	3850.0	46527700
2019-03-25	3850.0	3610.0	3850.0	3640.0	40038800
2019-03-26	3650.0	3630.0	3730.0	3690.0	59419200
2019-03-27	3700.0	3100.0	3700.0	3600.0	46148400
2019-03-28	3610.0	3170.0	3610.0	3300.0	50829800
2019-03-29	3310.0	2990.0	3320.0	2990.0	48953100
2019-04-01	2990.0	2490.0	2990.0	2910.0	65203700
2019-04-02	2920.0	2880.0	3510.0	3280.0	57803000
2019-04-04	3290.0	2990.0	3380.0	3060.0	52953400
2019-04-05	3070.0	2860.0	3130.0	3050.0	57169400
2019-04-08	3060.0	2400.0	3060.0	2500.0	77856800
2019-04-09	2500.0	2380.0	2990.0	2820.0	61748100
2019-04-10	2820.0	2410.0	2820.0	2480.0	70589800
2019-04-11	2490.0	2410.0	2560.0	2430.0	70706600
2019-04-12	2440.0	2420.0	2540.0	2510.0	72127500
2019-04-15	2520.0	2430.0	2610.0	2550.0	72405400
2019-04-16	2560.0	2440.0	2560.0	2440.0	77519900
2019-04-18	2450.0	2410.0	2490.0	2470.0	64116000
2019-04-22	2480.0	2420.0	2520.0	2460.0	84648500
2019-04-23	2470.0	2390.0	2490.0	2410.0	65651100
2019-04-24	2420.0	2380.0	2460.0	2440.0	73707100
2019-04-25	2440.0	2410.0	2470.0	2470.0	65878700
2019-04-26	2470.0	2460.0	3080.0	2990.0	82907300
2019-04-29	3000.0	2440.0	3010.0	2830.0	62793800
2019-04-30	2810.0	2160.0	2820.0	2160.0	78774100
2019-05-02	2170.0	1900.0	2210.0	2100.0	69543000
2019-05-03	2100.0	1585.0	2240.0	1990.0	88500800
2019-05-06	1985.0	1760.0	1985.0	1980.0	74077300
2019-05-07	1970.0	1930.0	2420.0	2270.0	81870800
2019-05-08	2270.0	2160.0	2640.0	2500.0	68868900
2019-05-09	2500.0	1925.0	2600.0	2080.0	77787200
2019-05-10	2090.0	1980.0	2110.0	1980.0	67859200
2019-05-13	1985.0	1900.0	2210.0	2000.0	103027700
2019-05-14	2000.0	1850.0	2030.0	1860.0	79932800
2019-05-15	1860.0	1760.0	1895.0	1860.0	89523900
2019-05-16	1860.0	1815.0	2100.0	1895.0	76541900
2019-05-17	1895.0	1820.0	1950.0	1870.0	93981400
2019-05-20	1875.0	1840.0	1935.0	1885.0	77816500
2019-05-21	1885.0	1875.0	2350.0	2280.0	88035700
2019-05-22	2290.0	2170.0	2830.0	2780.0	68015400
2019-05-23	2780.0	2240.0	2880.0	2260.0	63545900
2019-05-24	2260.0	2100.0	2370.0	2170.0	71583200
2019-05-27	2180.0	2030.0	2270.0	2150.0	80035200
2019-05-28	2160.0	2090.0	2200.0	2200.0	69977700
2019-05-29	2200.0	2170.0	2550.0	2490.0	76000500
2019-05-31	2490.0	2470.0	2660.0	2480.0	53729700
2019-06-10	2480.0	2170.0	2480.0	2180.0	69566900
2019-06-11	2180.0	2090.0	2250.0	2120.0	71518400
2019-06-12	2120.0	2110.0	2230.0	2210.0	78594000
2019-06-13	2210.0	2170.0	2270.0	2200.0	66102500
2019-06-14	2200.0	2160.0	2250.0	2190.0	75240800
2019-06-17	2190.0	2130.0	2260.0	2140.0	66758900
2019-06-18	2140.0	2120.0	2200.0	2170.0	80910400
2019-06-19	2170.0	2140.0	2190.0	2160.0	74199600
2019-06-20	2160.0	2120.0	2180.0	2140.0	81837600
2019-06-21	2140.0	1980.0	2150.0	1980.0	76542300
2019-06-24	1980.0	1970.0	2140.0	2050.0	84250000
2019-06-25	2050.0	2000.0	2090.0	2020.0	76739100
2019-06-26	2020.0	1990.0	2040.0	1995.0	85933500
2019-06-27	2000.0	1985.0	2040.0	1995.0	73220400
2019-06-28	2000.0	2000.0	2480.0	2300.0	87635900
2019-07-01	2300.0	1870.0	2310.0	1910.0	76568800
2019-07-02	1910.0	1890.0	1950.0	1915.0	80167600
2019-07-03	1915.0	1880.0	1925.0	1890.0	90884400
2019-07-04	1890.0	1885.0	1940.0	1900.0	84588100
2019-07-05	1900.0	1890.0	1970.0	1910.0	94730900
2019-07-08	1910.0	1910.0	2130.0	2060.0	101688500
2019-07-09	2060.0	1980.0	2100.0	2060.0	84590100
2019-07-10	2060.0	1945.0	2100.0	1980.0	97181500
2019-07-11	1980.0	1935.0	1990.0	1940.0	85455000
2019-07-12	1940.0	1900.0	1970.0	1945.0	96136600
2019-07-15	1945.0	1780.0	1950.0	1805.0	93173200
2019-07-16	1805.0	1780.0	1835.0	1800.0	105603000
2019-07-17	1800.0	1745.0	1810.0	1755.0	97558700
2019-07-18	1755.0	1755.0	1950.0	1900.0	111978200
2019-07-19	1900.0	1885.0	2040.0	2010.0	94564400
2019-07-22	2020.0	2000.0	2090.0	2010.0	92388200
2019-07-23	2010.0	1790.0	2090.0	1815.0	89572200
2019-07-24	1815.0	1785.0	1885.0	1805.0	116485600
2019-07-25	1810.0	1755.0	1810.0	1805.0	107854200
2019-07-26	1810.0	1770.0	1855.0	1800.0	111166100
2019-07-29	1805.0	1780.0	1825.0	1800.0	100319500
2019-07-30	1800.0	1800.0	1835.0	1805.0	112739700
2019-07-31	1810.0	1790.0	1970.0	1930.0	102926900
2019-08-01	1930.0	1905.0	2030.0	1975.0	103186500
2019-08-02	1975.0	1790.0	1980.0	1795.0	106230100
2019-08-05	1800.0	1660.0	1800.0	1700.0	117643100
2019-08-06	1700.0	1615.0	1700.0	1690.0	121482600
2019-08-07	1690.0	1655.0	1720.0	1690.0	126180100
2019-08-08	1695.0	1690.0	1860.0	1860.0	115285700
2019-08-09	1860.0	1730.0	1885.0	1795.0	116978700
2019-08-12	1795.0	1720.0	1800.0	1790.0	114928300
2019-08-13	1790.0	1700.0	1790.0	1705.0	128899300
2019-08-14	1705.0	1700.0	1735.0	1705.0	117717700
2019-08-15	1700.0	1530.0	1725.0	1620.0	139565400
2019-08-16	1620.0	1555.0	1655.0	1605.0	138336000
2019-08-19	1605.0	1545.0	1645.0	1560.0	136452300
2019-08-20	1560.0	1530.0	1600.0	1545.0	134202600
2019-08-21	1545.0	1510.0	1560.0	1555.0	147191500
2019-08-22	1555.0	1500.0	1575.0	1510.0	142029900
2019-08-23	1510.0	1510.0	1550.0	1510.0	144568900
2019-08-26	1510.0	1500.0	1535.0	1505.0	141668200
2019-08-27	1510.0	1455.0	1525.0	1455.0	155819100
2019-08-28	1455.0	1265.0	1455.0	1265.0	161855900
2019-08-29	1265.0	1180.0	1350.0	1200.0	166013500
2019-08-30	1205.0	1195.0	1230.0	1195.0	154306300
2019-09-02	1195.0	1120.0	1240.0	1235.0	169915000
2019-09-03	1235.0	1235.0	1485.0	1435.0	157584700
2019-09-04	1435.0	1370.0	1485.0	1385.0	141782500
2019-09-05	1385.0	1380.0	1450.0	1420.0	141933100
2019-09-06	1420.0	1420.0	1520.0	1500.0	136855700
2019-09-09	1505.0	1430.0	1545.0	1465.0	133764500
2019-09-10	1465.0	1460.0	1550.0	1545.0	137079500
2019-09-11	1545.0	1540.0	1585.0	1570.0	128693800
2019-09-12	1570.0	1570.0	1745.0	1685.0	138686400
2019-09-13	1685.0	1685.0	1740.0	1685.0	121630300
2019-09-16	1685.0	1500.0	1725.0	1565.0	128226300
2019-09-17	1565.0	1545.0	1620.0	1560.0	123860700
2019-09-18	1565.0	1560.0	1650.0	1650.0	141228100
2019-09-19	1650.0	1565.0	1685.0	1625.0	124412900
2019-09-20	1625.0	1575.0	1635.0	1620.0	141009000
2019-09-23	1620.0	1620.0	1710.0	1700.0	125345900
2019-09-24	1700.0	1590.0	1725.0	1670.0	130826900
2019-09-25	1660.0	1605.0	1675.0	1675.0	135016200
2019-09-26	1675.0	1630.0	1690.0	1640.0	130165100
2019-09-27	1640.0	1590.0	1640.0	1595.0	128379600
2019-09-30	1595.0	1545.0	1745.0	1740.0	148892400
2019-10-01	1740.0	1710.0	2060.0	2000.0	123291400
2019-10-02	2010.0	1545.0	2170.0	1605.0	118716800
2019-10-03	1605.0	1560.0	1645.0	1625.0	147335900
2019-10-04	1625.0	1615.0	1680.0	1650.0	132228000
2019-10-07	1655.0	1590.0	1675.0	1665.0	151202500
2019-10-08	1665.0	1640.0	1965.0	1965.0	145750500
2019-10-09	1965.0	1675.0	2100.0	1770.0	114640200
2019-10-10	1775.0	1730.0	1805.0	1760.0	141753800
2019-10-11	1765.0	1710.0	1770.0	1755.0	131093700
2019-10-14	1755.0	1695.0	1780.0	1750.0	128569500
2019-10-15	1750.0	1700.0	1750.0	1735.0	132209800
2019-10-16	1735.0	1735.0	2040.0	2000.0	144752100
2019-10-17	2030.0	1775.0	2030.0	1800.0	106166500
2019-10-18	1800.0	1705.0	1825.0	1770.0	142760700
2019-10-21	1770.0	1745.0	1800.0	1790.0	134969100
2019-10-22	1790.0	1790.0	1975.0	1940.0	127875000
2019-10-23	1945.0	1810.0	1950.0	1920.0	129774700
2019-10-24	1920.0	1800.0	1920.0	1820.0	135450300
2019-10-25	1820.0	1820.0	1985.0	1945.0	119948800
2019-10-28	1950.0	1750.0	1975.0	1780.0	139862300
2019-10-29	1785.0	1780.0	1875.0	1805.0	131605500
2019-10-30	1805.0	1765.0	1835.0	1790.0	137933500
2019-10-31	1790.0	1715.0	1825.0	1790.0	139393100
2019-11-01	1790.0	1630.0	1790.0	1695.0	149135600
2019-11-04	1695.0	1620.0	1710.0	1620.0	149311800
2019-11-05	1620.0	1620.0	1695.0	1665.0	139555500
2019-11-06	1660.0	1585.0	1695.0	1600.0	120842200
2019-11-07	1600.0	1345.0	1620.0	1360.0	62981200
2019-11-08	1365.0	1175.0	1365.0	1220.0	53317200
2019-11-11	1220.0	1210.0	1310.0	1255.0	64678500
2019-11-12	1270.0	1190.0	1300.0	1225.0	49901200
2019-11-13	1225.0	1175.0	1240.0	1205.0	62159900
2019-11-14	1205.0	1180.0	1225.0	1180.0	53809800
2019-11-15	1220.0	1180.0	1225.0	1180.0	62740300
2019-11-18	1180.0	1140.0	1200.0	1175.0	55050500
2019-11-19	1175.0	1140.0	1190.0	1160.0	69735900
2019-11-20	1160.0	870.0	1160.0	940.0	67354500
2019-11-21	940.0	770.0	945.0	825.0	74207600
2019-11-22	825.0	775.0	995.0	950.0	89084700
2019-11-25	955.0	810.0	970.0	870.0	51606000
2019-11-26	870.0	790.0	880.0	790.0	93516300
2019-11-27	790.0	635.0	820.0	820.0	69493500
2019-11-28	820.0	760.0	855.0	845.0	86890200
2019-11-29	845.0	720.0	845.0	735.0	63659600
2019-12-02	740.0	740.0	800.0	740.0	81200400
2019-12-03	745.0	660.0	755.0	660.0	80834900
2019-12-04	660.0	496.0	670.0	500.0	107811400
2019-12-05	505.0	500.0	625.0	590.0	51619000
2019-12-06	590.0	590.0	675.0	635.0	111887200
2019-12-09	645.0	630.0	725.0	640.0	99219400
2019-12-10	655.0	525.0	680.0	600.0	53177100
2019-12-11	590.0	500.0	600.0	520.0	111556100
2019-12-12	520.0	466.0	530.0	500.0	68886200
2019-12-13	500.0	484.0	540.0	535.0	42464200
2019-12-16	535.0	482.0	545.0	500.0	92407400
2019-12-17	505.0	490.0	520.0	505.0	66326600
2019-12-18	505.0	492.0	515.0	492.0	67009700
2019-12-19	498.0	484.0	510.0	496.0	83314900
2019-12-20	505.0	488.0	505.0	488.0	53429800
2019-12-23	488.0	366.0	488.0	366.0	4818600
2019-12-26	366.0	276.0	366.0	276.0	1173800
2019-12-27	250.0	208.0	250.0	208.0	716500
2019-12-30	185.0	156.0	185.0	156.0	838700
2019-12-30	185.0	156.0	185.0	156.0	
					0
					0
					0
					0
					0
					0
					0
					0
					0
					0
					0
					0
					0
					0
					0
					0
					0
					0
					0
					0
					0
					0
2020-02-03	157.0	102.0	157.0	102.0	254600
2020-02-04	67.0	67.0	70.0	70.0	442800
2020-02-05	50.0	50.0	90.0	50.0	45606000
2020-02-06	51.0	50.0	51.0	50.0	2871300
2020-02-07	50.0	50.0	50.0	50.0	141500
2020-02-10	50.0	50.0	50.0	50.0	416200
2020-02-11	50.0	50.0	50.0	50.0	180800
2020-02-12	50.0	50.0	50.0	50.0	11800
2020-02-13	50.0	50.0	50.0	50.0	5900
2020-02-14	50.0	50.0	50.0	50.0	39700
2020-02-17	50.0	50.0	50.0	50.0	44000
2020-02-18	50.0	50.0	50.0	50.0	69200
2020-02-19	50.0	50.0	50.0	50.0	49100
2020-02-20	50.0	50.0	50.0	50.0	14900
2020-02-21	50.0	50.0	50.0	50.0	11200
2020-02-24	50.0	50.0	50.0	50.0	38800
2020-02-25	50.0	50.0	50.0	50.0	400
2020-02-26	50.0	50.0	50.0	50.0	1100
2020-02-26	50.0	50.0	50.0	50.0	
					0
					0
2020-03-02	50.0	50.0	50.0	50.0	110500
2020-03-03	50.0	50.0	50.0	50.0	1300
2020-03-04	50.0	50.0	50.0	50.0	33100
2020-03-05	50.0	50.0	50.0	50.0	26200
2020-03-06	50.0	50.0	50.0	50.0	
2020-03-06	50.0	50.0	50.0	50.0	106100
					0
2020-03-10	50.0	50.0	50.0	50.0	6500
2020-03-11	50.0	50.0	50.0	50.0	
2020-03-11	50.0	50.0	50.0	50.0	300
					0
					0
2020-03-16	50.0	50.0	50.0	50.0	4500
2020-03-17	50.0	50.0	50.0	50.0	
2020-03-17	50.0	50.0	50.0	50.0	7500
					0
					0
2020-03-20	50.0	50.0	50.0	50.0	100
2020-03-23	50.0	50.0	50.0	50.0	200
2020-03-24	50.0	50.0	50.0	50.0	300
2020-03-26	50.0	50.0	50.0	50.0	300800
2020-03-27	50.0	50.0	50.0	50.0	68600
2020-03-30	50.0	50.0	50.0	50.0	100
2020-03-31	50.0	50.0	50.0	50.0	100
2020-04-01	50.0	50.0	50.0	50.0	231900
2020-04-02	50.0	50.0	50.0	50.0	100
2020-04-03	50.0	50.0	50.0	50.0	20300
2020-04-06	50.0	50.0	50.0	50.0	5473000
2020-04-07	50.0	50.0	50.0	50.0	1700
2020-04-08	50.0	50.0	50.0	50.0	26600
2020-04-09	50.0	50.0	50.0	50.0	6300
2020-04-13	50.0	50.0	50.0	50.0	14300
2020-04-14	50.0	50.0	50.0	50.0	47500
2020-04-15	50.0	50.0	50.0	50.0	14800
2020-04-16	50.0	50.0	50.0	50.0	900
2020-04-17	50.0	50.0	50.0	50.0	2100
2020-04-20	50.0	50.0	50.0	50.0	500
2020-04-21	50.0	50.0	50.0	50.0	500
2020-04-22	50.0	50.0	50.0	50.0	200
2020-04-23	50.0	50.0	50.0	50.0	
2020-04-23	50.0	50.0	50.0	50.0	300
					0
2020-04-27	50.0	50.0	50.0	50.0	300
2020-04-28	50.0	50.0	50.0	50.0	40500
2020-04-29	50.0	50.0	50.0	50.0	11200
2020-04-30	50.0	50.0	50.0	50.0	38800
2020-05-04	50.0	50.0	50.0	50.0	700
2020-05-05	50.0	50.0	50.0	50.0	8100
2020-05-06	50.0	50.0	50.0	50.0	2200
2020-05-08	50.0	50.0	50.0	50.0	400
2020-05-11	50.0	50.0	50.0	50.0	24000
2020-05-12	50.0	50.0	50.0	50.0	100
2020-05-13	50.0	50.0	50.0	50.0	200
2020-05-14	50.0	50.0	50.0	50.0	2000
2020-05-15	50.0	50.0	50.0	50.0	6200
2020-05-18	50.0	50.0	50.0	50.0	200
2020-05-19	50.0	50.0	50.0	50.0	2600
2020-05-20	50.0	50.0	50.0	50.0	3500
2020-05-26	50.0	50.0	50.0	50.0	400
2020-05-26	50.0	50.0	50.0	50.0	
					0
2020-05-28	50.0	50.0	50.0	50.0	7100
2020-05-29	50.0	50.0	50.0	50.0	700
2020-06-02	50.0	50.0	50.0	50.0	31100
2020-06-03	50.0	50.0	50.0	50.0	200
2020-06-04	50.0	50.0	50.0	50.0	3700
2020-06-05	50.0	50.0	50.0	50.0	10000
2020-06-08	50.0	50.0	50.0	50.0	217700
2020-06-09	50.0	50.0	50.0	50.0	15400
2020-06-09	50.0	50.0	50.0	50.0	
					0
					0
					0
					0
					0
					0
					0
					0
					0
					0
					0
					0
					0
					0
					0
					0
					0
					0
					0
					0
					0
					0
					0
					0
					0
					0
					0
					0
					0
					0
					0
					0
					0
					0
					0
					0
					0
					0
					0
					0
					0
					0
					0
					0
					0
					0
					0
					0
					0
					0
					0
					0
					0
					0
					0
					0
					0
					0
					0
					0
					0
					0
					0
					0
					0
					0
					0
					0
					0
					0
					0
					0
					0
					0
					0
					0
					0
					0
					0
					0
					0
					0
					0
					0
					0
					0
					0
					0
					0
					0
					0
					0
					0
					0
					0
					0
					0
					0
					0
					0
					0
					0
					0
					0
					0
					0
					0
					0
					0
					0
					0
					0
					0
					0
					0
					0
					0
					0
					0
					0
					0
					0
					0
					0
					0
					0
					0
					0
					0
					0
					0
					0
					0
					0
					0
					0
					0
					0
					0
					0
					0
					0
					0
					0
					0
					0
					0
					0
					0
					0
					0
					0
					0
					0
					0
					0
					0
					0
					0
					0
					0
					0
					0
					0
					0
					0
					0
					0
					0
					0
					0
					0
					0
					0
					0
					0
					0
					0
					0
					0
					0
					0
					0
					0
					0
					0
					0
					0
					0
					0
					0
					0
					0
					0
					0
					0
					0
					0
					0
					0
					0
					0
					0
					0
					0
					0
					0
					0
					0
					0
					0
					0
					0
					0
					0
					0
					0
					0
					0
					0
					0
					0
					0
					0
					0
					0
					0
					0
					0
					0
					0
					0
					0
					0
					0
					0
					0
					0
					0
					0
					0
					0
					0
					0
					0
					0
					0
					0
					0
					0
					0
					0
					0
					0
					0
					0
					0
					0
					0
					0
					0
					0
					0
					0
					0
					0
					0
					0
					0
					0
					0
					0
					0
					0
					0
					0
					0
					0
					0
					0
					0
					0
					0
					0
					0
					0
					0
					0
					0
					0
					0
					0
					0
					0
					0
					0
					0
					0
					0
					0
					0
					0
					0
					0
					0
					0
					0
					0
					0
					0
					0
					0
					0
					0
					0
					0
					0
					0
					0
					0
					0
					0
					0
					0
					0
					0
					0
					0
					0
					0
					0
					0
					0
					0
					0
					0
					0
					0
					0
					0
					0
					0
					0
					0
					0
					0
					0
					0
					0
					0
					0
					0
					0
					0
					0
					0
					0
					0
					0
					0
					0
					0
					0
					0
					0
					0
					0
					0
					0
					0
					0
					0
					0
					0
					0
					0
					0
					0
					0
					0
					0
					0
					0
					0
					0
					0
					0
					0
					0
					0
					0
					0
					0
					0
					0
					0
					0
					0
					0
					0
					0
					0
					0
					0
					0
					0
					0
					0
					0
					0
					0
					0
					0
					0
					0
					0
					0
					0
					0
					0
					0
					0
					0
					0
					0
					0
					0
					0
					0
					0
					0
					0
					0
					0
					0
					0
					0
					0
					0
					0
					0
					0
					0
					0
					0
					0
					0
					0
					0
					0
					0
					0
					0
					0
					0
					0
					0
					0
					0
					0
					0
					0
					0
					0
					0
					0
					0
					0
					0
					0
					0
					0
					0
					0
					0
					0
					0
					0
					0
					0
					0
					0
					0
					0
					0
					0
					0
					0
					0
					0
					0
					0
					0
					0
					0
					0
					0
					0
					0
					0
					0
					0
					0
					0
					0
					0
					0
					0
					0
					0
					0
					0
					0
					0
					0
					0
					0
					0
					0
					0
					0
					0
					0
					0
					0
					0
					0
					0
					0
					0
					0
					0
					0
					0
					0
					0
					0
					0
					0
					0
					0
					0
					0
					0
					0
					0
					0
					0
					0
					0
					0
					0
					0
					0
					0
					0
					0
					0
					0
					0
					0
					0
					0
					0
					0
					0
					0
					0
					0
					0
					0
					0
					0
					0
					0
					0
					0
					0
					0
					0
					0
					0
					0
					0
					0
					0
					0
					0
					0
					0
					0
					0
					0
					0
					0
					0
					0
					0
					0
					0
					0
					0
					0
					0
					0
					0
					0
					0
					0
					0
					0
					0
					0
					0
					0
					0
					0
					0
					0
					0
					0
					0
					0
					0
					0
					0
					0
					0
					0
