Date	Price Open	Price Low	Price High	Price Close	Volume
2000-01-04	250	250	275	275	264500
2000-01-05	250	250	250	250	561500
2000-01-06	250	250	300	300	1154500
2000-01-11	300	275	300	275	255000
2000-01-12	275	275	275	275	311500
2000-01-13	275	275	325	300	2778500
2000-01-14	300	275	300	275	452500
2000-01-17	275	275	300	275	346000
2000-01-18	275	275	275	275	385500
2000-01-19	275	275	275	275	836000
2000-01-20	275	275	275	275	405000
2000-01-21	275	275	275	275	267500
2000-01-24	275	275	275	275	822500
2000-01-25	275	275	275	275	537500
2000-01-26	275	275	300	300	65000
2000-01-27	300	275	300	275	370500
2000-01-28	275	275	275	275	509500
2000-01-31	250	250	275	275	168000
2000-02-01	250	250	275	275	294000
2000-02-02	250	250	250	250	300000
2000-02-03	250	250	250	250	20000
2000-02-04	275	275	275	275	500
2000-02-07	250	250	250	250	5000
2000-02-08	250	250	250	250	57500
2000-02-09	250	250	250	250	25000
2000-02-09	250	250	250	250	
					0
2000-02-11	275	275	275	275	102500
2000-02-14	250	250	275	275	115000
2000-02-15	250	250	250	250	1500
2000-02-16	250	250	275	275	319000
2000-02-17	275	275	275	275	90500
2000-02-18	275	275	275	275	77500
2000-02-21	275	275	275	275	308500
2000-02-22	275	275	275	275	224000
2000-02-23	275	275	275	275	125000
2000-02-24	275	275	275	275	255000
2000-02-25	275	275	275	275	100000
2000-02-28	275	275	275	275	15000
2000-03-01	275	275	275	275	260000
2000-03-02	275	275	275	275	405500
2000-03-03	275	275	275	275	250000
2000-03-06	275	275	275	275	16500
2000-03-07	275	275	275	275	557000
2000-03-08	250	250	275	275	370000
2000-03-09	275	275	275	275	424500
2000-03-10	275	275	275	275	200000
2000-03-13	275	275	275	275	252500
2000-03-14	275	275	275	275	310500
2000-03-15	275	275	275	275	101000
2000-03-17	300	300	300	300	1000
2000-03-20	275	275	275	275	125000
2000-03-21	275	275	275	275	257500
2000-03-22	275	275	275	275	100000
2000-03-23	275	275	275	275	53000
2000-03-24	300	300	300	300	1138500
2000-03-27	300	300	300	300	127500
2000-03-27	300	300	300	300	
					0
2000-03-29	275	275	275	275	5000
2000-03-30	300	300	300	300	200000
2000-04-03	300	275	300	300	77500
2000-04-05	275	275	275	275	
2000-04-05	275	275	275	275	132000
					0
2000-04-10	275	275	275	275	50000
2000-04-10	275	275	275	275	
					0
2000-04-12	300	275	300	275	108500
2000-04-13	275	275	275	275	50000
2000-04-14	275	275	275	275	20000
2000-04-14	275	275	275	275	
					0
					0
2000-04-19	275	250	275	250	6000
2000-04-20	250	250	250	250	5000
2000-04-24	250	250	250	250	5000
2000-04-25	250	250	250	250	56000
2000-04-26	225	225	250	250	206500
2000-04-26	225	225	250	250	
					0
2000-04-28	250	250	250	250	175000
2000-05-01	275	275	300	275	83500
2000-05-02	250	250	250	250	15000
2000-05-03	275	275	275	275	22500
2000-05-04	250	250	275	275	72500
2000-05-05	250	250	250	250	5000
2000-05-08	275	250	275	250	50500
2000-05-09	275	275	275	275	23000
2000-05-10	275	275	275	275	37500
2000-05-11	275	275	275	275	250000
2000-05-12	275	275	275	275	175000
2000-05-15	250	250	250	250	5000
2000-05-16	250	250	250	250	62500
2000-05-17	250	250	250	250	
2000-05-17	250	250	250	250	68000
					0
2000-05-22	275	275	275	275	2500
2000-05-23	250	250	250	250	25000
2000-05-24	250	250	250	250	50500
2000-05-25	250	250	250	250	
2000-05-25	250	250	250	250	50000
					0
2000-05-29	225	225	225	225	72500
2000-05-29	225	225	225	225	
					0
2000-05-31	225	225	225	225	36500
2000-06-02	225	225	225	225	
2000-06-02	225	225	225	225	37000
					0
					0
					0
2000-06-08	250	250	250	250	100000
2000-06-09	250	250	250	250	
2000-06-09	250	250	250	250	100000
					0
2000-06-13	250	250	250	250	35000
2000-06-14	250	250	250	250	25000
2000-06-16	250	250	250	250	30000
2000-06-16	250	250	250	250	
					0
2000-06-20	250	250	250	250	50000
2000-06-21	250	250	250	250	15000
2000-06-22	250	250	250	250	65000
2000-06-23	250	250	250	250	
2000-06-23	250	250	250	250	12500
					0
2000-06-27	250	250	250	250	24500
2000-06-28	250	250	250	250	30500
2000-06-28	250	250	250	250	
					0
2000-06-30	275	250	275	275	8500
2000-06-30	275	250	275	275	
					0
					0
					0
2000-07-06	230	230	230	230	5000
2000-07-06	230	230	230	230	
					0
					0
2000-07-11	230	230	270	270	
2000-07-11	230	230	270	270	50000
					0
2000-07-13	230	225	230	230	175000
2000-07-14	230	230	230	230	
2000-07-14	230	230	230	230	40000
					0
					0
					0
					0
2000-07-21	230	220	230	220	95500
2000-07-24	225	225	255	255	
2000-07-24	225	225	255	255	22500
					0
					0
2000-07-27	225	225	225	225	
2000-07-27	225	225	225	225	7500
					0
					0
2000-08-01	225	225	225	225	
2000-08-01	225	225	225	225	2500
					0
2000-08-03	225	220	225	220	
2000-08-03	225	220	225	220	31000
					0
					0
					0
2000-08-09	215	215	215	215	4000
2000-08-09	215	215	215	215	
					0
					0
2000-08-14	250	250	250	250	
2000-08-14	250	250	250	250	13000
					0
2000-08-16	250	250	250	250	
2000-08-16	250	250	250	250	2500
					0
					0
					0
2000-08-23	235	235	235	235	29500
2000-08-23	235	235	235	235	
					0
2000-08-25	235	235	235	235	
2000-08-25	235	235	235	235	20000
					0
2000-08-29	225	225	225	225	10000
2000-08-30	225	225	225	225	
2000-08-30	225	225	225	225	2500
					0
2000-09-01	225	225	225	225	25000
2000-09-04	235	235	240	240	2500
2000-09-05	240	240	240	240	2500
2000-09-05	240	240	240	240	
					0
					0
2000-09-08	225	225	225	225	2500
2000-09-08	225	225	225	225	
					0
2000-09-12	225	200	225	200	40000
2000-09-12	225	200	225	200	
					0
					0
					0
2000-09-18	150	150	150	150	
2000-09-18	150	150	150	150	17500
					0
2000-09-20	200	200	200	200	25000
2000-09-21	190	190	190	190	2500
2000-09-22	175	175	175	175	31000
2000-09-22	175	175	175	175	
					0
					0
					0
					0
2000-09-29	175	175	175	175	15000
2000-10-02	175	175	175	175	10000
2000-10-03	175	175	175	175	
2000-10-03	175	175	175	175	2500
					0
					0
2000-10-06	180	180	180	180	
2000-10-06	180	180	180	180	10000
					0
					0
					0
					0
					0
					0
					0
					0
2000-10-19	225	225	225	225	50000
2000-10-19	225	225	225	225	
					0
2000-10-23	200	200	200	200	22500
2000-10-24	200	200	200	200	50000
2000-10-26	190	190	190	190	25000
2000-10-27	195	195	195	195	25000
2000-10-30	190	190	190	190	18500
2000-10-31	190	190	190	190	
2000-10-31	190	190	190	190	25000
					0
					0
					0
					0
2000-11-07	195	195	200	200	30000
2000-11-08	200	200	200	200	
2000-11-08	200	200	200	200	15500
					0
					0
					0
2000-11-14	200	200	200	200	4500
2000-11-15	185	185	185	185	21500
2000-11-16	190	190	190	190	69500
2000-11-17	190	190	190	190	25000
2000-11-20	190	190	190	190	32500
2000-11-21	190	190	190	190	50000
2000-11-22	190	190	190	190	50000
2000-11-22	190	190	190	190	
					0
					0
					0
2000-11-28	190	190	190	190	
2000-11-28	190	190	190	190	17500
					0
2000-11-30	190	190	190	190	
2000-11-30	190	190	190	190	10500
					0
					0
					0
					0
					0
					0
2000-12-11	195	195	195	195	25000
2000-12-11	195	195	195	195	
					0
2000-12-13	190	190	190	190	25000
2000-12-13	190	190	190	190	
					0
					0
					0
2000-12-19	130	130	130	130	500
2000-12-20	105	105	105	105	500
2000-12-20	105	105	105	105	
					0
					0
					0
					0
					0
					0
					0
					0
					0
					0
					0
					0
					0
					0
2001-01-18	125	125	125	125	2000
2001-01-18	125	125	125	125	
					0
2001-01-22	130	130	130	130	
2001-01-22	130	130	130	130	2000
					0
					0
2001-01-25	135	135	135	135	
2001-01-25	135	135	135	135	54500
					0
					0
					0
2001-01-31	150	150	150	150	5000
2001-02-01	150	150	150	150	11500
2001-02-02	150	150	150	150	1000
2001-02-05	200	200	200	200	1000
2001-02-05	200	200	200	200	
					0
					0
					0
					0
					0
					0
					0
					0
					0
					0
					0
2001-02-21	175	175	175	175	50000
2001-02-21	175	175	175	175	
					0
2001-02-23	175	175	175	175	50000
2001-02-23	175	175	175	175	
					0
					0
					0
					0
					0
					0
					0
					0
2001-03-09	175	175	175	175	50000
2001-03-12	170	170	170	170	50000
2001-03-12	170	170	170	170	
					0
2001-03-14	175	175	175	175	50000
2001-03-15	170	170	170	170	47000
2001-03-15	170	170	170	170	
					0
2001-03-19	160	160	170	170	59000
2001-03-20	165	165	165	165	50000
2001-03-21	160	160	160	160	
2001-03-21	160	160	160	160	25000
					0
2001-03-23	160	160	160	160	66000
2001-03-27	160	160	160	160	2500
2001-03-27	160	160	160	160	
					0
					0
					0
					0
					0
2001-04-04	160	160	160	160	
2001-04-04	160	160	160	160	50000
					0
					0
2001-04-09	160	160	160	160	
2001-04-09	160	160	160	160	50000
					0
2001-04-11	160	160	160	160	50000
2001-04-12	160	160	160	160	
2001-04-12	160	160	160	160	49500
					0
					0
2001-04-18	155	155	155	155	84000
2001-04-18	155	155	155	155	
					0
					0
					0
					0
					0
					0
					0
					0
					0
					0
					0
					0
					0
					0
					0
					0
					0
					0
					0
2001-05-17	160	160	160	160	5000
2001-05-17	160	160	160	160	
					0
2001-05-21	250	250	250	250	500
2001-05-21	250	250	250	250	
					0
					0
					0
					0
					0
					0
					0
2001-06-01	200	200	200	200	5000
2001-06-05	170	170	170	170	5000
2001-06-06	150	150	150	150	
2001-06-06	150	150	150	150	5000
					0
					0
					0
					0
					0
					0
					0
					0
					0
					0
					0
					0
					0
					0
					0
					0
					0
					0
					0
					0
					0
					0
					0
2001-07-10	155	155	155	155	5000
2001-07-10	155	155	155	155	
					0
					0
					0
					0
					0
					0
					0
2001-07-20	155	155	155	155	
2001-07-20	155	155	155	155	40000
					0
					0
					0
					0
					0
					0
					0
					0
					0
					0
2001-08-06	175	155	175	155	5000
2001-08-06	175	155	175	155	
					0
					0
					0
					0
					0
					0
					0
					0
					0
					0
					0
					0
					0
					0
					0
					0
					0
					0
					0
					0
2001-09-05	160	160	160	160	
2001-09-05	160	160	160	160	25000
					0
					0
					0
					0
					0
					0
					0
2001-09-17	160	160	160	160	75000
2001-09-17	160	160	160	160	
					0
					0
					0
					0
					0
					0
					0
					0
					0
					0
2001-10-02	160	160	160	160	
2001-10-02	160	160	160	160	49500
					0
2001-10-04	160	160	250	250	
2001-10-04	160	160	250	250	25500
					0
2001-10-08	205	205	205	205	5000
2001-10-09	160	160	160	160	
2001-10-09	160	160	160	160	5000
					0
					0
					0
					0
					0
					0
					0
					0
					0
					0
					0
					0
					0
					0
					0
					0
					0
					0
					0
2001-11-07	155	155	155	155	500000
2001-11-08	155	155	155	155	
2001-11-08	155	155	155	155	41500
					0
					0
					0
					0
					0
					0
					0
					0
					0
2001-11-22	155	155	155	155	6000
2001-11-23	180	180	180	180	1000
2001-11-23	180	180	180	180	
					0
					0
					0
					0
					0
					0
					0
					0
					0
2001-12-07	165	165	165	165	500
2001-12-10	180	180	180	180	
2001-12-10	180	180	180	180	500
					0
2001-12-12	180	175	180	175	499000
2001-12-13	180	180	180	180	
2001-12-13	180	180	180	180	270500
					0
					0
					0
					0
					0
					0
					0
					0
					0
2002-01-07	180	180	180	180	
2002-01-07	180	180	180	180	1000
					0
					0
					0
					0
					0
					0
					0
					0
					0
					0
2002-01-22	200	200	200	200	
2002-01-22	200	200	200	200	12500
					0
					0
					0
					0
					0
					0
2002-01-31	180	180	180	180	
2002-01-31	180	180	180	180	87500
					0
					0
					0
					0
					0
2002-02-08	195	195	200	200	27500
2002-02-08	195	195	200	200	
					0
					0
					0
					0
2002-02-18	200	200	235	235	
2002-02-18	200	200	235	235	87500
					0
					0
2002-02-21	235	235	240	240	20000
2002-02-25	245	245	250	250	
2002-02-25	245	245	250	250	22500
					0
					0
2002-02-28	250	250	260	260	15000
2002-03-01	225	175	225	175	1500
2002-03-04	200	200	230	230	15000
2002-03-05	230	230	230	230	2500
2002-03-06	250	250	255	255	66000
2002-03-07	260	260	260	260	500
2002-03-08	255	255	255	255	4000
2002-03-11	255	255	255	255	35000
2002-03-11	255	255	255	255	
					0
2002-03-13	260	260	265	265	18500
2002-03-14	265	265	265	265	5000
2002-03-18	265	265	265	265	47500
2002-03-19	265	265	265	265	5000
2002-03-20	270	270	300	300	26000
2002-03-21	325	300	325	300	5500
2002-03-21	325	300	325	300	
					0
2002-03-25	300	300	300	300	
2002-03-25	300	300	300	300	5000
					0
					0
					0
2002-04-01	290	290	300	300	
2002-04-01	290	290	300	300	35000
					0
2002-04-03	295	295	295	295	25000
2002-04-04	295	295	300	300	88000
2002-04-05	295	295	300	300	91500
2002-04-05	295	295	300	300	
					0
2002-04-09	300	300	325	325	100000
2002-04-09	300	300	325	325	
					0
					0
					0
2002-04-15	300	300	300	300	
2002-04-15	300	300	300	300	50000
					0
2002-04-17	300	300	300	300	25000
2002-04-17	300	300	300	300	
					0
					0
2002-04-22	325	325	350	350	10000
2002-04-22	325	325	350	350	
					0
					0
					0
					0
2002-04-29	300	300	325	325	32500
2002-04-30	350	350	375	375	
2002-04-30	350	350	375	375	15000
					0
					0
2002-05-03	325	325	350	350	
2002-05-03	325	325	350	350	80000
					0
					0
					0
					0
					0
					0
					0
2002-05-16	350	350	350	350	55000
2002-05-17	350	350	350	350	95000
2002-05-20	355	355	355	355	500
2002-05-21	350	350	350	350	54500
2002-05-22	350	350	350	350	165000
2002-05-23	350	350	350	350	35000
2002-05-24	350	350	350	350	225000
2002-05-27	350	350	350	350	10000
2002-05-27	350	350	350	350	
					0
2002-05-29	350	350	350	350	25000
2002-05-30	350	350	350	350	25000
2002-05-31	345	345	400	400	97000
2002-05-31	345	345	400	400	
					0
					0
					0
					0
					0
2002-06-10	400	400	400	400	80000
2002-06-10	400	400	400	400	
					0
					0
					0
					0
					0
					0
					0
					0
					0
					0
					0
					0
					0
					0
					0
					0
					0
					0
					0
					0
					0
					0
					0
					0
					0
					0
					0
					0
					0
					0
					0
					0
					0
					0
					0
					0
					0
					0
					0
					0
					0
					0
					0
					0
					0
					0
					0
					0
					0
					0
					0
					0
					0
					0
					0
					0
					0
					0
					0
					0
					0
					0
					0
					0
					0
					0
					0
					0
					0
					0
2002-09-17	400	400	420	420	107500
2002-09-18	425	425	445	445	44000
2002-09-19	445	445	470	470	27500
2002-09-20	490	490	500	500	
2002-09-20	490	490	500	500	20000
					0
					0
					0
					0
					0
					0
					0
					0
					0
					0
					0
					0
					0
					0
					0
					0
					0
					0
					0
					0
					0
					0
					0
					0
					0
					0
					0
					0
					0
					0
					0
					0
					0
					0
					0
					0
					0
					0
					0
					0
					0
					0
					0
					0
					0
					0
					0
					0
					0
					0
					0
					0
					0
					0
					0
					0
					0
					0
					0
					0
					0
					0
					0
					0
					0
					0
					0
					0
					0
					0
					0
					0
					0
					0
					0
					0
					0
					0
					0
					0
					0
					0
					0
					0
					0
					0
					0
					0
					0
					0
					0
					0
					0
					0
					0
					0
					0
					0
					0
					0
					0
					0
					0
					0
					0
					0
					0
					0
					0
					0
					0
					0
					0
					0
					0
					0
					0
					0
					0
					0
					0
2003-03-28	475	475	475	475	500
2003-03-28	475	475	475	475	
					0
					0
					0
					0
					0
					0
					0
					0
					0
					0
					0
					0
					0
					0
					0
					0
					0
					0
					0
					0
					0
					0
					0
					0
					0
2003-05-07	475	475	475	475	2000
2003-05-07	475	475	475	475	
					0
					0
					0
					0
					0
					0
					0
					0
					0
					0
					0
					0
					0
					0
					0
					0
					0
					0
					0
					0
					0
					0
					0
					0
					0
					0
					0
					0
					0
					0
					0
					0
					0
					0
					0
					0
					0
					0
					0
					0
					0
					0
					0
					0
					0
					0
					0
					0
					0
					0
					0
					0
					0
					0
					0
					0
					0
					0
					0
					0
					0
					0
					0
					0
					0
					0
					0
					0
					0
					0
					0
					0
					0
					0
					0
					0
					0
					0
					0
					0
					0
					0
					0
					0
					0
					0
					0
					0
					0
					0
					0
					0
					0
					0
					0
					0
					0
					0
					0
					0
					0
					0
					0
					0
					0
					0
					0
					0
					0
					0
2003-10-16	400	400	400	400	500
2003-10-16	400	400	400	400	
					0
					0
					0
					0
					0
					0
					0
					0
					0
					0
					0
					0
					0
					0
					0
					0
					0
					0
					0
					0
					0
					0
					0
					0
					0
					0
					0
					0
					0
					0
					0
					0
					0
					0
					0
					0
					0
					0
					0
					0
					0
					0
					0
					0
					0
					0
					0
					0
					0
					0
					0
					0
					0
					0
					0
					0
					0
					0
					0
					0
					0
					0
					0
					0
					0
					0
					0
					0
					0
					0
					0
					0
					0
					0
					0
					0
					0
					0
					0
					0
					0
					0
					0
					0
					0
					0
					0
					0
					0
					0
					0
					0
					0
					0
					0
					0
					0
					0
					0
					0
					0
					0
					0
					0
					0
					0
					0
					0
					0
					0
					0
					0
					0
					0
					0
					0
					0
					0
					0
					0
					0
					0
					0
					0
					0
					0
					0
					0
					0
					0
					0
					0
					0
					0
					0
					0
					0
					0
					0
					0
					0
					0
					0
					0
					0
					0
					0
					0
					0
					0
					0
					0
					0
					0
					0
					0
					0
					0
					0
					0
					0
					0
					0
					0
					0
					0
					0
					0
					0
					0
					0
					0
					0
					0
					0
					0
					0
					0
					0
					0
					0
					0
					0
					0
					0
					0
					0
					0
					0
					0
					0
					0
					0
					0
					0
					0
					0
					0
					0
					0
					0
					0
					0
					0
					0
					0
					0
					0
					0
					0
					0
					0
					0
					0
					0
					0
					0
					0
					0
					0
					0
					0
					0
					0
					0
					0
					0
					0
					0
					0
					0
					0
					0
					0
					0
					0
					0
					0
					0
					0
					0
					0
					0
					0
					0
					0
					0
					0
					0
					0
					0
					0
					0
					0
					0
					0
					0
					0
					0
					0
					0
					0
					0
					0
					0
					0
					0
					0
					0
					0
					0
					0
					0
					0
					0
					0
					0
					0
					0
					0
					0
					0
					0
					0
					0
					0
					0
					0
					0
					0
					0
					0
					0
					0
					0
					0
					0
					0
					0
					0
					0
					0
					0
					0
					0
					0
					0
					0
					0
					0
					0
					0
					0
					0
					0
					0
					0
					0
					0
					0
					0
					0
					0
					0
					0
					0
					0
					0
					0
					0
					0
					0
					0
					0
					0
					0
					0
					0
					0
					0
					0
					0
					0
					0
					0
					0
					0
					0
					0
					0
					0
					0
					0
					0
					0
					0
					0
					0
					0
					0
					0
					0
					0
					0
					0
					0
					0
					0
					0
					0
					0
					0
					0
					0
					0
					0
					0
					0
					0
					0
					0
					0
					0
					0
					0
					0
					0
					0
					0
					0
					0
					0
					0
					0
					0
					0
					0
					0
					0
					0
					0
					0
					0
					0
					0
					0
					0
					0
					0
					0
					0
					0
					0
					0
					0
					0
					0
					0
					0
					0
					0
					0
					0
					0
					0
					0
					0
					0
					0
					0
					0
					0
					0
					0
					0
					0
					0
					0
					0
					0
					0
					0
					0
					0
					0
					0
					0
					0
					0
					0
					0
					0
					0
					0
					0
					0
					0
					0
					0
					0
					0
					0
					0
					0
					0
					0
					0
					0
					0
					0
					0
					0
					0
					0
					0
					0
					0
					0
					0
					0
					0
					0
					0
					0
					0
					0
					0
					0
					0
					0
					0
					0
					0
					0
					0
					0
					0
					0
					0
					0
					0
					0
					0
					0
					0
					0
					0
					0
					0
					0
					0
					0
					0
					0
					0
					0
					0
					0
					0
					0
					0
					0
					0
					0
					0
					0
					0
					0
					0
					0
					0
					0
					0
					0
					0
					0
					0
					0
					0
					0
					0
					0
					0
					0
					0
					0
					0
					0
					0
					0
					0
					0
					0
					0
					0
					0
					0
					0
					0
					0
					0
					0
					0
					0
					0
					0
					0
					0
					0
					0
					0
					0
					0
					0
					0
					0
					0
					0
					0
					0
					0
					0
					0
					0
					0
					0
					0
					0
					0
					0
					0
					0
					0
					0
					0
					0
					0
					0
					0
					0
					0
					0
					0
					0
					0
					0
					0
					0
					0
					0
					0
					0
					0
					0
					0
					0
					0
					0
					0
					0
					0
					0
					0
					0
					0
					0
					0
					0
					0
					0
					0
					0
					0
					0
					0
					0
					0
					0
					0
					0
					0
					0
					0
					0
					0
					0
					0
					0
					0
					0
					0
					0
					0
					0
					0
					0
					0
					0
					0
					0
					0
					0
					0
					0
					0
					0
					0
					0
					0
					0
					0
					0
					0
					0
					0
					0
					0
					0
					0
					0
					0
					0
					0
					0
					0
					0
					0
					0
					0
					0
					0
					0
					0
					0
					0
					0
					0
					0
					0
					0
					0
					0
					0
					0
					0
					0
					0
					0
					0
					0
					0
					0
					0
					0
					0
					0
					0
					0
					0
					0
					0
					0
					0
					0
					0
					0
					0
					0
					0
					0
					0
					0
					0
					0
					0
					0
					0
					0
					0
					0
					0
					0
					0
					0
					0
					0
					0
					0
					0
					0
					0
					0
					0
					0
					0
					0
					0
					0
					0
					0
					0
					0
					0
					0
					0
					0
					0
					0
					0
					0
					0
					0
					0
					0
					0
					0
					0
					0
					0
					0
					0
					0
					0
					0
					0
					0
					0
					0
					0
					0
					0
					0
					0
					0
					0
					0
					0
					0
					0
					0
					0
					0
					0
					0
					0
					0
					0
					0
					0
					0
					0
					0
					0
					0
					0
					0
					0
					0
					0
					0
					0
					0
					0
					0
					0
					0
					0
					0
					0
					0
					0
					0
					0
					0
					0
					0
					0
					0
					0
					0
					0
					0
					0
					0
					0
					0
					0
					0
					0
					0
					0
					0
					0
					0
					0
					0
					0
					0
					0
					0
					0
					0
					0
					0
					0
					0
					0
					0
					0
					0
					0
					0
					0
					0
					0
					0
					0
					0
					0
					0
					0
					0
					0
					0
					0
					0
					0
					0
					0
					0
					0
					0
					0
					0
					0
					0
					0
					0
					0
					0
					0
					0
					0
					0
					0
					0
					0
					0
					0
					0
					0
					0
					0
					0
					0
					0
					0
					0
					0
					0
					0
					0
					0
					0
					0
					0
					0
					0
					0
					0
					0
					0
					0
					0
					0
					0
					0
					0
					0
					0
					0
					0
					0
					0
					0
					0
					0
					0
					0
					0
					0
					0
					0
					0
					0
2007-09-21	400	400	400	400	1000
2007-09-21	400	400	400	400	
					0
					0
					0
					0
					0
					0
					0
					0
					0
					0
					0
					0
					0
					0
					0
					0
					0
					0
					0
					0
					0
					0
					0
					0
					0
					0
					0
					0
					0
					0
					0
					0
					0
					0
					0
					0
					0
					0
					0
					0
					0
					0
					0
					0
					0
					0
					0
					0
					0
					0
					0
					0
					0
					0
					0
					0
					0
					0
					0
					0
					0
					0
					0
					0
					0
					0
					0
					0
					0
					0
					0
					0
					0
					0
					0
					0
					0
					0
					0
					0
					0
					0
					0
					0
					0
					0
					0
					0
					0
					0
					0
					0
					0
					0
					0
					0
					0
					0
					0
					0
					0
					0
					0
					0
					0
					0
					0
					0
					0
					0
					0
					0
					0
					0
					0
					0
					0
					0
					0
					0
					0
					0
					0
					0
					0
					0
					0
					0
					0
					0
					0
					0
					0
					0
					0
					0
					0
					0
					0
					0
					0
					0
					0
					0
					0
					0
					0
					0
					0
					0
					0
					0
					0
					0
					0
					0
					0
					0
					0
					0
					0
					0
					0
					0
					0
					0
					0
					0
					0
					0
					0
					0
					0
					0
					0
					0
					0
					0
					0
					0
					0
					0
					0
					0
					0
					0
					0
					0
					0
					0
					0
					0
					0
					0
					0
					0
					0
					0
					0
					0
					0
					0
					0
					0
					0
					0
					0
					0
					0
					0
					0
					0
					0
					0
					0
					0
					0
					0
					0
					0
					0
					0
					0
					0
					0
					0
					0
					0
					0
					0
					0
					0
					0
					0
					0
					0
					0
					0
					0
					0
					0
					0
					0
					0
					0
					0
					0
					0
					0
					0
					0
					0
					0
					0
					0
					0
					0
					0
					0
					0
					0
					0
					0
					0
					0
					0
					0
					0
					0
					0
					0
					0
					0
					0
					0
					0
					0
					0
					0
					0
					0
					0
					0
					0
					0
					0
					0
					0
					0
					0
					0
					0
					0
					0
					0
					0
					0
					0
					0
					0
					0
					0
					0
					0
					0
					0
					0
					0
					0
					0
					0
					0
					0
					0
					0
					0
					0
					0
					0
					0
					0
					0
					0
					0
					0
					0
					0
					0
					0
					0
					0
					0
					0
					0
					0
					0
					0
					0
					0
					0
					0
					0
					0
					0
					0
					0
					0
					0
					0
					0
					0
					0
					0
					0
					0
					0
					0
					0
					0
					0
					0
					0
					0
					0
					0
					0
					0
					0
					0
					0
					0
					0
					0
					0
					0
					0
					0
					0
					0
					0
2009-04-28	350	350	350	350	
2009-04-28	350	350	350	350	1000
					0
					0
					0
					0
					0
					0
					0
					0
					0
					0
2009-05-13	300	300	300	300	500
2009-05-13	300	300	300	300	
					0
					0
					0
					0
					0
					0
					0
					0
					0
					0
					0
					0
					0
					0
					0
2009-06-05	290	290	290	290	1000
2009-06-08	270	260	270	265	11000
2009-06-08	270	260	270	265	
					0
					0
					0
					0
2009-06-15	265	265	265	265	50000
2009-06-15	265	265	265	265	
					0
					0
					0
					0
					0
					0
					0
					0
					0
					0
					0
					0
					0
					0
					0
					0
					0
					0
					0
					0
					0
					0
					0
					0
					0
					0
					0
					0
2009-07-28	265	265	265	265	
2009-07-28	265	265	265	265	7000
					0
					0
					0
					0
					0
					0
					0
					0
					0
					0
					0
					0
					0
					0
					0
					0
2009-08-21	250	250	250	250	
2009-08-21	250	250	250	250	500
					0
					0
					0
					0
					0
					0
					0
					0
					0
					0
					0
					0
					0
					0
					0
					0
					0
					0
					0
					0
					0
					0
					0
					0
					0
					0
					0
					0
					0
					0
					0
					0
					0
					0
					0
					0
					0
					0
					0
					0
					0
					0
					0
2009-10-28	280	280	280	280	500
2009-10-28	280	280	280	280	
					0
					0
					0
					0
					0
					0
					0
					0
					0
					0
					0
					0
					0
					0
					0
					0
					0
					0
					0
					0
					0
					0
					0
					0
					0
					0
					0
					0
					0
					0
					0
					0
					0
					0
					0
2009-12-21	280	280	280	280	
2009-12-21	280	280	280	280	2500
					0
					0
					0
					0
					0
					0
					0
					0
					0
					0
					0
					0
					0
					0
					0
					0
					0
					0
					0
					0
					0
					0
					0
					0
					0
					0
					0
					0
					0
					0
					0
					0
					0
					0
					0
					0
					0
					0
					0
					0
					0
					0
					0
					0
					0
					0
					0
					0
					0
					0
					0
					0
					0
					0
					0
					0
					0
					0
					0
					0
					0
					0
					0
					0
					0
					0
					0
					0
					0
					0
					0
					0
					0
					0
					0
					0
					0
					0
					0
					0
					0
2010-04-23	250	250	250	250	25000
2010-04-23	250	250	250	250	
					0
					0
					0
					0
					0
					0
					0
					0
					0
					0
					0
					0
					0
					0
					0
					0
					0
					0
					0
					0
					0
					0
					0
					0
					0
					0
					0
					0
					0
					0
					0
					0
					0
					0
					0
					0
					0
					0
					0
					0
					0
					0
					0
					0
					0
					0
					0
					0
					0
					0
					0
					0
					0
					0
					0
					0
					0
					0
					0
					0
					0
					0
					0
					0
					0
					0
					0
					0
					0
					0
					0
					0
					0
					0
					0
					0
					0
					0
					0
					0
					0
					0
					0
					0
					0
					0
					0
					0
					0
					0
					0
					0
					0
					0
					0
					0
					0
					0
					0
					0
					0
2010-09-24	250	250	250	250	
2010-09-24	250	250	250	250	16000
					0
					0
					0
					0
					0
					0
					0
					0
					0
					0
					0
					0
					0
					0
					0
					0
					0
2010-10-20	190	190	190	190	60000
2010-10-20	190	190	190	190	
					0
					0
					0
					0
					0
					0
					0
					0
2010-11-02	250	250	255	255	1000
2010-11-03	270	270	315	315	6000
2010-11-04	340	340	350	350	126500
2010-11-05	350	350	350	350	5000
2010-11-08	345	345	350	350	40500
2010-11-09	350	350	350	350	
2010-11-09	350	350	350	350	40500
					0
					0
					0
2010-11-15	350	350	350	350	23500
2010-11-16	350	300	350	300	
2010-11-16	350	300	350	300	8500
					0
2010-11-19	230	230	375	375	38500
2010-11-22	370	370	375	375	50500
2010-11-23	375	375	375	375	2000
2010-11-23	375	375	375	375	
					0
					0
					0
					0
					0
					0
					0
					0
					0
2010-12-08	290	290	290	290	7500
2010-12-08	290	290	290	290	
					0
2010-12-10	300	300	310	310	10000
2010-12-13	310	310	325	325	20500
2010-12-14	340	320	340	325	12000
2010-12-15	310	310	315	310	5000
2010-12-16	305	305	305	305	8000
2010-12-17	310	310	315	315	6000
2010-12-20	310	300	310	305	6000
2010-12-21	305	305	310	310	9500
2010-12-21	305	305	310	310	
					0
					0
					0
					0
2010-12-29	310	310	310	310	
2010-12-29	310	310	310	310	29000
					0
2011-01-03	305	305	305	305	1500
2011-01-04	305	305	305	305	6000
2011-01-04	305	305	305	305	
					0
2011-01-06	300	300	300	300	
2011-01-06	300	300	300	300	3000
					0
2011-01-10	305	300	305	300	
2011-01-10	305	300	305	300	3500
					0
2011-01-12	300	300	300	300	16500
2011-01-13	300	300	300	300	2000
2011-01-14	300	300	300	300	4000
2011-01-17	300	300	300	300	
2011-01-17	300	300	300	300	5000
					0
2011-01-19	375	375	375	375	1000
2011-01-20	465	415	465	465	43500
2011-01-21	550	500	550	550	4000
2011-01-24	500	495	570	495	4500
2011-01-24	500	495	570	495	
					0
					0
2011-01-27	450	450	450	450	1000
2011-01-28	450	450	540	450	
2011-01-28	450	450	540	450	6000
					0
					0
2011-02-02	495	360	495	375	4500
2011-02-02	495	360	495	375	
					0
					0
					0
					0
2011-02-10	460	460	460	460	500
2011-02-11	460	350	460	350	3000
2011-02-14	430	325	430	325	4500
2011-02-16	310	300	325	300	20000
2011-02-17	300	295	310	310	18500
2011-02-18	300	300	300	300	5000
2011-02-21	310	310	375	320	21500
2011-02-22	310	305	315	310	17000
2011-02-23	310	310	385	385	43500
2011-02-24	330	330	390	390	7500
2011-02-25	350	350	350	350	2500
2011-02-28	340	340	415	415	12500
2011-03-01	350	350	350	350	3000
2011-03-02	340	340	340	340	7500
2011-03-03	340	340	395	395	3500
2011-03-04	405	405	405	405	500
2011-03-04	405	405	405	405	
					0
2011-03-08	340	340	400	400	30500
2011-03-09	400	400	410	410	2000
2011-03-10	360	360	360	360	5500
2011-03-11	345	345	350	350	
2011-03-11	345	345	350	350	7000
					0
					0
2011-03-16	375	375	375	375	2500
2011-03-17	345	345	345	345	4500
2011-03-18	380	380	380	380	1000
2011-03-18	380	380	380	380	
					0
2011-03-22	335	335	340	340	1000
2011-03-22	335	335	340	340	
					0
					0
2011-03-25	340	340	340	340	4500
2011-03-28	360	360	360	360	500
2011-03-29	345	345	350	345	8000
2011-03-30	350	350	350	350	3500
2011-03-31	375	375	375	375	1500
2011-04-01	365	365	385	385	6500
2011-04-04	365	365	400	400	3500
2011-04-05	400	380	400	400	7500
2011-04-06	405	395	420	420	7000
2011-04-07	395	395	420	420	5500
2011-04-07	395	395	420	420	
					0
2011-04-11	450	450	450	450	500
2011-04-11	450	450	450	450	
					0
2011-04-13	460	460	460	460	500
2011-04-14	460	450	510	510	16500
2011-04-15	530	470	590	530	24000
2011-04-18	530	530	590	590	
2011-04-18	530	530	590	590	3500
					0
2011-04-20	580	580	650	600	2000
2011-04-21	610	550	610	550	12500
2011-04-25	450	415	590	580	5500
2011-04-26	580	570	580	580	204500
2011-04-27	650	650	650	650	500
2011-04-28	630	600	640	600	39500
2011-04-29	620	620	630	630	2000
2011-04-29	620	620	630	630	
					0
					0
					0
2011-05-05	780	630	780	700	3500
2011-05-05	780	630	780	700	
					0
					0
					0
2011-05-11	650	650	650	650	
2011-05-11	650	650	650	650	1500
					0
2011-05-13	600	550	610	600	62000
2011-05-16	520	520	520	520	1500
2011-05-18	590	590	590	590	
2011-05-18	590	590	590	590	500
					0
2011-05-20	550	550	550	550	1000
2011-05-23	540	530	540	530	52000
2011-05-24	550	520	560	560	9500
2011-05-24	550	520	560	560	
					0
2011-05-26	570	570	590	590	19000
2011-05-27	500	500	580	580	3000
2011-05-30	600	600	600	600	
2011-05-30	600	600	600	600	500
					0
					0
					0
2011-06-06	500	500	600	500	62000
2011-06-07	520	520	600	590	18500
2011-06-08	590	570	590	570	54500
2011-06-09	570	570	600	600	
2011-06-09	570	570	600	600	1500
					0
2011-06-13	590	590	590	590	500
2011-06-14	500	500	550	550	1500
2011-06-15	550	550	590	590	2000
2011-06-15	550	550	590	590	
					0
2011-06-17	580	580	580	580	105500
2011-06-20	580	580	600	600	2000
2011-06-21	510	510	600	600	1000
2011-06-22	510	500	510	500	2000
2011-06-23	550	550	570	570	1500
2011-06-24	570	570	600	580	102000
2011-06-24	570	570	600	580	
					0
2011-06-28	590	590	610	590	106500
2011-06-30	570	570	590	590	1500
2011-07-01	590	590	600	600	6500
2011-07-04	650	650	700	700	2500
2011-07-05	680	670	680	670	3000
2011-07-06	600	600	670	670	2500
2011-07-07	620	620	650	650	3000
2011-07-08	750	670	750	670	51000
2011-07-11	650	650	650	650	1000
2011-07-12	630	510	630	540	7000
2011-07-13	540	540	600	600	6500
2011-07-13	540	540	600	600	
					0
					0
2011-07-18	550	550	570	570	4500
2011-07-19	550	540	680	680	18000
2011-07-20	660	560	660	590	208500
2011-07-21	600	600	600	600	
2011-07-21	600	600	600	600	3000
					0
2011-07-25	590	590	600	600	
2011-07-25	590	590	600	600	1000
					0
2011-07-27	560	560	560	560	
2011-07-27	560	560	560	560	500
					0
2011-07-29	600	580	600	580	53500
2011-08-01	580	580	610	600	88500
2011-08-02	610	610	670	660	122000
2011-08-03	690	650	700	700	165500
2011-08-04	720	700	720	700	8000
2011-08-05	670	670	800	800	23500
2011-08-08	700	700	700	700	2500
2011-08-08	700	700	700	700	
					0
2011-08-10	650	650	650	650	1000
2011-08-11	650	650	700	700	2500
2011-08-11	650	650	700	700	
					0
					0
2011-08-16	650	650	720	720	11500
2011-08-18	700	680	720	720	7500
2011-08-19	690	690	690	690	3000
2011-08-22	700	680	700	680	7000
2011-08-23	690	670	690	670	15000
2011-08-23	690	670	690	670	
					0
					0
2011-08-26	670	670	670	670	500
2011-09-05	670	670	670	670	
2011-09-05	670	670	670	670	10000
					0
2011-09-07	770	740	770	750	6000
2011-09-08	700	700	700	700	10000
2011-09-09	790	710	790	710	5500
2011-09-12	750	750	750	750	
2011-09-12	750	750	750	750	500
					0
					0
2011-09-15	710	710	720	720	2000
2011-09-16	790	730	790	780	2000
2011-09-19	750	750	750	750	1500
2011-09-20	750	720	750	730	
2011-09-20	750	720	750	730	3000
					0
2011-09-22	620	610	700	610	51500
2011-09-23	690	690	690	690	500
2011-09-26	570	570	570	570	
2011-09-26	570	570	570	570	2000
					0
2011-09-28	680	680	680	680	500
2011-09-29	590	580	590	580	
2011-09-29	590	580	590	580	4500
					0
					0
					0
2011-10-05	530	530	630	620	2500
2011-10-05	530	530	630	620	
					0
					0
2011-10-10	650	650	650	650	2000
2011-10-11	560	560	670	660	23000
2011-10-12	660	660	660	660	1500
2011-10-13	820	820	820	820	
2011-10-13	820	820	820	820	500
					0
					0
					0
2011-10-19	660	660	780	780	3500
2011-10-19	660	660	780	780	
					0
2011-10-21	610	610	610	610	
2011-10-21	610	610	610	610	5000
					0
2011-10-25	610	610	700	700	
2011-10-25	610	610	700	700	6000
					0
					0
					0
2011-10-31	600	600	600	600	
2011-10-31	600	600	600	600	2500
					0
2011-11-02	600	600	650	650	
2011-11-02	600	600	650	650	3000
					0
					0
					0
2011-11-08	650	650	660	650	10500
2011-11-09	680	650	680	650	9500
2011-11-10	650	650	650	650	16000
2011-11-11	650	650	650	650	
2011-11-11	650	650	650	650	3500
					0
2011-11-15	660	660	660	660	1500
2011-11-16	660	660	660	660	
2011-11-16	660	660	660	660	10000
					0
					0
					0
					0
					0
					0
					0
2011-11-28	690	690	690	690	1000
2011-11-29	600	600	600	600	
2011-11-29	600	600	600	600	500
					0
2011-12-01	660	660	660	660	7500
2011-12-01	660	660	660	660	
					0
2011-12-05	600	600	600	600	1500
2011-12-06	600	600	600	600	1500
2011-12-06	600	600	600	600	
					0
					0
					0
					0
					0
2011-12-14	660	660	660	660	500
2011-12-15	660	660	660	660	
2011-12-15	660	660	660	660	500
					0
					0
2011-12-20	660	660	670	670	2000
2011-12-20	660	660	670	670	
					0
					0
					0
					0
					0
2011-12-29	690	690	690	690	1500
2011-12-30	600	600	690	690	2000
2011-12-30	600	600	690	690	
					0
					0
					0
					0
2012-01-06	680	680	700	700	17000
2012-01-09	700	700	740	740	1000
2012-01-09	700	700	740	740	
					0
2012-01-11	750	720	750	720	3000
2012-01-11	750	720	750	720	
					0
2012-01-13	630	630	630	630	500
2012-01-16	630	630	640	640	5500
2012-01-17	650	650	650	650	6000
2012-01-18	650	640	650	650	58500
2012-01-19	650	640	650	640	10000
2012-01-20	670	660	700	660	6500
2012-01-24	660	660	660	660	4500
2012-01-25	710	660	710	660	11000
2012-01-26	660	660	660	660	1000
2012-01-27	700	700	700	700	500
2012-01-30	690	690	690	690	500
2012-01-30	690	690	690	690	
					0
					0
2012-02-02	710	660	710	660	
2012-02-02	710	660	710	660	16000
					0
2012-02-06	690	670	690	670	47500
2012-02-07	700	700	780	780	
2012-02-07	700	700	780	780	11500
					0
					0
2012-02-10	780	780	780	780	2000
2012-02-13	880	880	880	880	500
2012-02-14	800	800	800	800	2500
2012-02-15	810	800	810	800	
2012-02-15	810	800	810	800	19000
					0
2012-02-17	780	780	880	800	3500
2012-02-17	780	780	880	800	
					0
2012-02-21	980	980	1000	1000	3500
2012-02-21	980	980	1000	1000	
					0
					0
2012-02-24	1000	1000	1000	1000	1500
2012-02-27	1250	1250	1250	1250	2000
2012-02-27	1250	1250	1250	1250	
					0
					0
					0
					0
					0
					0
					0
2012-03-08	1300	1300	1400	1400	3500
2012-03-09	1500	1500	1500	1500	2000
2012-03-12	1600	1600	1870	1870	45000
2012-03-13	1990	1880	2325	1900	126500
2012-03-14	1800	1800	2300	2000	110500
2012-03-15	2200	1910	2200	1910	8000
2012-03-16	2075	1810	2075	1810	12500
2012-03-19	1820	1810	1840	1840	31000
2012-03-20	1700	1700	1860	1860	17500
2012-03-21	1750	1700	1750	1700	2000
2012-03-22	1700	1700	1700	1700	5500
2012-03-26	1600	1450	1600	1460	8000
2012-03-27	1550	1550	1820	1820	7500
2012-03-28	1820	1820	1820	1820	10000
2012-03-28	1820	1820	1820	1820	
					0
2012-03-30	1820	1820	1820	1820	1000
2012-04-02	1830	1820	1830	1820	2500
2012-04-03	2000	1870	2000	1950	11500
2012-04-04	1950	1850	1950	1850	6500
2012-04-04	1950	1850	1950	1850	
					0
2012-04-09	1850	1750	1950	1950	15000
2012-04-10	1940	1820	1940	1820	5500
2012-04-11	1820	1820	1820	1820	3000
2012-04-11	1820	1820	1820	1820	
					0
2012-04-13	1900	1900	2000	2000	
2012-04-13	1900	1900	2000	2000	1000
					0
2012-04-17	1980	1980	2000	1990	14000
2012-04-18	1980	1980	1980	1980	500
2012-04-19	1980	1980	1980	1980	12500
2012-04-20	1980	1980	1980	1980	12500
2012-04-23	1980	1980	1980	1980	12500
2012-04-23	1980	1980	1980	1980	
					0
2012-04-25	1980	1980	1990	1980	25500
2012-04-26	1950	1950	2000	2000	27500
2012-04-27	2000	2000	2100	2100	10500
2012-04-27	2000	2000	2100	2100	
					0
2012-05-01	2100	2100	2150	2150	75500
2012-05-02	2150	2150	2200	2200	57500
2012-05-03	2200	2200	2350	2300	28000
2012-05-04	2300	2300	2300	2300	12500
2012-05-07	2100	2100	2100	2100	10500
2012-05-07	2100	2100	2100	2100	
					0
					0
					0
2012-05-11	2100	2100	2150	2100	13500
2012-05-14	2100	2100	2100	2100	18000
2012-05-15	2100	2000	2100	2000	47000
2012-05-16	2000	2000	2000	2000	6500
2012-05-21	2000	2000	2000	2000	10000
2012-05-22	2000	2000	2000	2000	8000
2012-05-23	2000	2000	2000	2000	12000
2012-05-24	2000	2000	2175	2175	
2012-05-24	2000	2000	2175	2175	10500
					0
2012-05-28	2100	2050	2100	2075	27500
2012-05-28	2100	2050	2100	2075	
					0
2012-05-30	2000	1800	2000	1800	6500
2012-05-30	2000	1800	2000	1800	
					0
					0
					0
					0
2012-06-06	1800	1800	1800	1800	29000
2012-06-07	1800	1800	1800	1800	
2012-06-07	1800	1800	1800	1800	1000
					0
					0
					0
					0
2012-06-14	1800	1800	1800	1800	11000
2012-06-14	1800	1800	1800	1800	
					0
					0
					0
					0
					0
2012-06-22	1800	1800	1800	1800	
2012-06-22	1800	1800	1800	1800	3500
					0
					0
					0
					0
					0
					0
					0
					0
					0
					0
					0
					0
2012-07-11	1800	1800	1800	1800	5000
2012-07-12	1800	1800	1800	1800	
2012-07-12	1800	1800	1800	1800	5500
					0
2012-07-16	1840	1840	1840	1840	4500
2012-07-16	1840	1840	1840	1840	
					0
					0
2012-07-19	1850	1850	1850	1850	4000
2012-07-20	1850	1850	1900	1870	5000
2012-07-23	1870	1870	1870	1870	10000
2012-07-24	1870	1870	1870	1870	2500
2012-07-24	1870	1870	1870	1870	
					0
					0
					0
					0
					0
					0
					0
2012-08-03	1900	1900	1900	1900	
2012-08-03	1900	1900	1900	1900	500
					0
2012-08-07	1950	1950	2000	2000	16000
2012-08-08	2050	2050	2050	2050	12500
2012-08-09	2050	2050	2050	2050	50000
2012-08-10	2050	2050	2050	2050	175000
2012-08-13	2050	2050	2050	2050	77500
2012-08-13	2050	2050	2050	2050	
					0
					0
2012-08-16	2050	2050	2050	2050	11000
2012-08-16	2050	2050	2050	2050	
					0
2012-08-24	2100	2100	2100	2100	1500
2012-08-24	2100	2100	2100	2100	
					0
					0
					0
2012-08-30	2150	2150	2200	2175	213000
2012-08-31	2175	2175	2175	2175	86500
2012-09-03	2250	2200	2250	2200	8500
2012-09-04	2200	2200	2200	2200	
2012-09-04	2200	2200	2200	2200	2500
					0
					0
					0
					0
					0
					0
					0
					0
2012-09-17	2175	2175	2175	2175	500
2012-09-18	2175	2175	2175	2175	14000
2012-09-18	2175	2175	2175	2175	
					0
					0
2012-09-21	2200	2200	2200	2200	1000
2012-09-24	2200	2200	2225	2225	3500
2012-09-25	2225	2225	2225	2225	15000
2012-09-26	2225	2225	2400	2400	2000
2012-09-26	2225	2225	2400	2400	
					0
					0
					0
2012-10-02	2375	2375	2375	2375	500
2012-10-03	2350	2350	2350	2350	500
2012-10-04	2300	2300	2300	2300	1000
2012-10-05	2400	2400	2400	2400	
2012-10-05	2400	2400	2400	2400	10000
					0
					0
					0
					0
					0
					0
2012-10-16	2350	2100	2350	2100	1500
2012-10-17	2150	2150	2150	2150	1500
2012-10-18	2150	2150	2150	2150	58000
2012-10-19	2200	2150	2200	2150	75500
2012-10-22	2150	2150	2150	2150	50000
2012-10-23	2150	2150	2150	2150	50000
2012-10-24	2150	2150	2150	2150	32000
2012-10-24	2150	2150	2150	2150	
					0
					0
2012-10-30	2300	2300	2300	2300	500
2012-10-30	2300	2300	2300	2300	
					0
					0
2012-11-02	2100	2100	2100	2100	
2012-11-02	2100	2100	2100	2100	1500
					0
					0
					0
					0
					0
					0
2012-11-13	2200	2200	2200	2200	500
2012-11-13	2200	2200	2200	2200	
					0
					0
					0
2012-11-21	2350	2350	2350	2350	1000
2012-11-21	2350	2350	2350	2350	
					0
					0
					0
					0
					0
					0
2012-11-30	2400	2400	2400	2400	1500
2012-11-30	2400	2400	2400	2400	
					0
					0
					0
					0
					0
2012-12-10	2400	2400	2400	2400	5000
2012-12-10	2400	2400	2400	2400	
					0
					0
2012-12-13	2450	2450	2450	2450	
2012-12-13	2450	2450	2450	2450	61500
					0
2012-12-17	2450	2450	2450	2450	
2012-12-17	2450	2450	2450	2450	1500
					0
					0
2012-12-20	2450	2450	2450	2450	2500
2012-12-20	2450	2450	2450	2450	
					0
					0
					0
					0
					0
					0
2013-01-04	2500	2500	2500	2500	
2013-01-04	2500	2500	2500	2500	2500
					0
					0
2013-01-09	2550	2550	2550	2550	500
2013-01-10	2550	2550	2550	2550	3000
2013-01-10	2550	2550	2550	2550	
					0
					0
					0
					0
					0
					0
					0
2013-01-22	2750	2750	2750	2750	
2013-01-22	2750	2750	2750	2750	500
					0
					0
					0
					0
					0
					0
2013-02-01	2750	2750	2750	2750	
2013-02-01	2750	2750	2750	2750	37000
					0
					0
					0
					0
					0
					0
2013-02-12	2750	2750	2750	2750	500
2013-02-13	2750	2750	2750	2750	
2013-02-13	2750	2750	2750	2750	3000
					0
2013-02-15	2975	2975	2975	2975	
2013-02-15	2975	2975	2975	2975	500
					0
					0
2013-02-20	2975	2975	2975	2975	
2013-02-20	2975	2975	2975	2975	1500
					0
					0
					0
					0
					0
					0
					0
2013-03-04	2975	2975	2975	2975	2500
2013-03-04	2975	2975	2975	2975	
					0
					0
					0
2013-03-08	3000	3000	3000	3000	1000
2013-03-08	3000	3000	3000	3000	
					0
					0
					0
					0
2013-03-18	3000	3000	3000	3000	
2013-03-18	3000	3000	3000	3000	1000
					0
					0
2013-03-21	3300	3300	3750	3750	
2013-03-21	3300	3300	3750	3750	6500
					0
					0
2013-03-26	3875	3875	3875	3875	
2013-03-26	3875	3875	3875	3875	23000
					0
					0
					0
2013-04-02	3800	3800	3800	3800	2500
2013-04-03	3750	3600	3750	3600	2500
2013-04-04	3650	3650	3800	3800	11000
2013-04-04	3650	3650	3800	3800	
					0
					0
2013-04-09	4000	4000	4000	4000	
2013-04-09	4000	4000	4000	4000	500
					0
2013-04-11	3600	3600	3600	3600	5000
2013-04-11	3600	3600	3600	3600	
					0
					0
					0
					0
2013-04-18	3675	3675	3675	3675	
2013-04-18	3675	3675	3675	3675	2500
					0
					0
					0
					0
					0
					0
					0
2013-04-30	3650	3650	3650	3650	
2013-04-30	3650	3650	3650	3650	23500
					0
					0
					0
2013-05-06	3600	3500	3600	3500	102500
2013-05-06	3600	3500	3600	3500	
					0
					0
					0
					0
2013-05-14	3500	3500	3500	3500	8000
2013-05-14	3500	3500	3500	3500	
					0
					0
					0
					0
2013-05-21	3500	3500	3500	3500	8000
2013-05-22	3100	3100	3100	3100	5000
2013-05-23	3100	3100	3100	3100	500
2013-05-23	3100	3100	3100	3100	
					0
					0
					0
					0
2013-05-30	3100	3100	3150	3150	1500
2013-05-31	3150	3150	3150	3150	1500
2013-05-31	3150	3150	3150	3150	
					0
					0
					0
					0
					0
2013-06-11	3575	3575	3575	3575	500
2013-06-11	3575	3575	3575	3575	
					0
					0
					0
					0
					0
					0
					0
					0
					0
					0
					0
					0
					0
					0
					0
					0
					0
					0
					0
					0
					0
					0
					0
					0
					0
					0
					0
					0
					0
					0
					0
					0
					0
					0
					0
					0
					0
					0
					0
					0
					0
					0
					0
					0
					0
					0
					0
					0
					0
					0
					0
					0
					0
					0
					0
					0
					0
					0
					0
					0
					0
					0
					0
					0
					0
					0
					0
					0
					0
					0
2013-09-25	3575	3575	3600	3600	
2013-09-25	3575	3575	3600	3600	50000
					0
2013-09-27	3575	3575	3600	3600	50000
2013-09-27	3575	3575	3600	3600	
					0
					0
					0
					0
					0
					0
					0
					0
					0
					0
					0
					0
					0
					0
2013-10-22	3575	3575	3600	3600	78000
2013-10-23	3600	3600	3600	3600	50000
2013-10-24	3600	3600	3600	3600	300000
2013-10-25	3600	3600	3600	3600	158500
2013-10-28	3600	3600	3600	3600	63500
2013-10-29	4000	4000	4000	4000	500
2013-10-30	3600	3600	3600	3600	
2013-10-30	3600	3600	3600	3600	2000
					0
					0
					0
2013-11-06	3500	3500	3500	3500	
2013-11-06	3500	3500	3500	3500	18500
					0
					0
					0
					0
2013-11-13	3400	3400	3400	3400	500
2013-11-13	3400	3400	3400	3400	
					0
2013-11-15	3400	3400	3400	3400	6500
2013-11-15	3400	3400	3400	3400	
					0
2013-11-19	3400	3400	3400	3400	500
2013-11-19	3400	3400	3400	3400	
					0
					0
					0
					0
2013-11-26	3300	3300	3300	3300	
2013-11-26	3300	3300	3300	3300	2500
					0
					0
					0
					0
					0
					0
					0
2013-12-06	4000	4000	4000	4000	
2013-12-06	4000	4000	4000	4000	500
					0
					0
					0
					0
					0
					0
					0
					0
					0
					0
					0
					0
					0
					0
					0
					0
					0
					0
					0
					0
					0
					0
					0
					0
					0
					0
					0
					0
					0
2014-01-24	4250	4250	4250	4250	
2014-01-24	4250	4250	4250	4250	100
					0
					0
					0
					0
					0
					0
2014-02-05	4000	4000	4000	4000	
2014-02-05	4000	4000	4000	4000	1500
					0
					0
					0
					0
					0
					0
					0
					0
					0
					0
					0
					0
					0
2014-02-25	4000	4000	4000	4000	
2014-02-25	4000	4000	4000	4000	400
					0
2014-02-27	5000	5000	5000	5000	
2014-02-27	5000	5000	5000	5000	100
					0
					0
2014-03-04	5500	5500	5500	5500	
2014-03-04	5500	5500	5500	5500	100
					0
					0
					0
					0
					0
					0
					0
					0
2014-03-17	6000	6000	6000	6000	
2014-03-17	6000	6000	6000	6000	100
					0
					0
					0
					0
					0
					0
					0
					0
					0
					0
					0
					0
					0
					0
					0
2014-04-10	6800	6800	6800	6800	100
2014-04-10	6800	6800	6800	6800	
					0
					0
2014-04-15	7200	7200	7200	7200	
2014-04-15	7200	7200	7200	7200	100
					0
					0
					0
					0
					0
					0
					0
					0
					0
					0
					0
					0
					0
					0
					0
					0
					0
					0
					0
					0
					0
					0
2014-05-21	6600	6600	6600	6600	10200
2014-05-22	6600	6600	6600	6600	20000
2014-05-23	6600	6600	6600	6600	
2014-05-23	6600	6600	6600	6600	20000
					0
					0
					0
					0
					0
					0
					0
					0
					0
					0
					0
					0
					0
					0
					0
					0
					0
					0
					0
					0
					0
					0
					0
					0
					0
2014-07-02	5500	5500	5500	5500	2000
2014-07-03	4505	4505	4505	4505	100
2014-07-04	4550	4550	4550	4550	
2014-07-04	4550	4550	4550	4550	20000
					0
					0
					0
					0
					0
					0
					0
					0
					0
2014-07-21	4550	4550	4550	4550	20000
2014-07-22	4600	4560	5500	5500	20200
2014-07-23	5500	4500	5500	4500	400
2014-07-24	4500	4500	4510	4510	20000
2014-07-25	4520	4500	4520	4500	20100
2014-08-04	4500	4500	4500	4500	11000
2014-08-05	4525	4525	4525	4525	20000
2014-08-06	4525	4525	4550	4550	20000
2014-08-07	4560	4560	4575	4575	20000
2014-08-08	4585	4000	4585	4000	20100
2014-08-08	4585	4000	4585	4000	
					0
					0
2014-08-13	4100	4100	4500	4500	300
2014-08-13	4100	4100	4500	4500	
					0
2014-08-15	4600	4600	4600	4600	600
2014-08-15	4600	4600	4600	4600	
					0
					0
					0
2014-08-21	4620	4620	4620	4620	20000
2014-08-22	4640	4640	4640	4640	20000
2014-08-25	4660	4660	4660	4660	20000
2014-08-26	4675	4675	4675	4675	20000
2014-08-27	4700	4700	5825	5825	287900
2014-08-27	4700	4700	5825	5825	
					0
					0
					0
					0
					0
					0
2014-09-05	5825	5825	5825	5825	500
2014-09-08	5850	5850	5850	5850	10000
2014-09-08	5850	5850	5850	5850	
					0
					0
					0
					0
					0
					0
					0
					0
					0
					0
					0
					0
					0
					0
					0
					0
					0
					0
					0
					0
					0
					0
					0
					0
					0
					0
					0
					0
					0
					0
					0
					0
					0
					0
					0
					0
					0
					0
					0
					0
					0
					0
					0
2014-11-07	5500	5500	5500	5500	11000
2014-11-07	5500	5500	5500	5500	
					0
					0
					0
					0
					0
					0
					0
					0
					0
					0
					0
					0
					0
					0
					0
					0
					0
					0
					0
					0
					0
					0
					0
					0
					0
2014-12-15	5600	5600	5600	5600	2400
2014-12-15	5600	5600	5600	5600	
					0
					0
					0
					0
					0
2014-12-23	5700	5700	5700	5700	
2014-12-23	5700	5700	5700	5700	100
					0
					0
					0
					0
					0
					0
					0
2015-01-08	5800	5800	5800	5800	
2015-01-08	5800	5800	5800	5800	2400
					0
					0
2015-01-13	5900	5900	5900	5900	43300
2015-01-13	5900	5900	5900	5900	
					0
					0
					0
					0
					0
2015-01-21	6000	6000	6000	6000	
2015-01-21	6000	6000	6000	6000	3500
					0
					0
					0
					0
					0
					0
2015-01-30	6100	6100	6100	6100	50000
2015-02-02	6200	6200	6200	6200	25000
2015-02-03	6250	6250	6250	6250	25000
2015-02-03	6250	6250	6250	6250	
					0
					0
2015-02-06	6275	6275	6275	6275	
2015-02-06	6275	6275	6275	6275	200
					0
					0
					0
					0
2015-02-13	6550	6550	6550	6550	100
2015-02-13	6550	6550	6550	6550	
					0
					0
					0
					0
					0
					0
					0
					0
					0
					0
2015-03-03	6650	6650	6650	6650	10000
2015-03-03	6650	6650	6650	6650	
					0
					0
					0
					0
					0
					0
2015-03-12	6650	6650	6650	6650	
2015-03-12	6650	6650	6650	6650	1500
					0
2015-03-16	6700	6700	6700	6700	15000
2015-03-16	6700	6700	6700	6700	
					0
					0
					0
2015-03-20	6900	6900	6900	6900	100
2015-03-20	6900	6900	6900	6900	
					0
					0
2015-03-25	7000	7000	7000	7000	15000
2015-03-26	7100	7100	7100	7100	19900
2015-03-27	7150	7150	7150	7150	100
2015-03-30	7200	7200	7200	7200	100
2015-03-31	7250	7250	7250	7250	100
2015-04-01	7300	7300	7300	7300	100
2015-04-02	7350	7350	7350	7350	12600
2015-04-06	7400	7400	7400	7400	100
2015-04-06	7400	7400	7400	7400	
					0
					0
2015-04-09	7450	7450	7450	7450	100
2015-04-09	7450	7450	7450	7450	
					0
					0
					0
					0
					0
					0
2015-04-20	7500	7500	7500	7500	
2015-04-20	7500	7500	7500	7500	100
					0
					0
2015-04-23	7550	7550	7550	7550	5100
2015-04-24	7600	7600	7600	7600	100
2015-04-27	8000	8000	8000	8000	
2015-04-27	8000	8000	8000	8000	100
					0
					0
					0
					0
					0
					0
					0
					0
					0
					0
					0
					0
					0
					0
					0
					0
					0
					0
					0
					0
					0
					0
					0
					0
					0
					0
					0
					0
2015-06-10	8000	8000	8200	8200	143300
2015-06-10	8000	8000	8200	8200	
					0
					0
					0
					0
					0
2015-06-18	8500	8500	8500	8500	
2015-06-18	8500	8500	8500	8500	100
					0
					0
					0
					0
					0
					0
					0
					0
					0
					0
					0
					0
					0
					0
					0
					0
					0
					0
					0
					0
					0
					0
					0
					0
					0
					0
					0
					0
					0
					0
					0
					0
					0
					0
					0
					0
					0
					0
					0
					0
					0
					0
					0
					0
					0
					0
					0
					0
					0
					0
					0
					0
					0
					0
					0
					0
					0
					0
2015-09-15	8000	8000	8000	8000	
2015-09-15	8000	8000	8000	8000	300
					0
					0
					0
					0
					0
					0
					0
					0
					0
					0
					0
					0
					0
2015-10-06	8500	8500	8500	8500	
2015-10-06	8500	8500	8500	8500	100
					0
					0
					0
					0
					0
					0
					0
					0
					0
					0
					0
					0
					0
					0
					0
					0
					0
					0
					0
					0
					0
					0
					0
					0
					0
					0
					0
					0
					0
					0
					0
					0
					0
					0
					0
					0
					0
					0
					0
					0
					0
					0
					0
					0
					0
					0
					0
					0
					0
					0
					0
					0
					0
					0
					0
					0
					0
					0
					0
					0
					0
					0
					0
					0
					0
					0
					0
					0
					0
					0
					0
2016-01-22	8000	8000	8000	8000	30000
2016-01-25	8000	8000	8000	8000	9200
2016-01-26	8000	7950	8000	7950	10800
2016-01-27	7950	7950	7950	7950	900
2016-01-27	7950	7950	7950	7950	
					0
					0
					0
					0
					0
					0
					0
					0
					0
					0
					0
					0
					0
					0
					0
2016-02-19	7450	7450	7450	7450	
2016-02-19	7450	7450	7450	7450	200
					0
					0
					0
					0
					0
					0
					0
					0
					0
					0
					0
					0
					0
					0
					0
					0
					0
					0
					0
					0
					0
					0
					0
					0
					0
2016-03-30	8200	8000	8400	8400	9200
2016-03-31	8700	8700	9000	9000	200
2016-03-31	8700	8700	9000	9000	
					0
					0
					0
					0
					0
					0
					0
					0
					0
					0
					0
					0
					0
					0
					0
					0
					0
					0
					0
					0
					0
					0
					0
					0
					0
					0
					0
					0
					0
					0
					0
					0
					0
					0
					0
					0
					0
					0
					0
					0
					0
					0
					0
					0
					0
					0
					0
					0
					0
					0
					0
					0
					0
					0
					0
					0
					0
					0
					0
					0
					0
					0
					0
					0
					0
					0
					0
					0
					0
					0
					0
					0
					0
					0
					0
					0
					0
					0
					0
					0
					0
					0
					0
					0
					0
					0
					0
					0
					0
					0
					0
					0
					0
					0
					0
					0
					0
					0
					0
					0
					0
					0
					0
					0
					0
					0
					0
					0
					0
					0
					0
					0
					0
					0
					0
					0
					0
					0
					0
					0
					0
					0
					0
					0
					0
					0
					0
					0
					0
					0
					0
					0
					0
					0
2016-10-19	8100	8100	8100	8100	100
2016-10-19	8100	8100	8100	8100	
					0
					0
					0
					0
					0
					0
					0
					0
					0
					0
					0
					0
					0
					0
					0
					0
					0
					0
					0
					0
					0
					0
					0
					0
					0
					0
					0
					0
					0
					0
					0
					0
					0
					0
					0
					0
					0
					0
					0
					0
					0
					0
					0
					0
					0
					0
					0
2016-12-28	8100	8100	8100	8100	100
2016-12-28	8100	8100	8100	8100	
					0
2016-12-30	7300	7300	7300	7300	
2016-12-30	7300	7300	7300	7300	100
					0
					0
					0
					0
					0
					0
					0
					0
					0
					0
					0
					0
					0
					0
					0
					0
					0
					0
					0
					0
					0
					0
					0
					0
					0
					0
					0
					0
					0
					0
					0
					0
					0
					0
					0
					0
					0
					0
					0
					0
					0
					0
					0
					0
					0
					0
					0
					0
2017-03-13	7275	7275	7275	7275	
2017-03-13	7275	7275	7275	7275	100
					0
					0
					0
					0
					0
					0
					0
					0
					0
					0
					0
					0
					0
					0
					0
					0
					0
					0
					0
					0
					0
					0
					0
					0
					0
					0
					0
					0
					0
					0
					0
					0
					0
					0
					0
					0
					0
					0
					0
					0
					0
					0
					0
					0
2017-05-23	7000	7000	7000	7000	
2017-05-23	7000	7000	7000	7000	100
					0
					0
					0
					0
					0
					0
					0
					0
					0
					0
					0
					0
					0
					0
					0
					0
					0
					0
					0
					0
					0
					0
					0
					0
					0
					0
					0
					0
					0
					0
					0
					0
					0
					0
					0
					0
					0
					0
					0
					0
					0
					0
					0
					0
					0
					0
					0
					0
					0
					0
					0
					0
					0
					0
					0
					0
					0
					0
					0
					0
					0
					0
					0
					0
					0
					0
					0
					0
					0
					0
					0
					0
					0
					0
					0
					0
					0
					0
					0
					0
					0
					0
					0
					0
					0
					0
					0
					0
					0
					0
					0
					0
					0
					0
					0
					0
					0
					0
					0
					0
					0
					0
					0
					0
					0
					0
2017-11-03	7000	7000	7000	7000	100
2017-11-06	7200	7200	7200	7200	
2017-11-06	7200	7200	7200	7200	100
					0
2017-11-08	7200	7200	7200	7200	
2017-11-08	7200	7200	7200	7200	100
					0
					0
					0
					0
					0
					0
					0
					0
					0
					0
					0
					0
					0
					0
					0
					0
					0
2017-12-05	7200	7200	7200	7200	
2017-12-05	7200	7200	7200	7200	100
					0
					0
					0
					0
					0
					0
					0
					0
					0
					0
					0
					0
					0
					0
					0
					0
					0
					0
					0
					0
					0
					0
					0
					0
					0
					0
					0
					0
					0
					0
					0
					0
					0
					0
					0
					0
					0
					0
					0
					0
					0
					0
					0
					0
					0
					0
					0
					0
					0
					0
					0
					0
					0
					0
					0
					0
					0
					0
					0
					0
					0
					0
					0
					0
					0
					0
					0
					0
					0
					0
					0
					0
					0
					0
2018-03-26	7300	7300	7300	7300	100
2018-03-26	7300	7300	7300	7300	
					0
					0
					0
					0
					0
					0
					0
					0
					0
2018-04-10	7000	7000	7000	7000	
2018-04-10	7000	7000	7000	7000	300
					0
					0
					0
					0
					0
2018-04-18	7000	7000	7100	7100	
2018-04-18	7000	7000	7100	7100	600
					0
					0
					0
					0
					0
					0
					0
					0
					0
					0
					0
2018-05-07	6875	6875	6875	6875	
2018-05-07	6875	6875	6875	6875	1200
					0
					0
					0
					0
					0
					0
					0
					0
					0
					0
					0
					0
					0
					0
					0
					0
					0
					0
					0
					0
					0
					0
					0
					0
					0
					0
					0
					0
					0
					0
					0
					0
					0
					0
					0
					0
					0
					0
					0
					0
					0
					0
					0
					0
					0
					0
					0
					0
					0
					0
					0
					0
					0
					0
					0
					0
					0
					0
					0
					0
					0
					0
					0
					0
2018-08-20	7000	7000	7000	7000	
2018-08-20	7000	7000	7000	7000	2000
					0
					0
2018-08-24	7150	7100	7150	7150	3500
2018-08-24	7150	7100	7150	7150	
					0
					0
					0
					0
					0
					0
					0
					0
					0
					0
					0
					0
					0
					0
					0
					0
					0
					0
					0
					0
					0
					0
					0
					0
					0
					0
					0
					0
					0
					0
					0
					0
					0
2018-10-12	7300	7300	7450	7350	7200
2018-10-12	7300	7300	7450	7350	
					0
					0
					0
					0
					0
					0
					0
					0
					0
					0
					0
					0
					0
					0
					0
					0
					0
					0
					0
					0
					0
					0
					0
					0
2018-11-16	7350	7350	7450	7450	
2018-11-16	7350	7350	7450	7450	27500
					0
					0
					0
					0
2018-11-26	7450	7450	7450	7450	
2018-11-26	7450	7450	7450	7450	50000
					0
2018-11-28	7450	7450	7450	7450	17500
2018-11-29	7400	7400	7400	7400	
2018-11-29	7400	7400	7400	7400	50000
					0
2018-12-03	7300	7300	7300	7300	800
2018-12-03	7300	7300	7300	7300	
					0
					0
					0
					0
					0
					0
					0
					0
					0
					0
					0
					0
					0
					0
					0
					0
					0
					0
					0
					0
					0
					0
					0
2019-01-10	7275	7275	7275	7275	
2019-01-10	7275	7275	7275	7275	100
					0
					0
					0
					0
					0
					0
					0
					0
					0
					0
					0
					0
					0
					0
					0
					0
					0
					0
					0
					0
					0
					0
					0
					0
					0
					0
					0
					0
2019-02-21	7300	7300	7300	7300	50000
2019-02-22	7300	7300	7300	7300	20000
2019-02-25	7300	7300	7300	7300	10000
2019-02-26	7300	7300	7300	7300	20000
2019-02-26	7300	7300	7300	7300	
					0
					0
					0
					0
2019-03-05	7000	7000	7000	7000	
2019-03-05	7000	7000	7000	7000	100
					0
					0
					0
					0
2019-03-13	7275	7275	7275	7275	
2019-03-13	7275	7275	7275	7275	20000
					0
					0
					0
					0
					0
					0
					0
					0
					0
					0
					0
					0
					0
					0
					0
					0
					0
					0
					0
					0
					0
					0
					0
					0
					0
					0
					0
					0
					0
					0
					0
					0
					0
					0
					0
					0
					0
					0
					0
					0
					0
					0
					0
					0
					0
					0
					0
					0
					0
					0
					0
					0
					0
					0
					0
					0
					0
					0
					0
					0
					0
					0
					0
					0
					0
					0
					0
					0
					0
					0
					0
					0
					0
2019-07-09	7025	5825	7025	5825	200
2019-07-09	7025	5825	7025	5825	
					0
					0
					0
					0
					0
					0
					0
					0
					0
					0
					0
					0
					0
					0
					0
					0
					0
					0
					0
					0
					0
					0
					0
					0
					0
					0
					0
					0
					0
					0
					0
					0
					0
					0
					0
					0
					0
					0
					0
					0
					0
					0
					0
					0
					0
					0
					0
					0
					0
					0
					0
					0
					0
					0
					0
					0
					0
					0
					0
					0
					0
					0
2019-10-04	4660	4660	4860	4860	500
2019-10-07	4860	4860	4860	4860	
2019-10-07	4860	4860	4860	4860	200
					0
					0
					0
					0
					0
					0
					0
					0
					0
					0
					0
					0
					0
					0
					0
					0
					0
					0
					0
					0
2019-11-05	4750	4750	4750	4750	
2019-11-05	4750	4750	4750	4750	100
					0
					0
2019-11-08	4550	4550	4550	4550	
2019-11-08	4550	4550	4550	4550	300
					0
					0
					0
					0
					0
					0
					0
					0
					0
					0
					0
					0
					0
					0
					0
					0
					0
2019-12-04	4550	4550	4550	4550	
2019-12-04	4550	4550	4550	4550	100
					0
					0
					0
					0
					0
					0
					0
					0
					0
					0
					0
					0
					0
					0
					0
					0
					0
					0
					0
					0
					0
					0
					0
					0
					0
					0
					0
					0
					0
					0
					0
					0
					0
					0
					0
					0
					0
					0
					0
					0
					0
					0
					0
					0
					0
					0
					0
					0
					0
					0
					0
					0
					0
					0
					0
					0
					0
					0
					0
					0
					0
					0
					0
					0
					0
					0
2020-03-12	4550	4550	4550	4550	
2020-03-12	4550	4550	4550	4550	220000
					0
					0
					0
					0
					0
					0
					0
2020-03-24	4550	4550	4550	4550	
2020-03-24	4550	4550	4550	4550	110000
					0
					0
					0
2020-03-31	4550	4550	4550	4550	110000
2020-03-31	4550	4550	4550	4550	
					0
					0
					0
					0
					0
					0
					0
					0
					0
					0
					0
					0
					0
					0
					0
2020-04-23	4240	4240	4240	4240	100
2020-04-24	4000	4000	4000	4000	
2020-04-24	4000	4000	4000	4000	2375000
					0
					0
					0
					0
2020-05-04	3900	3900	3900	3900	130000
2020-05-05	3900	3900	3900	3900	100
2020-05-05	3900	3900	3900	3900	
					0
					0
					0
					0
					0
					0
2020-05-15	3630	3630	3630	3630	100
2020-05-18	3630	3620	3630	3620	
2020-05-18	3630	3620	3630	3620	900
					0
					0
2020-05-26	3700	3700	3700	3700	140000
2020-05-26	3700	3700	3700	3700	
					0
					0
					0
2020-06-02	3620	3620	3620	3620	
2020-06-02	3620	3620	3620	3620	100
					0
					0
					0
2020-06-08	3650	3650	3650	3650	139000
2020-06-08	3650	3650	3650	3650	
					0
					0
					0
					0
					0
					0
					0
					0
					0
					0
					0
					0
					0
					0
2020-06-29	3500	3500	3500	3500	143000
2020-06-29	3500	3500	3500	3500	
					0
					0
					0
2020-07-03	3490	3490	3490	3490	200
2020-07-06	3250	3250	3250	3250	
2020-07-06	3250	3250	3250	3250	400
					0
					0
					0
					0
					0
					0
2020-07-15	3500	3500	3500	3500	
2020-07-15	3500	3500	3500	3500	3500
					0
2020-07-17	3500	3500	3750	3750	3000
2020-07-20	3750	3750	4000	4000	
2020-07-20	3750	3750	4000	4000	300
					0
2020-07-22	4000	4000	4100	4100	2800
2020-07-23	5000	5000	5000	5000	
2020-07-23	5000	5000	5000	5000	500
					0
					0
2020-07-28	4720	4720	5100	5100	
2020-07-28	4720	4720	5100	5100	3000
					0
2020-07-30	5200	5200	5200	5200	500
2020-08-03	5175	5175	5300	5300	1500
2020-08-03	5175	5175	5300	5300	
					0
					0
2020-08-06	5300	5300	5300	5300	100
2020-08-06	5300	5300	5300	5300	
					0
					0
2020-08-11	5275	5275	5275	5275	100
2020-08-11	5275	5275	5275	5275	
					0
					0
					0
					0
					0
2020-08-24	5150	5150	5150	5150	1000
2020-08-25	5150	5150	5150	5150	500
2020-08-26	5100	5100	5100	5100	500
2020-08-26	5100	5100	5100	5100	
					0
					0
					0
2020-09-01	5100	5100	5100	5100	200
2020-09-02	5150	5150	5150	5150	1000
2020-09-03	5125	5125	5125	5125	500
2020-09-04	5050	5050	5050	5050	500
2020-09-07	5000	5000	5000	5000	500
2020-09-08	4950	4950	4950	4950	100
2020-09-08	4950	4950	4950	4950	
					0
2020-09-10	4950	4950	4950	4950	200
2020-09-11	4950	4950	4950	4950	200
2020-09-14	4930	4930	4930	4930	400
2020-09-15	4950	4950	4950	4950	200
2020-09-16	4940	4940	4940	4940	100
2020-09-17	4920	4920	4930	4930	300
2020-09-18	4830	4830	4830	4830	100
2020-09-21	4900	4900	4900	4900	100
2020-09-22	4800	4800	4800	4800	
2020-09-22	4800	4800	4800	4800	100
					0
2020-09-24	4790	4750	4790	4750	300
2020-09-25	4750	4750	4750	4750	200
2020-09-28	4740	4740	4740	4740	100
2020-09-29	4730	4730	4740	4740	300
2020-09-30	4700	4700	4700	4700	100
2020-10-01	4680	4670	4680	4680	500
2020-10-02	4680	4680	4680	4680	100
2020-10-02	4680	4680	4680	4680	
					0
					0
					0
					0
					0
					0
					0
					0
					0
					0
2020-10-19	4900	4900	4900	4900	100
2020-10-20	4800	4800	4800	4800	100
2020-10-21	4800	4800	4800	4800	
2020-10-21	4800	4800	4800	4800	100
					0
					0
					0
					0
					0
2020-11-03	4800	4800	4800	4800	100
2020-11-04	4790	4790	4790	4790	
2020-11-04	4790	4790	4790	4790	100
					0
					0
					0
					0
					0
					0
					0
					0
					0
					0
					0
					0
					0
					0
					0
					0
					0
					0
					0
					0
2020-12-03	4550	4550	4550	4550	1800
2020-12-04	4550	4550	4550	4550	300
2020-12-07	4250	4240	4250	4240	
2020-12-07	4250	4240	4250	4240	600
					0
2020-12-10	4240	4240	4240	4240	5200
2020-12-11	3980	3980	3980	3980	
2020-12-11	3980	3980	3980	3980	300
					0
					0
					0
					0
					0
					0
					0
					0
					0
					0
2020-12-30	3710	3710	3710	3710	100
2021-01-04	3710	3710	3710	3710	100
2021-01-05	3650	3460	3650	3460	600
2021-01-06	3460	3220	3460	3220	6200
2021-01-07	3000	3000	3050	3000	13800
2021-01-08	2800	2790	2800	2790	7000
2021-01-11	2600	2600	2700	2700	207800
2021-01-12	2700	2520	2700	2650	27200
2021-01-13	2550	2470	2700	2700	35900
2021-01-14	2520	2520	2750	2750	197000
2021-01-15	2800	2800	2800	2800	200
2021-01-18	2850	2800	2850	2850	11700
2021-01-19	2850	2850	2900	2850	9600
2021-01-20	2790	2790	2900	2900	2300
2021-01-21	2900	2900	2950	2950	2000
2021-01-22	3000	3000	3000	3000	1300
2021-01-25	3000	3000	3050	3050	3000
2021-01-26	3050	3050	3150	3150	300
2021-01-27	3150	3150	3200	3200	4500
2021-01-28	3200	3200	3320	3250	3000
2021-01-29	3320	3300	3320	3320	7300
2021-02-01	3310	3310	3350	3350	1600
2021-02-02	3350	3350	3350	3350	1400
2021-02-03	3340	3340	3400	3400	2400
2021-02-04	3400	3400	3450	3450	2300
2021-02-05	3450	3450	3500	3500	2500
2021-02-08	3500	3500	3550	3550	2000
2021-02-09	3530	3530	3550	3550	1600
2021-02-10	3350	3350	3350	3350	1600
2021-02-11	3350	3350	3350	3350	1600
2021-02-15	3410	3410	3410	3410	1600
2021-02-16	3460	3460	3460	3460	1600
2021-02-17	3460	3460	3500	3500	2100
2021-02-18	3510	3510	3510	3510	1600
2021-02-19	3500	3500	3580	3580	2500
2021-02-22	3580	3570	3650	3650	2800
2021-02-23	3650	3650	3650	3650	1600
2021-02-24	3710	3710	3710	3710	1700
2021-02-25	3770	3770	3770	3770	1600
2021-02-26	3770	3770	3850	3850	1800
2021-03-01	3900	3900	3950	3900	3400
2021-03-02	3900	3900	4010	4000	2000
2021-03-03	3990	3990	4050	4050	2800
2021-03-04	4120	4100	4120	4100	3200
2021-03-05	4170	4170	4170	4170	1800
2021-03-08	4210	4170	4250	4250	2000
2021-03-09	4310	4310	4310	4310	1100
2021-03-10	4410	4410	4410	4410	1900
2021-03-12	4410	4410	4500	4500	1500
2021-03-15	4550	4550	4550	4550	1000
2021-03-16	5000	5000	5000	5000	900
2021-03-17	4900	4890	5050	5050	1600
2021-03-18	5050	5050	5200	5200	1400
2021-03-19	5200	5000	5200	5100	2800
2021-03-22	5100	5100	5100	5100	500
2021-03-23	5050	5000	5150	5150	2100
2021-03-24	5125	5125	5150	5150	1700
2021-03-25	5125	5125	5125	5125	500
2021-03-26	5125	5125	5125	5125	500
2021-03-29	5125	5125	5125	5125	200
2021-03-30	5125	5125	5125	5125	500
2021-03-31	5125	5125	5125	5125	600
2021-04-01	5125	5125	5125	5125	500
2021-04-05	5125	5125	5125	5125	500
2021-04-06	5125	5125	5125	5125	
2021-04-06	5125	5125	5125	5125	100
					0
2021-04-08	5125	5125	5125	5125	100
2021-04-08	5125	5125	5125	5125	
					0
					0
					0
					0
					0
					0
2021-04-19	5150	5000	5150	5000	600
2021-04-19	5150	5000	5150	5000	
					0
					0
2021-04-22	5050	5050	5050	5050	100
2021-04-23	5150	5150	5150	5150	300
2021-04-23	5150	5150	5150	5150	
					0
					0
					0
					0
					0
					0
					0
2021-05-05	5400	5400	5400	5400	
2021-05-05	5400	5400	5400	5400	100
					0
					0
2021-05-10	5600	5600	5600	5600	
2021-05-10	5600	5600	5600	5600	100
					0
					0
2021-05-18	5600	5600	5600	5600	500
2021-05-19	5600	5600	5600	5600	500
2021-05-19	5600	5600	5600	5600	
					0
					0
					0
					0
					0
					0
					0
					0
					0
					0
2021-06-07	5350	5350	5350	5350	300
2021-06-07	5350	5350	5350	5350	
					0
					0
2021-06-10	5200	5200	5400	5400	1000
2021-06-11	5400	5400	5450	5450	500
2021-06-11	5400	5400	5450	5450	
					0
2021-06-15	5500	5500	5500	5500	1000
2021-06-15	5500	5500	5500	5500	
					0
					0
					0
					0
					0
					0
					0
2021-06-25	5500	5500	5500	5500	100
2021-06-25	5500	5500	5500	5500	
					0
					0
					0
					0
					0
					0
					0
					0
					0
					0
					0
2021-07-13	5400	5400	5400	5400	
2021-07-13	5400	5400	5400	5400	1000
					0
					0
					0
					0
					0
					0
					0
					0
					0
					0
					0
					0
					0
					0
					0
					0
					0
					0
					0
					0
					0
					0
					0
					0
					0
2021-08-23	5025	5025	5025	5025	
2021-08-23	5025	5025	5025	5025	2200
					0
					0
					0
					0
					0
					0
2021-09-01	4680	4680	4680	4680	100
2021-09-02	4360	4360	4360	4360	100
2021-09-03	4060	4060	4060	4060	300
2021-09-06	3780	3780	3780	3780	600
2021-09-07	3530	3530	4720	4570	8500
2021-09-08	4570	4570	5675	4570	3800
2021-09-09	4270	4270	4270	4270	200
2021-09-10	3990	3990	3990	3990	100
2021-09-13	3730	3730	3730	3730	100
2021-09-14	3740	3740	3740	3740	100
2021-09-14	3740	3740	3740	3740	
					0
2021-09-16	3840	3840	3840	3840	300
2021-09-16	3840	3840	3840	3840	
					0
					0
2021-09-21	3840	3840	3840	3840	100
2021-09-21	3840	3840	3840	3840	
					0
2021-09-23	3950	3900	4800	4730	14800
2021-09-24	5875	5200	5875	5200	4100
2021-09-27	5200	4840	6200	4840	5000
2021-09-28	4840	4510	5950	5375	3400
2021-09-29	5400	5000	5400	5000	7700
2021-09-30	4950	4660	5150	5075	3800
2021-10-01	6050	4800	6050	4970	8600
2021-10-04	4970	4650	5950	5575	2400
2021-10-05	5575	5200	5575	5200	2800
2021-10-06	4850	4840	5600	4860	4000
2021-10-07	4530	4530	4600	4600	1400
2021-10-08	4290	4290	4930	4910	4200
2021-10-11	4910	4630	5975	5200	7400
2021-10-12	5200	4900	5650	4900	4400
2021-10-13	4630	4570	4630	4600	900
2021-10-14	4330	4330	4430	4430	400
2021-10-15	4190	4190	4540	4450	500
2021-10-18	4150	4150	4210	4210	500
2021-10-18	4150	4150	4210	4210	
					0
2021-10-21	4140	4140	4140	4140	100
2021-10-22	4260	4260	4300	4300	300
2021-10-25	4300	4010	4510	4430	800
2021-10-26	4130	4130	4520	4520	900
2021-10-27	4220	4220	4610	4610	600
2021-10-28	4710	4710	4720	4720	500
2021-10-29	4400	4400	5475	5225	4700
2021-11-01	4860	4860	5200	5200	300
2021-11-02	5200	5200	5200	5200	2000
2021-11-03	5200	4850	5200	4980	2800
2021-11-04	4650	4650	5000	4700	3100
2021-11-05	4700	4390	4700	4390	400
2021-11-08	4510	4510	4510	4510	100
2021-11-09	4600	4600	4660	4660	800
2021-11-10	4400	4400	5800	5775	2200
2021-11-11	5750	5375	5750	5375	1800
2021-11-12	5375	5000	5375	5125	2400
2021-11-15	4780	4780	4820	4820	800
2021-11-16	4500	4500	4650	4650	400
2021-11-17	4900	4900	4900	4900	2000
2021-11-18	4900	4590	5150	5150	500
2021-11-19	4800	4800	4820	4820	700
2021-11-22	4510	4510	4510	4510	100
2021-11-23	4520	4520	5175	4850	1100
2021-11-24	4850	4850	5000	4950	2500
2021-11-25	4950	4620	5000	4670	
2021-11-25	4950	4620	5000	4670	2400
					0
2021-11-29	4750	4750	4750	4750	400
2021-11-30	4510	4510	4510	4510	
2021-11-30	4510	4510	4510	4510	100
					0
					0
2021-12-03	4700	4700	4700	4700	1900
2021-12-06	4850	4850	4850	4850	900
2021-12-07	5000	5000	5000	5000	1600
2021-12-08	5100	5100	5200	5100	1800
2021-12-09	5200	4760	5200	4770	2300
2021-12-10	5000	5000	5000	5000	200
2021-12-13	5100	5100	5100	5100	800
2021-12-14	4760	4760	6100	5750	3700
2021-12-15	6100	6050	6100	6050	600
2021-12-16	6000	5950	6000	5950	800
2021-12-17	5900	5900	5900	5900	200
2021-12-17	5900	5900	5900	5900	
					0
2021-12-21	5500	5500	5500	5500	600
2021-12-22	5600	5600	5600	5600	2800
2021-12-23	5225	5225	5300	5300	1700
2021-12-24	5350	5350	6350	6350	2200
2021-12-27	6350	5925	6350	5925	400
2021-12-28	5900	5900	7075	7000	2100
2021-12-29	7000	7000	7000	7000	300
2021-12-30	8375	7000	8375	7000	700
2021-12-30	8375	7000	8375	7000	
					0
					0
2022-01-05	6950	6950	7000	7000	
2022-01-05	6950	6950	7000	7000	2500
					0
					0
2022-01-10	6975	6975	6975	6975	
2022-01-10	6975	6975	6975	6975	200
					0
					0
					0
2022-01-14	6500	6500	6500	6500	100
2022-01-17	6500	6050	6500	6050	900
2022-01-18	5675	5675	5675	5675	400
2022-01-19	5300	5300	6500	6475	2000
2022-01-20	6475	6475	7750	6775	2300
2022-01-21	6800	6325	6800	6350	1300
2022-01-24	5950	5950	6150	6050	900
2022-01-25	5700	5700	6300	6300	1200
2022-01-26	5900	5900	5900	5900	100
2022-01-27	6150	5900	6150	5900	2800
2022-01-28	5900	5900	6025	6025	400
2022-01-31	5650	5650	6025	6025	700
2022-02-02	6250	6100	7000	6100	3000
2022-02-03	5725	5725	6100	6100	600
2022-02-04	5750	5750	6300	6300	2900
2022-02-07	5875	5875	5875	5875	100
2022-02-08	6200	5650	6300	6300	3400
2022-02-09	5925	5900	6100	5925	2000
2022-02-10	5875	5525	6300	5550	6400
2022-02-11	5550	5225	5550	5375	400
2022-02-14	5050	5050	5475	5475	300
2022-02-15	5475	5125	5500	5500	1100
2022-02-16	5525	5200	5550	5200	2300
2022-02-17	5250	5250	5250	5250	200
2022-02-18	5300	5300	5300	5300	1200
2022-02-21	5350	5350	5350	5350	2500
2022-02-22	5350	5350	5400	5400	200
2022-02-23	5450	5450	5450	5450	300
2022-02-24	5500	5075	5500	5425	2800
2022-02-25	5500	5500	5500	5500	300
2022-03-01	5550	5550	5550	5550	200
2022-03-02	5600	5600	5600	5600	2000
2022-03-04	5600	5600	5600	5600	500
2022-03-07	5650	5650	5650	5650	
2022-03-07	5650	5650	5650	5650	2000
					0
2022-03-09	5625	5625	5625	5625	300
2022-03-10	5650	5650	5650	5650	100
2022-03-11	5700	5700	5700	5700	2000
2022-03-14	5700	5700	5700	5700	200
2022-03-15	5700	5350	5700	5350	200
2022-03-16	5400	5400	5400	5400	200
2022-03-16	5400	5400	5400	5400	
					0
					0
2022-03-21	5500	5500	5525	5525	1600
2022-03-22	5525	5525	5525	5525	2000
2022-03-23	5550	5525	6200	6125	3100
2022-03-24	6125	5750	7200	6050	6400
2022-03-25	5675	5675	5975	5975	2300
2022-03-28	6200	5975	6200	6000	1300
2022-03-28	6200	5975	6200	6000	
					0
					0
					0
					0
					0
2022-04-05	5900	5600	5900	5600	
2022-04-05	5900	5600	5900	5600	1400
					0
2022-04-07	6000	6000	6000	6000	200
2022-04-07	6000	6000	6000	6000	
					0
					0
2022-04-12	5600	5600	5600	5600	300
2022-04-13	5700	5225	5700	5225	500
2022-04-14	5375	5350	5375	5350	200
2022-04-18	5225	5000	5250	5000	800
2022-04-19	5025	5025	5025	5025	100
2022-04-20	4690	4690	4740	4740	500
2022-04-21	4420	4420	4420	4420	
2022-04-21	4420	4420	4420	4420	100
					0
					0
					0
2022-04-27	4480	4460	5275	4460	2600
2022-04-28	4460	4460	4530	4530	400
2022-05-09	4520	4270	4550	4270	300
2022-05-10	4270	4270	4270	4270	100
2022-05-10	4270	4270	4270	4270	
					0
					0
					0
2022-05-17	4370	4370	4370	4370	100
2022-05-18	4370	4370	4370	4370	
2022-05-18	4370	4370	4370	4370	100
					0
					0
2022-05-23	4100	4100	4250	4250	300
2022-05-24	4320	4320	4320	4320	100
2022-05-25	4110	4110	4320	4320	300
2022-05-25	4110	4110	4320	4320	
					0
2022-05-30	4030	4030	4030	4030	100
2022-05-31	4070	4040	4070	4040	200
2022-05-31	4070	4040	4070	4040	
					0
					0
					0
2022-06-07	4120	3820	4120	3820	200
2022-06-08	3890	3600	3890	3710	300
2022-06-09	3720	3650	3720	3700	600
2022-06-10	3470	3470	3470	3470	100
2022-06-13	3470	3250	3470	3250	
2022-06-13	3470	3250	3470	3250	200
					0
					0
2022-06-16	3060	3060	3060	3060	
2022-06-16	3060	3060	3060	3060	100
					0
2022-06-20	3100	3100	3100	3100	100
2022-06-21	3190	3190	3190	3190	100
2022-06-22	3250	3250	3250	3250	100
2022-06-23	3340	3340	3340	3340	100
2022-06-24	3270	3270	3270	3270	100
2022-06-27	3170	3170	3170	3170	
2022-06-27	3170	3170	3170	3170	100
					0
2022-06-29	2970	2970	2970	2970	100
2022-06-30	2980	2980	3710	3230	
2022-06-30	2980	2980	3710	3230	2400
					0
2022-07-04	3020	3020	3070	3070	600
2022-07-05	2870	2870	2950	2950	200
2022-07-06	3000	3000	3420	3360	1000
2022-07-07	3360	3360	3360	3360	300
2022-07-08	3420	3420	3420	3420	200
2022-07-11	3200	3200	3200	3200	100
2022-07-12	3100	3100	3100	3100	100
2022-07-13	2900	2900	2900	2900	
2022-07-13	2900	2900	2900	2900	100
					0
2022-07-15	2730	2730	2730	2730	100
2022-07-18	2950	2950	2950	2950	100
2022-07-19	3100	3100	3600	3500	600
2022-07-20	3550	3270	4360	4360	2200
2022-07-21	4330	4330	5450	5450	5000
2022-07-22	5500	5500	6500	6050	9100
2022-07-25	6050	5700	6100	5700	900
2022-07-26	5350	5325	5450	5325	2200
2022-07-27	5325	5050	6200	5600	5100
2022-07-28	5600	5225	5600	5350	2600
2022-07-29	4990	4990	5475	5150	3500
2022-08-01	4900	4800	4900	4860	400
2022-08-02	4540	4540	4800	4620	700
2022-08-03	4310	4310	4500	4500	1200
2022-08-04	4200	4200	5575	5000	4300
2022-08-05	5750	5075	5750	5075	3000
2022-08-08	5100	5100	5175	5125	600
2022-08-09	4780	4780	5600	5075	1400
2022-08-10	5675	4850	5675	4920	1900
2022-08-11	5475	4860	5475	4940	2300
2022-08-12	4950	4640	4950	4660	900
2022-08-15	4660	4350	4700	4560	
2022-08-15	4660	4350	4700	4560	800
					0
2022-08-18	4260	4260	4420	4420	300
2022-08-19	4450	4450	4450	4450	100
2022-08-22	4470	4200	4750	4230	900
2022-08-23	4230	3960	4240	4240	300
2022-08-24	4240	4240	4240	4240	
2022-08-24	4240	4240	4240	4240	100
					0
					0
					0
2022-08-30	4240	4240	4240	4240	
2022-08-30	4240	4240	4240	4240	200
					0
2022-09-01	4260	4260	4260	4260	100
2022-09-01	4260	4260	4260	4260	
					0
2022-09-05	3980	3980	5225	4830	3900
2022-09-06	5400	4660	5400	4670	3700
2022-09-07	4360	4360	4610	4610	600
2022-09-08	4320	4320	4610	4610	200
2022-09-09	4440	4440	4440	4440	100
2022-09-12	4510	4510	4510	4510	100
2022-09-13	4610	4510	4610	4510	300
2022-09-14	4280	4280	4280	4280	100
2022-09-15	4350	4310	4360	4360	
2022-09-15	4350	4310	4360	4360	500
					0
2022-09-19	4360	4360	4360	4360	100
2022-09-19	4360	4360	4360	4360	
					0
					0
2022-09-22	4130	4130	4130	4130	100
2022-09-23	4180	4180	4210	4210	200
2022-09-26	4110	4110	4110	4110	
2022-09-26	4110	4110	4110	4110	100
					0
2022-09-28	4030	3860	5050	5050	14400
2022-09-29	5075	4990	6000	5100	4000
2022-09-29	5075	4990	6000	5100	
					0
					0
					0
2022-10-05	5300	4750	5300	4750	4200
2022-10-05	5300	4750	5300	4750	
					0
2022-10-07	4900	4420	5100	4420	5200
2022-10-10	4780	4130	4780	4400	6600
2022-10-11	4560	4430	4560	4430	400
2022-10-12	4400	4400	4400	4400	300
2022-10-12	4400	4400	4400	4400	
					0
					0
					0
					0
					0
2022-10-20	4220	4120	4220	4220	2200
2022-10-21	3970	3970	3970	3970	100
2022-10-24	3970	3810	3970	3810	600
2022-10-25	3850	3810	3850	3810	300
2022-10-26	3590	3590	3590	3590	100
2022-10-27	3460	3460	3570	3570	200
2022-10-28	3590	3570	3590	3570	300
2022-10-28	3590	3570	3590	3570	
					0
2022-11-01	3590	3580	3590	3580	200
2022-11-02	3620	3620	3620	3620	100
2022-11-02	3620	3620	3620	3620	
					0
2022-11-04	3390	3390	3390	3390	100
2022-11-07	3390	3390	3460	3460	400
2022-11-08	3280	3280	3280	3280	
2022-11-08	3280	3280	3280	3280	100
					0
2022-11-10	3280	3280	3280	3280	
2022-11-10	3280	3280	3280	3280	100
					0
					0
					0
2022-11-16	3280	3280	3400	3400	400
2022-11-17	3400	3400	4160	3650	5900
2022-11-18	3430	3430	3500	3500	300
2022-11-21	3900	3800	4000	3800	700
2022-11-22	3800	3550	3800	3660	600
2022-11-23	3430	3430	3550	3550	
2022-11-23	3430	3430	3550	3550	300
					0
2022-11-25	3580	3580	3580	3580	100
2022-11-25	3580	3580	3580	3580	
					0
2022-11-29	3340	3340	3340	3340	100
2022-11-30	3340	3330	3340	3330	1000
2022-11-30	3340	3330	3340	3330	
					0
2022-12-02	3280	3210	3650	3210	3200
2022-12-02	3280	3210	3650	3210	
					0
2022-12-06	3220	3120	3220	3210	300
2022-12-07	3210	3210	3210	3210	200
2022-12-08	3110	3110	3110	3110	100
2022-12-09	3100	3100	3100	3100	100
2022-12-12	3190	3190	3190	3190	200
2022-12-13	3300	3300	3300	3300	100
2022-12-14	3080	3080	3400	3400	200
2022-12-15	3400	3170	3400	3170	200
2022-12-16	3170	3170	3480	3480	400
2022-12-16	3170	3170	3480	3480	
					0
2022-12-20	3400	3400	3480	3480	200
2022-12-20	3400	3400	3480	3480	
					0
2022-12-22	3510	3410	3510	3410	7700
2022-12-22	3510	3410	3510	3410	
					0
					0
					0
2022-12-28	3500	3500	3500	3500	100
2022-12-28	3500	3500	3500	3500	
					0
					0
