Date	Price Open	Price Low	Price High	Price Close	Volume
2000-01-04	1425	1400	1425	1400	25000
2000-01-05	1400	1400	1400	1400	20000
2000-01-05	1400	1400	1400	1400	
					0
2000-01-11	1425	1400	1425	1400	
2000-01-11	1425	1400	1425	1400	47500
					0
2000-01-13	1425	1375	1425	1375	15000
2000-01-14	1375	1375	1400	1400	22500
2000-01-17	1375	1375	1375	1375	5000
2000-01-18	1350	1350	1350	1350	20000
2000-01-19	1300	1300	1300	1300	152500
2000-01-19	1300	1300	1300	1300	
					0
					0
2000-01-24	1300	1300	1300	1300	5000
2000-01-25	1250	1250	1250	1250	51000
2000-01-26	1300	1300	1300	1300	
2000-01-26	1300	1300	1300	1300	110500
					0
					0
					0
2000-02-01	1300	1275	1300	1275	155000
2000-02-02	1275	1275	1275	1275	100000
2000-02-03	1250	1250	1250	1250	5000
2000-02-04	1250	1250	1250	1250	4000
2000-02-07	1225	1225	1225	1225	5000
2000-02-07	1225	1225	1225	1225	
					0
					0
2000-02-10	1250	1225	1250	1225	7500
2000-02-11	1100	1100	1325	1325	175000
2000-02-14	1300	1300	1300	1300	250000
2000-02-14	1300	1300	1300	1300	
					0
					0
2000-02-17	1250	1225	1250	1225	
2000-02-17	1250	1225	1250	1225	159500
					0
					0
2000-02-22	1150	1150	1350	1175	87500
2000-02-23	1150	1150	1150	1150	50000
2000-02-24	1150	1150	1150	1150	60000
2000-02-25	1150	1150	1150	1150	
2000-02-25	1150	1150	1150	1150	50000
					0
2000-03-01	1100	1100	1150	1150	50000
2000-03-02	1075	1075	1075	1075	
2000-03-02	1075	1075	1075	1075	50000
					0
					0
					0
					0
2000-03-09	1150	1150	1150	1150	2000
2000-03-10	1200	1200	1200	1200	17000
2000-03-13	1150	1150	1175	1175	91500
2000-03-13	1150	1150	1175	1175	
					0
2000-03-15	1150	1150	1200	1200	86000
2000-03-17	1200	1200	1200	1200	50000
2000-03-20	1250	1250	1250	1250	
2000-03-20	1250	1250	1250	1250	36000
					0
2000-03-22	1200	1200	1200	1200	4000
2000-03-23	1200	1200	1200	1200	12500
2000-03-24	1200	1200	1200	1200	2500
2000-03-24	1200	1200	1200	1200	
					0
2000-03-28	1250	1250	1250	1250	2500
2000-03-29	1250	1250	1250	1250	4000
2000-03-30	1250	1250	1250	1250	12000
2000-04-03	1250	1250	1250	1250	10000
2000-04-05	1250	1250	1250	1250	5000
2000-04-07	1275	1275	1275	1275	10000
2000-04-10	1300	1300	1300	1300	
2000-04-10	1300	1300	1300	1300	2000
					0
					0
					0
					0
2000-04-17	1150	1150	1150	1150	
2000-04-17	1150	1150	1150	1150	50000
					0
2000-04-19	1200	1200	1200	1200	
2000-04-19	1200	1200	1200	1200	27500
					0
					0
2000-04-25	1175	1175	1175	1175	12500
2000-04-26	1175	1175	1175	1175	5000
2000-04-27	1200	1200	1200	1200	25000
2000-04-28	1200	1200	1200	1200	40000
2000-04-28	1200	1200	1200	1200	
					0
2000-05-02	1200	1200	1200	1200	500
2000-05-03	1200	1200	1200	1200	20000
2000-05-03	1200	1200	1200	1200	
					0
2000-05-05	1200	1200	1200	1200	1000
2000-05-05	1200	1200	1200	1200	
					0
					0
					0
					0
					0
2000-05-15	1200	1200	1200	1200	500
2000-05-15	1200	1200	1200	1200	
					0
2000-05-17	1150	1150	1150	1150	30000
2000-05-17	1150	1150	1150	1150	
					0
					0
					0
					0
					0
2000-05-26	1150	1150	1150	1150	144500
2000-05-26	1150	1150	1150	1150	
					0
2000-05-30	1125	1125	1125	1125	25000
2000-05-30	1125	1125	1125	1125	
					0
2000-06-02	1050	1050	1050	1050	25000
2000-06-02	1050	1050	1050	1050	
					0
					0
					0
					0
2000-06-09	1125	1125	1125	1125	5000
2000-06-09	1125	1125	1125	1125	
					0
2000-06-13	1150	1150	1150	1150	13000
2000-06-13	1150	1150	1150	1150	
					0
2000-06-16	1150	1150	1150	1150	22500
2000-06-19	1200	1200	1200	1200	
2000-06-19	1200	1200	1200	1200	5000
					0
					0
					0
					0
2000-06-26	1200	1200	1200	1200	25000
2000-06-26	1200	1200	1200	1200	
					0
					0
2000-06-29	1200	1200	1200	1200	2000
2000-06-29	1200	1200	1200	1200	
					0
					0
					0
					0
2000-07-06	1200	1200	1200	1200	1500
2000-07-06	1200	1200	1200	1200	
					0
2000-07-10	1200	1200	1200	1200	11000
2000-07-10	1200	1200	1200	1200	
					0
2000-07-12	1200	1200	1200	1200	2000
2000-07-12	1200	1200	1200	1200	
					0
					0
					0
					0
					0
					0
					0
2000-07-24	1200	1200	1200	1200	5000
2000-07-24	1200	1200	1200	1200	
					0
					0
					0
					0
					0
					0
					0
					0
					0
2000-08-07	1225	1225	1225	1225	2000
2000-08-07	1225	1225	1225	1225	
					0
					0
					0
					0
					0
					0
					0
2000-08-18	1225	1225	1225	1225	2500
2000-08-21	1225	1225	1225	1225	
2000-08-21	1225	1225	1225	1225	5000
					0
					0
2000-08-24	1225	1225	1225	1225	12500
2000-08-24	1225	1225	1225	1225	
					0
					0
					0
2000-08-30	1225	1225	1225	1225	37500
2000-08-30	1225	1225	1225	1225	
					0
					0
					0
					0
					0
					0
					0
					0
					0
2000-09-13	1200	1200	1200	1200	
2000-09-13	1200	1200	1200	1200	3000
					0
					0
2000-09-18	1000	1000	1000	1000	
2000-09-18	1000	1000	1000	1000	68500
					0
					0
					0
2000-09-22	1105	1100	1105	1100	
2000-09-22	1105	1100	1105	1100	20000
					0
					0
					0
					0
					0
					0
					0
					0
					0
2000-10-06	1050	1050	1050	1050	
2000-10-06	1050	1050	1050	1050	500
					0
					0
					0
					0
					0
					0
					0
					0
					0
					0
					0
					0
					0
					0
					0
					0
					0
					0
					0
					0
					0
					0
					0
					0
					0
2000-11-14	1050	1050	1050	1050	
2000-11-14	1050	1050	1050	1050	5000
					0
					0
					0
					0
					0
					0
					0
					0
					0
					0
					0
					0
					0
					0
					0
					0
					0
					0
					0
					0
					0
					0
					0
					0
					0
					0
					0
2000-12-22	1050	1050	1050	1050	10000
2001-01-02	1050	1050	1050	1050	
2001-01-02	1050	1050	1050	1050	5000
					0
					0
					0
					0
					0
					0
					0
2001-01-12	1050	1050	1050	1050	46000
2001-01-15	1000	1000	1000	1000	
2001-01-15	1000	1000	1000	1000	2500
					0
					0
					0
					0
					0
2001-01-23	1000	1000	1000	1000	
2001-01-23	1000	1000	1000	1000	500
					0
					0
					0
					0
2001-01-30	1000	1000	1000	1000	
2001-01-30	1000	1000	1000	1000	1000
					0
					0
					0
					0
					0
2001-02-07	1050	1050	1050	1050	
2001-02-07	1050	1050	1050	1050	500
					0
					0
					0
					0
					0
					0
					0
					0
					0
					0
					0
					0
2001-02-26	1050	1050	1050	1050	
2001-02-26	1050	1050	1050	1050	1000
					0
					0
					0
					0
					0
					0
					0
					0
					0
2001-03-13	1000	1000	1000	1000	
2001-03-13	1000	1000	1000	1000	25000
					0
					0
					0
					0
					0
					0
					0
					0
					0
					0
					0
					0
					0
2001-04-03	975	975	975	975	
2001-04-03	975	975	975	975	5000
					0
					0
					0
					0
					0
2001-04-11	975	975	975	975	1000
2001-04-12	975	975	1100	1100	50000
2001-04-12	975	975	1100	1100	
					0
					0
					0
2001-04-19	975	975	975	975	
2001-04-19	975	975	975	975	5000
					0
2001-04-23	900	900	900	900	37500
2001-04-23	900	900	900	900	
					0
					0
					0
					0
					0
					0
					0
					0
					0
					0
					0
					0
					0
2001-05-14	925	925	925	925	
2001-05-14	925	925	925	925	1500
					0
					0
					0
					0
					0
					0
					0
					0
					0
					0
					0
					0
					0
					0
					0
					0
					0
					0
					0
2001-06-13	1000	950	1000	1000	225000
2001-06-13	1000	950	1000	1000	
					0
					0
					0
2001-06-19	1000	1000	1000	1000	1000
2001-06-20	950	950	950	950	25000
2001-06-21	950	950	950	950	75000
2001-06-21	950	950	950	950	
					0
					0
					0
2001-06-27	950	950	950	950	100000
2001-06-28	950	950	950	950	
2001-06-28	950	950	950	950	101000
					0
					0
					0
2001-07-04	975	975	975	975	
2001-07-04	975	975	975	975	2500
					0
2001-07-06	950	950	950	950	150000
2001-07-09	950	950	950	950	120000
2001-07-10	950	925	950	925	100000
2001-07-10	950	925	950	925	
					0
2001-07-12	925	900	925	900	
2001-07-12	925	900	925	900	112500
					0
					0
2001-07-17	1000	1000	1100	1100	1500
2001-07-17	1000	1000	1100	1100	
					0
					0
					0
					0
					0
					0
					0
2001-07-27	1125	1125	1125	1125	5000
2001-07-30	1150	1125	1150	1125	52500
2001-07-31	1150	1125	1150	1125	11000
2001-08-01	1150	1150	1150	1150	2500
2001-08-01	1150	1150	1150	1150	
					0
2001-08-03	1150	1150	1150	1150	155000
2001-08-06	1150	1150	1150	1150	175000
2001-08-06	1150	1150	1150	1150	
					0
2001-08-08	1125	1125	1125	1125	175000
2001-08-09	1125	1125	1125	1125	175000
2001-08-09	1125	1125	1125	1125	
					0
					0
					0
					0
					0
2001-08-20	1100	1100	1100	1100	150000
2001-08-20	1100	1100	1100	1100	
					0
					0
					0
					0
					0
					0
					0
					0
					0
					0
					0
					0
2001-09-06	1000	1000	1000	1000	
2001-09-06	1000	1000	1000	1000	1500
					0
					0
					0
					0
2001-09-13	975	975	975	975	250000
2001-09-13	975	975	975	975	
					0
					0
					0
					0
					0
					0
					0
					0
					0
					0
2001-09-28	900	900	900	900	25000
2001-09-28	900	900	900	900	
					0
					0
					0
					0
2001-10-05	900	900	900	900	25000
2001-10-05	900	900	900	900	
					0
					0
					0
					0
2001-10-12	900	900	900	900	
2001-10-12	900	900	900	900	2500
					0
					0
					0
					0
					0
					0
					0
					0
					0
					0
					0
					0
					0
					0
2001-11-05	925	925	925	925	
2001-11-05	925	925	925	925	20000
					0
					0
					0
					0
					0
					0
					0
					0
					0
					0
					0
					0
					0
					0
					0
					0
					0
					0
					0
					0
					0
2001-12-05	1000	1000	1000	1000	
2001-12-05	1000	1000	1000	1000	1500
					0
					0
					0
					0
					0
					0
					0
					0
					0
					0
					0
2001-12-28	1025	1025	1175	1175	9000
2001-12-28	1025	1025	1175	1175	
					0
					0
					0
					0
					0
					0
					0
					0
					0
					0
					0
					0
					0
					0
					0
					0
					0
					0
					0
					0
					0
					0
					0
					0
					0
					0
					0
					0
					0
					0
					0
					0
					0
					0
					0
					0
2002-02-25	1100	1100	1100	1100	
2002-02-25	1100	1100	1100	1100	18500
					0
					0
2002-02-28	1100	1100	1100	1100	6000
2002-02-28	1100	1100	1100	1100	
					0
					0
					0
					0
					0
2002-03-08	1100	1100	1100	1100	9500
2002-03-08	1100	1100	1100	1100	
					0
					0
					0
					0
					0
					0
					0
					0
2002-03-22	1100	1100	1100	1100	500
2002-03-22	1100	1100	1100	1100	
					0
					0
					0
2002-03-28	1175	1125	1175	1125	41000
2002-03-28	1175	1125	1175	1125	
					0
					0
					0
					0
					0
					0
					0
2002-04-10	1175	1175	1175	1175	
2002-04-10	1175	1175	1175	1175	5000
					0
					0
2002-04-15	1225	1225	1225	1225	150000
2002-04-16	1200	1200	1200	1200	2500
2002-04-16	1200	1200	1200	1200	
					0
					0
					0
					0
					0
2002-04-24	1250	1250	1350	1350	6000
2002-04-24	1250	1250	1350	1350	
					0
					0
					0
					0
2002-05-01	1250	1250	1250	1250	500
2002-05-02	1250	1250	1250	1250	1000
2002-05-02	1250	1250	1250	1250	
					0
2002-05-06	1250	1250	1250	1250	
2002-05-06	1250	1250	1250	1250	2500
					0
					0
					0
					0
					0
					0
					0
					0
					0
					0
					0
					0
2002-05-24	1150	1150	1150	1150	10000
2002-05-24	1150	1150	1150	1150	
					0
					0
					0
2002-05-30	1150	1150	1150	1150	18500
2002-05-31	1150	1150	1150	1150	100000
2002-05-31	1150	1150	1150	1150	
					0
					0
					0
					0
					0
					0
					0
					0
					0
					0
					0
					0
					0
					0
					0
					0
					0
					0
					0
					0
2002-07-01	1025	1025	1025	1025	1000
2002-07-01	1025	1025	1025	1025	
					0
					0
					0
					0
					0
					0
					0
					0
					0
					0
					0
					0
					0
					0
					0
					0
					0
					0
					0
					0
					0
					0
					0
					0
					0
					0
					0
2002-08-08	1150	1150	1150	1150	
2002-08-08	1150	1150	1150	1150	15000
					0
					0
					0
					0
					0
					0
					0
					0
					0
					0
					0
2002-08-26	1000	1000	1000	1000	
2002-08-26	1000	1000	1000	1000	30500
					0
					0
					0
					0
					0
					0
					0
					0
					0
					0
					0
					0
					0
					0
					0
					0
					0
					0
					0
					0
					0
					0
					0
					0
					0
					0
					0
					0
2002-10-07	950	950	950	950	1000
2002-10-07	950	950	950	950	
					0
					0
					0
2002-10-11	1000	1000	1000	1000	5000
2002-10-11	1000	1000	1000	1000	
					0
					0
					0
					0
					0
					0
					0
					0
					0
					0
					0
					0
					0
					0
					0
					0
					0
					0
					0
					0
					0
					0
					0
					0
					0
					0
					0
					0
					0
					0
					0
					0
					0
					0
					0
					0
					0
					0
					0
					0
					0
					0
					0
					0
					0
					0
					0
2002-12-27	1000	1000	1000	1000	1000
2002-12-27	1000	1000	1000	1000	
					0
					0
					0
					0
					0
					0
					0
					0
					0
					0
2003-01-16	1000	1000	1000	1000	12500
2003-01-16	1000	1000	1000	1000	
					0
					0
					0
					0
					0
					0
					0
					0
2003-01-29	1000	1000	1000	1000	
2003-01-29	1000	1000	1000	1000	12500
					0
					0
					0
					0
					0
					0
					0
					0
					0
					0
					0
					0
					0
					0
					0
					0
2003-02-24	1000	1000	1000	1000	3000
2003-02-24	1000	1000	1000	1000	
					0
					0
					0
					0
					0
					0
					0
					0
					0
2003-03-11	1000	1000	1000	1000	1000
2003-03-11	1000	1000	1000	1000	
					0
					0
					0
2003-03-17	1000	1000	1000	1000	15000
2003-03-17	1000	1000	1000	1000	
					0
					0
					0
					0
					0
					0
					0
					0
					0
					0
					0
					0
					0
					0
					0
					0
					0
					0
					0
2003-04-15	1000	1000	1000	1000	4000
2003-04-15	1000	1000	1000	1000	
					0
					0
					0
					0
					0
					0
					0
					0
					0
2003-04-30	1000	1000	1000	1000	500
2003-04-30	1000	1000	1000	1000	
					0
					0
					0
					0
					0
2003-05-08	1000	1000	1000	1000	50000
2003-05-08	1000	1000	1000	1000	
					0
					0
					0
					0
					0
					0
					0
					0
					0
					0
					0
					0
					0
2003-06-02	925	925	925	925	
2003-06-02	925	925	925	925	5000
					0
					0
					0
					0
					0
					0
					0
					0
					0
					0
					0
					0
					0
2003-06-20	900	900	900	900	
2003-06-20	900	900	900	900	5000
					0
					0
					0
					0
					0
					0
2003-07-01	900	900	900	900	25000
2003-07-01	900	900	900	900	
					0
					0
2003-07-04	800	800	800	800	
2003-07-04	800	800	800	800	30000
					0
					0
					0
					0
2003-07-11	700	700	700	700	
2003-07-11	700	700	700	700	3500
					0
					0
					0
					0
					0
					0
2003-07-22	700	700	700	700	2500
2003-07-22	700	700	700	700	
					0
					0
					0
					0
					0
					0
					0
					0
					0
2003-08-05	700	700	700	700	
2003-08-05	700	700	700	700	50000
					0
					0
					0
					0
					0
					0
					0
					0
					0
					0
					0
					0
					0
					0
					0
					0
2003-08-29	700	700	700	700	500
2003-08-29	700	700	700	700	
					0
					0
					0
					0
					0
					0
					0
					0
					0
					0
					0
2003-09-16	850	850	850	850	675000
2003-09-17	875	875	875	875	75000
2003-09-18	900	900	900	900	325000
2003-09-19	900	900	900	900	100000
2003-09-23	900	900	900	900	25000
2003-09-23	900	900	900	900	
					0
					0
					0
					0
					0
2003-10-01	900	900	900	900	12500
2003-10-02	925	925	925	925	125000
2003-10-02	925	925	925	925	
					0
					0
					0
					0
					0
					0
					0
					0
2003-10-15	900	900	900	900	
2003-10-15	900	900	900	900	10000
					0
					0
2003-10-20	950	950	950	950	
2003-10-20	950	950	950	950	50000
					0
					0
					0
					0
					0
					0
					0
					0
					0
					0
					0
					0
					0
					0
					0
2003-11-11	900	900	900	900	
2003-11-11	900	900	900	900	11500
					0
					0
					0
					0
					0
					0
					0
					0
					0
					0
2003-12-03	900	900	900	900	
2003-12-03	900	900	900	900	2000
					0
					0
2003-12-08	900	900	900	900	1500
2003-12-08	900	900	900	900	
					0
2003-12-10	900	900	900	900	5000
2003-12-10	900	900	900	900	
					0
					0
					0
					0
2003-12-17	900	900	900	900	
2003-12-17	900	900	900	900	1000
					0
					0
					0
					0
					0
					0
					0
2004-01-05	900	875	900	875	
2004-01-05	900	875	900	875	300000
					0
					0
					0
					0
					0
					0
					0
					0
					0
					0
					0
					0
					0
					0
					0
					0
					0
					0
					0
					0
					0
					0
					0
					0
					0
					0
					0
					0
					0
					0
					0
					0
					0
					0
					0
					0
					0
					0
					0
					0
					0
					0
					0
					0
2004-03-11	850	850	850	850	
2004-03-11	850	850	850	850	300000
					0
					0
					0
					0
					0
					0
					0
					0
					0
					0
					0
					0
					0
					0
					0
					0
					0
					0
					0
					0
					0
					0
					0
					0
					0
					0
					0
					0
					0
					0
					0
					0
					0
					0
					0
					0
					0
					0
					0
					0
					0
					0
					0
					0
					0
					0
					0
					0
					0
					0
					0
					0
					0
					0
					0
					0
					0
					0
					0
					0
					0
					0
					0
					0
					0
					0
					0
					0
					0
					0
					0
					0
					0
					0
					0
					0
					0
					0
2004-07-08	900	900	900	900	
2004-07-08	900	900	900	900	225000
					0
					0
2004-07-13	825	825	825	825	
2004-07-13	825	825	825	825	32000
					0
					0
					0
					0
					0
					0
					0
					0
					0
					0
					0
					0
					0
					0
					0
					0
					0
					0
					0
					0
					0
					0
					0
					0
					0
					0
					0
					0
					0
					0
					0
2004-08-27	825	825	825	825	
2004-08-27	825	825	825	825	20000
					0
					0
					0
					0
					0
					0
					0
					0
					0
					0
					0
					0
					0
					0
					0
					0
					0
					0
					0
2004-09-27	825	825	825	825	
2004-09-27	825	825	825	825	15000
					0
2004-09-29	825	825	825	825	13000
2004-09-29	825	825	825	825	
					0
					0
					0
					0
					0
					0
					0
					0
					0
					0
					0
					0
					0
					0
					0
					0
					0
					0
					0
					0
					0
					0
					0
					0
2004-11-03	825	825	825	825	10000
2004-11-04	825	825	850	850	
2004-11-04	825	825	850	850	26000
					0
					0
					0
					0
					0
					0
					0
					0
					0
					0
					0
					0
					0
					0
					0
					0
					0
					0
					0
					0
					0
					0
					0
					0
					0
					0
					0
					0
2004-12-22	825	825	825	825	
2004-12-22	825	825	825	825	500
					0
					0
					0
					0
					0
					0
					0
					0
					0
					0
					0
					0
					0
					0
					0
					0
					0
					0
					0
					0
					0
					0
					0
					0
2005-01-31	870	870	890	890	
2005-01-31	870	870	890	890	250000
					0
					0
					0
					0
					0
					0
					0
					0
					0
					0
					0
					0
					0
					0
					0
					0
					0
					0
					0
					0
					0
					0
					0
					0
					0
					0
					0
					0
					0
					0
					0
					0
					0
					0
					0
					0
					0
					0
					0
					0
					0
					0
					0
					0
					0
					0
					0
					0
					0
					0
					0
					0
					0
					0
					0
					0
					0
					0
					0
					0
					0
					0
					0
					0
					0
					0
					0
					0
					0
					0
2005-05-18	850	850	850	850	182500
2005-05-18	850	850	850	850	
					0
					0
					0
					0
					0
					0
					0
					0
					0
					0
					0
					0
					0
					0
					0
					0
					0
					0
					0
					0
					0
					0
					0
					0
					0
					0
					0
					0
					0
					0
					0
					0
					0
					0
2005-07-07	950	800	950	800	
2005-07-07	950	800	950	800	1000
					0
					0
					0
					0
					0
					0
					0
					0
					0
					0
					0
					0
					0
					0
					0
					0
					0
					0
					0
					0
					0
					0
					0
					0
					0
					0
					0
					0
					0
					0
					0
					0
					0
					0
					0
					0
					0
					0
					0
					0
					0
					0
					0
					0
					0
					0
					0
					0
					0
					0
					0
					0
					0
					0
					0
					0
					0
					0
					0
					0
					0
					0
					0
					0
					0
2005-10-11	800	800	800	800	1000
2005-10-11	800	800	800	800	
					0
					0
					0
					0
					0
					0
					0
					0
					0
					0
					0
					0
					0
					0
					0
					0
					0
					0
					0
					0
					0
					0
					0
					0
					0
					0
					0
					0
					0
					0
					0
					0
					0
					0
					0
					0
					0
					0
					0
					0
					0
					0
					0
					0
2005-12-20	830	830	830	830	
2005-12-20	830	830	830	830	1000
					0
					0
2005-12-23	830	830	830	830	10000
2005-12-23	830	830	830	830	
					0
					0
					0
					0
					0
					0
					0
					0
					0
					0
					0
					0
					0
					0
					0
					0
					0
					0
					0
					0
					0
					0
					0
					0
					0
					0
					0
					0
					0
					0
					0
					0
					0
					0
					0
					0
					0
					0
					0
					0
					0
2006-02-27	890	890	940	920	857500
2006-02-28	920	900	920	900	3007500
2006-02-28	920	900	920	900	
					0
2006-03-02	900	900	900	900	2750000
2006-03-02	900	900	900	900	
					0
					0
					0
					0
					0
					0
					0
					0
					0
					0
					0
					0
2006-03-21	900	900	900	900	
2006-03-21	900	900	900	900	250000
					0
					0
					0
					0
					0
					0
2006-04-03	910	910	910	910	1000000
2006-04-04	910	910	910	910	
2006-04-04	910	910	910	910	2000000
					0
2006-04-06	910	910	910	910	1420000
2006-04-06	910	910	910	910	
					0
					0
					0
					0
					0
2006-04-18	920	920	920	920	
2006-04-18	920	920	920	920	25000
					0
					0
					0
2006-04-24	920	920	920	920	
2006-04-24	920	920	920	920	32000
					0
					0
					0
					0
					0
					0
2006-05-03	970	970	980	970	3000000
2006-05-04	980	980	980	980	
2006-05-04	980	980	980	980	2990000
					0
					0
					0
					0
					0
					0
					0
					0
					0
					0
					0
					0
					0
					0
					0
					0
					0
					0
					0
					0
					0
					0
					0
					0
					0
					0
					0
					0
					0
					0
					0
					0
					0
					0
					0
					0
					0
					0
					0
					0
					0
					0
					0
					0
					0
					0
					0
					0
					0
					0
					0
					0
					0
					0
					0
					0
					0
					0
					0
					0
					0
					0
					0
					0
					0
					0
					0
					0
					0
					0
					0
					0
					0
					0
					0
					0
					0
					0
					0
					0
					0
					0
					0
					0
					0
					0
					0
					0
					0
2006-09-14	960	960	960	960	1000
2006-09-14	960	960	960	960	
					0
					0
					0
					0
					0
					0
					0
					0
					0
					0
					0
					0
					0
					0
					0
					0
2006-10-09	960	960	960	960	1000
2006-10-09	960	960	960	960	
					0
					0
					0
					0
					0
					0
					0
					0
					0
					0
					0
					0
					0
					0
					0
2006-11-07	960	960	960	960	5000
2006-11-07	960	960	960	960	
					0
					0
					0
					0
					0
					0
					0
					0
					0
					0
					0
					0
					0
					0
					0
					0
					0
					0
					0
					0
					0
					0
					0
					0
					0
					0
					0
2006-12-15	960	960	960	960	10000
2006-12-15	960	960	960	960	
					0
					0
					0
2006-12-21	960	960	960	960	5000
2006-12-21	960	960	960	960	
					0
					0
					0
					0
					0
					0
					0
					0
					0
					0
					0
					0
					0
					0
					0
					0
					0
					0
					0
					0
					0
					0
					0
					0
					0
					0
					0
					0
					0
					0
					0
					0
					0
					0
					0
					0
					0
					0
					0
					0
					0
					0
					0
					0
					0
					0
					0
					0
					0
					0
					0
					0
					0
					0
					0
					0
					0
					0
					0
					0
					0
					0
					0
					0
					0
					0
					0
					0
					0
					0
					0
					0
					0
					0
					0
					0
					0
					0
					0
					0
					0
					0
					0
					0
					0
					0
					0
					0
					0
					0
					0
					0
					0
					0
					0
					0
					0
					0
					0
					0
					0
					0
					0
					0
					0
					0
					0
					0
					0
					0
					0
					0
					0
					0
					0
					0
					0
					0
					0
					0
					0
					0
					0
					0
					0
					0
					0
					0
					0
					0
					0
					0
					0
					0
					0
					0
					0
					0
					0
					0
					0
					0
					0
					0
					0
					0
					0
					0
					0
					0
					0
					0
					0
					0
					0
					0
					0
					0
					0
					0
					0
					0
					0
					0
					0
					0
					0
					0
					0
					0
					0
					0
					0
					0
					0
					0
					0
					0
					0
					0
					0
					0
					0
					0
					0
					0
					0
					0
					0
					0
					0
					0
					0
					0
					0
					0
					0
					0
					0
					0
					0
					0
					0
					0
					0
					0
					0
					0
					0
					0
					0
					0
					0
					0
					0
					0
					0
					0
					0
					0
					0
2007-11-14	1240	1200	1240	1200	
2007-11-14	1240	1200	1240	1200	3000
					0
					0
					0
					0
					0
					0
					0
					0
					0
2007-11-28	1270	1270	1270	1270	3000
2007-11-28	1270	1270	1270	1270	
					0
2007-11-30	1270	1270	1270	1270	4000
2007-12-03	1270	1270	1270	1270	2500
2007-12-03	1270	1270	1270	1270	
					0
					0
2007-12-06	1270	1270	1270	1270	1500
2007-12-07	1270	1270	1290	1290	2500
2007-12-07	1270	1270	1290	1290	
					0
					0
2007-12-12	1290	1290	1290	1290	2000
2007-12-12	1290	1290	1290	1290	
					0
					0
					0
					0
					0
					0
2007-12-27	1290	1290	1290	1290	2500
2007-12-28	1310	1310	1310	1310	
2007-12-28	1310	1310	1310	1310	2500
					0
					0
					0
					0
					0
					0
2008-01-14	1340	1340	1340	1340	2500
2008-01-14	1340	1340	1340	1340	
					0
					0
					0
					0
					0
					0
					0
					0
					0
					0
					0
					0
					0
					0
					0
					0
					0
					0
					0
					0
					0
					0
					0
					0
2008-02-20	1350	1350	1350	1350	
2008-02-20	1350	1350	1350	1350	5000
					0
					0
					0
					0
					0
					0
					0
					0
					0
2008-03-05	1350	1350	1350	1350	5000
2008-03-06	1350	1350	1360	1360	120000
2008-03-10	1360	1350	1360	1350	190000
2008-03-11	1360	1360	1360	1360	125000
2008-03-12	1350	1350	1360	1360	230000
2008-03-13	1360	1360	1360	1360	175000
2008-03-14	1370	1370	1370	1370	225000
2008-03-17	1370	1370	1370	1370	125000
2008-03-18	1350	1350	1350	1350	5000
2008-03-19	1350	1350	1350	1350	5000
2008-03-24	1350	1350	1350	1350	450000
2008-03-25	1360	1360	1360	1360	425000
2008-03-26	1360	1360	1360	1360	
2008-03-26	1360	1360	1360	1360	450000
					0
2008-03-28	1350	1350	1350	1350	350000
2008-03-31	1350	1350	1350	1350	
2008-03-31	1350	1350	1350	1350	800000
					0
2008-04-02	1350	1350	1350	1350	490000
2008-04-03	1350	1350	1350	1350	400000
2008-04-04	1350	1350	1350	1350	550000
2008-04-04	1350	1350	1350	1350	
					0
					0
2008-04-09	1350	1350	1350	1350	900000
2008-04-10	1350	1350	1350	1350	
2008-04-10	1350	1350	1350	1350	565000
					0
					0
					0
2008-04-16	1360	1360	1360	1360	185000
2008-04-16	1360	1360	1360	1360	
					0
					0
					0
					0
					0
					0
					0
					0
					0
					0
					0
					0
					0
					0
					0
					0
					0
					0
					0
					0
					0
					0
					0
					0
					0
					0
					0
					0
					0
					0
					0
					0
					0
					0
					0
					0
					0
					0
					0
					0
					0
					0
					0
					0
					0
					0
					0
					0
					0
					0
					0
					0
					0
					0
					0
					0
					0
					0
					0
					0
					0
					0
					0
					0
					0
					0
					0
					0
					0
					0
					0
					0
					0
					0
					0
					0
					0
					0
					0
					0
					0
					0
					0
					0
					0
					0
					0
					0
					0
					0
					0
					0
					0
					0
					0
					0
					0
					0
					0
					0
					0
					0
					0
					0
2008-09-16	1300	1300	1300	1300	
2008-09-16	1300	1300	1300	1300	2500
					0
					0
					0
					0
					0
					0
					0
					0
					0
					0
					0
					0
					0
					0
					0
					0
					0
					0
					0
					0
					0
					0
					0
					0
					0
					0
					0
					0
					0
					0
					0
					0
					0
					0
					0
					0
					0
					0
					0
					0
					0
					0
					0
					0
					0
					0
					0
					0
					0
					0
					0
					0
					0
					0
					0
					0
					0
					0
					0
					0
					0
					0
					0
					0
					0
					0
					0
					0
					0
					0
					0
					0
					0
					0
					0
					0
					0
					0
					0
					0
					0
					0
					0
					0
					0
					0
					0
					0
					0
					0
					0
					0
					0
					0
					0
					0
					0
					0
					0
					0
					0
					0
					0
					0
					0
					0
					0
					0
					0
					0
					0
					0
					0
					0
					0
					0
					0
					0
					0
					0
					0
					0
					0
					0
					0
					0
					0
					0
					0
					0
					0
					0
					0
					0
					0
					0
					0
					0
					0
					0
					0
					0
					0
					0
					0
					0
					0
					0
					0
					0
					0
					0
					0
					0
					0
					0
					0
					0
					0
					0
					0
					0
					0
					0
					0
					0
					0
					0
					0
					0
					0
					0
					0
					0
					0
					0
					0
					0
					0
					0
					0
					0
					0
					0
					0
					0
					0
					0
					0
					0
					0
					0
					0
					0
					0
					0
					0
					0
					0
					0
					0
					0
					0
					0
					0
					0
					0
					0
					0
					0
					0
2009-08-05	1400	1400	1400	1400	
2009-08-05	1400	1400	1400	1400	37500
					0
					0
					0
					0
					0
					0
					0
					0
					0
					0
					0
					0
					0
					0
					0
					0
					0
					0
2009-09-02	1300	1300	1300	1300	
2009-09-02	1300	1300	1300	1300	37500
					0
					0
					0
					0
2009-09-09	1470	1470	1470	1470	2500
2009-09-09	1470	1470	1470	1470	
					0
					0
					0
					0
					0
					0
					0
					0
					0
					0
					0
					0
2009-10-02	1500	1500	1500	1500	
2009-10-02	1500	1500	1500	1500	2500
					0
					0
					0
					0
					0
					0
					0
					0
					0
2009-10-16	1400	1400	1400	1400	37500
2009-10-16	1400	1400	1400	1400	
					0
					0
					0
					0
					0
					0
					0
					0
					0
					0
					0
					0
					0
					0
					0
					0
					0
					0
					0
					0
					0
					0
					0
					0
					0
					0
					0
					0
					0
					0
					0
					0
					0
					0
					0
					0
					0
					0
					0
					0
					0
					0
					0
					0
					0
					0
					0
					0
					0
					0
					0
					0
					0
					0
					0
					0
					0
					0
					0
					0
					0
					0
					0
					0
					0
					0
					0
					0
					0
					0
					0
					0
					0
					0
					0
					0
					0
					0
					0
					0
					0
					0
					0
					0
					0
					0
					0
					0
					0
					0
					0
					0
					0
					0
					0
					0
					0
2010-03-12	1500	1500	1500	1500	50000
2010-03-12	1500	1500	1500	1500	
					0
					0
					0
					0
					0
					0
					0
2010-03-25	1500	1500	1500	1500	4000
2010-03-25	1500	1500	1500	1500	
					0
					0
					0
					0
					0
					0
					0
					0
					0
					0
					0
					0
					0
					0
					0
					0
					0
					0
					0
					0
					0
					0
					0
					0
					0
					0
					0
					0
					0
					0
					0
					0
					0
					0
					0
2010-05-18	1500	1500	1500	1500	2500
2010-05-18	1500	1500	1500	1500	
					0
					0
					0
					0
					0
					0
					0
					0
					0
					0
					0
					0
					0
					0
					0
					0
					0
					0
					0
					0
					0
					0
					0
					0
					0
					0
					0
					0
					0
					0
					0
					0
					0
					0
					0
					0
					0
					0
					0
					0
					0
					0
					0
					0
					0
					0
					0
					0
					0
					0
					0
					0
					0
					0
					0
					0
					0
					0
					0
					0
					0
					0
					0
					0
					0
					0
					0
					0
					0
					0
					0
					0
					0
					0
					0
					0
					0
					0
					0
					0
					0
					0
					0
					0
					0
					0
					0
					0
2010-09-29	1500	1500	1500	1500	5000
2010-09-29	1500	1500	1500	1500	
					0
					0
					0
2010-10-05	1800	1800	1800	1800	
2010-10-05	1800	1800	1800	1800	1000
					0
2010-10-07	2100	2100	2100	2100	7500
2010-10-07	2100	2100	2100	2100	
					0
					0
					0
					0
					0
					0
					0
					0
					0
					0
					0
					0
					0
					0
					0
					0
					0
					0
					0
					0
					0
					0
					0
					0
					0
					0
					0
					0
2010-11-18	1850	1850	1850	1850	5000
2010-11-18	1850	1850	1850	1850	
					0
					0
					0
					0
					0
					0
					0
					0
					0
					0
					0
					0
					0
					0
					0
					0
2010-12-14	1950	1950	1950	1950	
2010-12-14	1950	1950	1950	1950	3000
					0
					0
					0
					0
					0
2010-12-22	2100	2100	2100	2100	2000
2010-12-22	2100	2100	2100	2100	
					0
					0
					0
					0
					0
					0
					0
					0
					0
					0
					0
					0
					0
					0
					0
					0
					0
					0
					0
					0
					0
					0
					0
					0
					0
					0
					0
					0
					0
					0
					0
					0
					0
					0
					0
					0
					0
					0
					0
					0
					0
					0
					0
					0
					0
					0
					0
					0
					0
					0
					0
					0
2011-03-11	2100	2100	2100	2100	500
2011-03-11	2100	2100	2100	2100	
					0
					0
					0
					0
					0
					0
					0
					0
					0
					0
					0
					0
					0
					0
					0
					0
					0
					0
2011-04-07	2625	2625	2625	2625	2500
2011-04-07	2625	2625	2625	2625	
					0
					0
					0
					0
					0
					0
					0
					0
					0
					0
					0
					0
					0
					0
					0
					0
					0
					0
					0
					0
					0
2011-05-10	2625	2625	3200	3200	11000
2011-05-10	2625	2625	3200	3200	
					0
					0
					0
					0
					0
					0
					0
					0
					0
					0
					0
					0
2011-05-30	3000	3000	3000	3000	2000
2011-05-31	3000	3000	3000	3000	1000
2011-05-31	3000	3000	3000	3000	
					0
2011-06-03	3500	3500	3500	3500	2500
2011-06-03	3500	3500	3500	3500	
					0
					0
2011-06-08	4000	4000	4000	4000	
2011-06-08	4000	4000	4000	4000	500
					0
					0
					0
2011-06-14	4000	4000	4000	4000	
2011-06-14	4000	4000	4000	4000	5000
					0
2011-06-16	4500	4500	4500	4500	
2011-06-16	4500	4500	4500	4500	500
					0
2011-06-20	4525	4525	4525	4525	
2011-06-20	4525	4525	4525	4525	500
					0
					0
					0
					0
					0
					0
					0
					0
					0
					0
					0
					0
					0
					0
					0
					0
					0
					0
					0
					0
					0
					0
					0
					0
2011-07-26	3975	3975	3975	3975	
2011-07-26	3975	3975	3975	3975	500
					0
					0
					0
					0
2011-08-02	4200	4200	4200	4200	2500
2011-08-03	4200	4200	4300	4200	32500
2011-08-04	4300	4300	4300	4300	139500
2011-08-05	4200	4200	4300	4300	
2011-08-05	4200	4200	4300	4300	96500
					0
2011-08-09	4300	4300	4300	4300	
2011-08-09	4300	4300	4300	4300	96500
					0
					0
2011-08-12	4100	4100	4100	4100	100000
2011-08-15	4100	4100	4100	4100	
2011-08-15	4100	4100	4100	4100	20000
					0
2011-08-18	4100	4100	4100	4100	
2011-08-18	4100	4100	4100	4100	50000
					0
					0
					0
					0
2011-08-25	4100	4100	4100	4100	30000
2011-08-26	4100	4100	4100	4100	16000
2011-09-05	4200	4200	4200	4200	
2011-09-05	4200	4200	4200	4200	46000
					0
					0
					0
2011-09-09	4100	4100	4100	4100	
2011-09-09	4100	4100	4100	4100	90000
					0
					0
					0
					0
					0
					0
2011-09-20	4100	4100	4100	4100	
2011-09-20	4100	4100	4100	4100	500
					0
					0
					0
					0
					0
					0
					0
					0
					0
					0
					0
					0
					0
					0
					0
					0
					0
					0
					0
					0
					0
					0
					0
					0
					0
					0
					0
					0
					0
					0
					0
					0
2011-11-04	4100	4100	4200	4200	70000
2011-11-04	4100	4100	4200	4200	
					0
					0
2011-11-09	4100	4100	4100	4100	
2011-11-09	4100	4100	4100	4100	30000
					0
					0
					0
					0
2011-11-16	3525	3525	3525	3525	
2011-11-16	3525	3525	3525	3525	2500
					0
					0
					0
					0
					0
					0
					0
2011-11-28	2700	2700	2700	2700	
2011-11-28	2700	2700	2700	2700	1000
					0
					0
					0
					0
					0
					0
					0
					0
					0
					0
					0
					0
2011-12-15	2700	2700	2700	2700	
2011-12-15	2700	2700	2700	2700	500
					0
					0
					0
					0
					0
					0
					0
					0
					0
					0
					0
					0
					0
					0
2012-01-06	2100	2100	2100	2100	1000
2012-01-09	2100	2100	2100	2100	
2012-01-09	2100	2100	2100	2100	500
					0
					0
					0
					0
					0
					0
					0
					0
					0
2012-01-24	2150	2150	2150	2150	2000
2012-01-25	2200	2000	2250	2000	
2012-01-25	2200	2000	2250	2000	5500
					0
					0
					0
					0
					0
					0
					0
					0
					0
					0
					0
					0
					0
					0
					0
					0
2012-02-17	2500	2500	2500	2500	
2012-02-17	2500	2500	2500	2500	2000
					0
					0
					0
					0
					0
2012-02-27	2200	2200	2200	2200	500000
2012-02-28	2100	2100	2100	2100	900000
2012-02-29	2100	2100	2100	2100	400000
2012-03-01	2000	2000	2000	2000	
2012-03-01	2000	2000	2000	2000	250000
					0
					0
					0
2012-03-07	2200	2200	2200	2200	400500
2012-03-08	2000	2000	2000	2000	600000
2012-03-09	2000	2000	2000	2000	
2012-03-09	2000	2000	2000	2000	328000
					0
					0
					0
2012-03-15	2000	2000	2000	2000	3000000
2012-03-16	2000	2000	2000	2000	1325500
2012-03-19	2000	2000	2000	2000	
2012-03-19	2000	2000	2000	2000	500
					0
					0
					0
					0
					0
					0
					0
					0
					0
					0
					0
					0
					0
					0
2012-04-11	2025	2025	2025	2025	500
2012-04-11	2025	2025	2025	2025	
					0
					0
					0
					0
					0
					0
					0
					0
					0
					0
					0
					0
					0
					0
					0
					0
					0
					0
					0
					0
					0
					0
					0
					0
					0
					0
					0
					0
					0
					0
2012-05-28	2525	2525	2525	2525	
2012-05-28	2525	2525	2525	2525	500
					0
					0
					0
					0
					0
					0
					0
					0
					0
					0
					0
					0
					0
					0
					0
					0
					0
					0
					0
					0
					0
					0
					0
					0
					0
					0
					0
					0
					0
					0
					0
					0
					0
					0
					0
					0
					0
					0
					0
					0
					0
					0
					0
					0
					0
					0
					0
					0
					0
					0
					0
					0
					0
					0
					0
					0
					0
					0
					0
					0
					0
					0
					0
					0
					0
					0
					0
					0
					0
					0
					0
					0
					0
2012-09-13	3150	3150	3150	3150	4000
2012-09-13	3150	3150	3150	3150	
					0
					0
					0
					0
					0
					0
					0
					0
					0
					0
					0
					0
					0
					0
					0
					0
					0
					0
					0
					0
					0
					0
					0
					0
					0
					0
					0
					0
					0
					0
					0
					0
					0
					0
					0
					0
					0
					0
					0
					0
					0
					0
					0
					0
					0
					0
					0
					0
					0
					0
					0
					0
					0
					0
					0
					0
					0
					0
					0
2012-12-11	3500	3500	3500	3500	2500
2012-12-11	3500	3500	3500	3500	
					0
					0
					0
					0
					0
					0
					0
					0
					0
					0
					0
					0
					0
					0
					0
					0
					0
					0
					0
2013-01-14	4375	4375	4375	4375	
2013-01-14	4375	4375	4375	4375	2500
					0
					0
					0
					0
					0
					0
					0
					0
					0
					0
					0
					0
					0
					0
					0
					0
					0
					0
					0
					0
					0
					0
					0
					0
					0
					0
					0
					0
2013-02-25	4350	4350	4350	4350	
2013-02-25	4350	4350	4350	4350	2000
					0
2013-02-27	4400	4400	4400	4400	500
2013-02-28	4750	4750	4750	4750	20000
2013-02-28	4750	4750	4750	4750	
					0
					0
					0
					0
					0
					0
					0
					0
					0
					0
					0
					0
					0
					0
					0
					0
					0
					0
2013-03-28	4950	4950	4950	4950	
2013-03-28	4950	4950	4950	4950	5000
					0
					0
					0
					0
					0
					0
					0
					0
					0
					0
					0
					0
					0
					0
					0
					0
					0
					0
					0
					0
					0
					0
					0
					0
					0
					0
					0
					0
					0
					0
					0
					0
					0
					0
					0
					0
					0
					0
					0
					0
					0
					0
					0
					0
					0
					0
					0
					0
					0
					0
					0
					0
					0
					0
					0
					0
2013-06-20	5150	5150	5150	5150	1500
2013-06-20	5150	5150	5150	5150	
					0
					0
					0
					0
					0
					0
					0
					0
					0
					0
					0
					0
					0
					0
					0
					0
					0
2013-07-16	5150	5150	5150	5150	
2013-07-16	5150	5150	5150	5150	13500
					0
					0
					0
					0
2013-07-23	5200	5200	5200	5200	
2013-07-23	5200	5200	5200	5200	20000
					0
					0
					0
2013-07-29	5150	5150	5150	5150	
2013-07-29	5150	5150	5150	5150	16500
					0
					0
					0
					0
					0
					0
					0
					0
					0
2013-08-19	5150	5150	5150	5150	
2013-08-19	5150	5150	5150	5150	18500
					0
					0
					0
					0
					0
					0
					0
					0
					0
					0
					0
					0
					0
					0
					0
					0
					0
					0
					0
2013-09-16	5000	5000	5000	5000	25000
2013-09-16	5000	5000	5000	5000	
					0
					0
					0
					0
2013-09-23	5000	5000	5000	5000	
2013-09-23	5000	5000	5000	5000	6500
					0
					0
					0
					0
					0
					0
					0
					0
					0
					0
					0
					0
					0
2013-10-11	5000	5000	5000	5000	18500
2013-10-16	5050	5000	5050	5000	
2013-10-16	5050	5000	5050	5000	45500
					0
					0
					0
					0
					0
					0
					0
					0
					0
					0
					0
2013-11-01	4900	4900	4900	4900	36000
2013-11-01	4900	4900	4900	4900	
					0
2013-11-06	4900	4900	4900	4900	50000
2013-11-07	4900	4900	4900	4900	50000
2013-11-07	4900	4900	4900	4900	
					0
					0
					0
					0
					0
					0
					0
					0
					0
					0
					0
					0
					0
					0
					0
					0
					0
					0
					0
					0
					0
					0
					0
					0
					0
					0
					0
					0
					0
					0
					0
					0
					0
					0
					0
					0
					0
					0
					0
					0
					0
2014-01-10	5000	5000	5000	5000	400
2014-01-10	5000	5000	5000	5000	
					0
					0
					0
					0
					0
2014-01-21	5000	5000	5000	5000	
2014-01-21	5000	5000	5000	5000	100
					0
					0
					0
					0
					0
					0
					0
					0
					0
					0
					0
					0
					0
					0
					0
2014-02-13	4900	4900	4900	4900	300
2014-02-13	4900	4900	4900	4900	
					0
					0
					0
					0
					0
					0
					0
					0
					0
					0
					0
					0
					0
					0
					0
					0
					0
					0
					0
					0
					0
					0
					0
					0
					0
					0
					0
					0
2014-03-26	5000	5000	5000	5000	5000
2014-03-26	5000	5000	5000	5000	
					0
					0
					0
					0
					0
2014-04-04	5050	5050	5050	5050	
2014-04-04	5050	5050	5050	5050	300
					0
					0
					0
					0
					0
2014-04-15	5050	5050	5050	5050	300
2014-04-15	5050	5050	5050	5050	
					0
					0
					0
					0
					0
					0
					0
					0
					0
					0
					0
					0
					0
					0
					0
					0
					0
					0
					0
					0
					0
					0
					0
					0
					0
					0
					0
					0
					0
					0
					0
					0
					0
					0
					0
					0
					0
					0
					0
					0
					0
					0
					0
					0
					0
					0
					0
					0
					0
					0
					0
					0
					0
					0
					0
					0
					0
					0
					0
					0
					0
					0
					0
					0
					0
					0
					0
					0
					0
					0
					0
					0
					0
					0
					0
					0
					0
					0
					0
					0
					0
					0
					0
					0
					0
					0
2014-08-29	6000	6000	6000	6000	500
2014-08-29	6000	6000	6000	6000	
					0
					0
					0
					0
					0
					0
					0
					0
					0
					0
					0
					0
					0
					0
					0
					0
					0
					0
					0
					0
					0
					0
					0
					0
					0
					0
					0
					0
					0
					0
					0
					0
					0
					0
					0
					0
					0
					0
					0
					0
					0
					0
					0
					0
					0
					0
2014-11-04	5250	5250	5250	5250	200
2014-11-04	5250	5250	5250	5250	
					0
					0
					0
					0
					0
					0
					0
					0
					0
					0
					0
					0
					0
					0
					0
					0
					0
					0
					0
					0
					0
					0
					0
					0
					0
					0
					0
					0
					0
					0
					0
					0
					0
					0
					0
					0
					0
					0
					0
					0
					0
					0
					0
					0
					0
					0
					0
2015-01-15	5300	5300	5300	5300	200
2015-01-15	5300	5300	5300	5300	
					0
					0
					0
					0
					0
					0
					0
					0
					0
					0
					0
					0
					0
					0
					0
					0
					0
					0
					0
					0
					0
					0
					0
					0
					0
					0
					0
					0
					0
					0
					0
					0
					0
					0
					0
					0
					0
					0
					0
					0
					0
					0
					0
					0
					0
					0
					0
					0
					0
					0
					0
2015-03-31	5600	5600	5600	5600	100
2015-03-31	5600	5600	5600	5600	
					0
					0
2015-04-06	6100	6100	6100	6100	200
2015-04-06	6100	6100	6100	6100	
					0
					0
					0
					0
					0
					0
					0
					0
					0
					0
					0
					0
					0
					0
					0
					0
					0
					0
					0
					0
					0
					0
					0
					0
					0
					0
					0
					0
					0
					0
					0
					0
					0
					0
					0
					0
					0
					0
					0
					0
					0
					0
					0
					0
					0
					0
					0
					0
2015-06-17	6000	6000	6000	6000	300
2015-06-17	6000	6000	6000	6000	
					0
					0
					0
					0
					0
					0
					0
					0
					0
2015-07-01	5800	5800	5800	5800	400
2015-07-01	5800	5800	5800	5800	
					0
					0
					0
					0
					0
					0
					0
					0
					0
					0
					0
					0
					0
					0
					0
					0
					0
					0
					0
					0
					0
					0
					0
					0
					0
					0
					0
					0
					0
					0
					0
					0
					0
					0
					0
					0
					0
					0
					0
					0
					0
					0
					0
					0
					0
					0
					0
					0
					0
					0
					0
					0
					0
					0
					0
					0
					0
					0
					0
					0
					0
					0
					0
					0
					0
					0
					0
					0
					0
					0
					0
					0
					0
					0
					0
					0
					0
					0
					0
					0
					0
					0
					0
					0
					0
					0
					0
					0
					0
					0
					0
					0
					0
					0
					0
					0
					0
					0
					0
					0
					0
					0
					0
					0
					0
					0
					0
					0
					0
					0
					0
					0
					0
					0
2015-12-18	5800	5225	5800	5225	1600
2015-12-21	6000	6000	6000	6000	
2015-12-21	6000	6000	6000	6000	100
					0
					0
					0
					0
					0
					0
					0
					0
					0
					0
					0
					0
2016-01-13	5425	5425	5475	5475	150000
2016-01-14	5475	5475	5475	5475	150000
2016-01-15	6000	6000	6000	6000	200
2016-01-18	6500	6500	7000	7000	
2016-01-18	6500	6500	7000	7000	300
					0
					0
2016-01-21	6600	6600	6600	6600	
2016-01-21	6600	6600	6600	6600	55000
					0
					0
					0
					0
					0
					0
					0
					0
					0
					0
					0
					0
					0
					0
					0
					0
					0
					0
					0
					0
					0
					0
					0
					0
					0
					0
					0
					0
					0
					0
					0
					0
					0
					0
					0
2016-03-15	6650	6650	6650	6650	1400
2016-03-15	6650	6650	6650	6650	
					0
					0
					0
					0
					0
					0
2016-03-24	7500	7500	7500	7500	200
2016-03-28	8000	8000	8000	8000	100
2016-03-28	8000	8000	8000	8000	
					0
					0
					0
					0
					0
					0
					0
					0
					0
					0
					0
					0
					0
					0
					0
					0
					0
					0
					0
					0
					0
					0
					0
					0
					0
					0
					0
					0
2016-05-10	8000	8000	8000	8000	300
2016-05-10	8000	8000	8000	8000	
					0
2016-05-12	8000	8000	8000	8000	100
2016-05-12	8000	8000	8000	8000	
					0
					0
					0
					0
					0
					0
					0
					0
					0
					0
					0
					0
					0
					0
					0
					0
					0
					0
					0
					0
					0
					0
					0
					0
					0
					0
					0
					0
					0
					0
					0
					0
					0
					0
					0
					0
					0
					0
					0
					0
					0
					0
					0
					0
					0
					0
2016-07-25	7200	7200	7200	7200	
2016-07-25	7200	7200	7200	7200	100
					0
					0
					0
					0
					0
					0
2016-08-03	6500	6500	6500	6500	100
2016-08-03	6500	6500	6500	6500	
					0
2016-08-05	6400	6400	6400	6400	
2016-08-05	6400	6400	6400	6400	33000
					0
					0
					0
					0
					0
					0
					0
					0
2016-08-19	6000	6000	6000	6000	1000
2016-08-22	6200	6100	6300	6200	3000
2016-08-23	6000	6000	6000	6000	2500
2016-08-24	5900	5900	5900	5900	1200
2016-08-25	5900	5900	5900	5900	
2016-08-25	5900	5900	5900	5900	2000
					0
					0
					0
2016-08-31	5400	5400	5400	5400	1000
2016-08-31	5400	5400	5400	5400	
					0
					0
2016-09-05	5400	5000	5400	5000	1500
2016-09-06	5000	5000	5000	5000	300
2016-09-06	5000	5000	5000	5000	
					0
					0
					0
					0
					0
2016-09-15	4500	4500	4800	4800	4100
2016-09-16	4800	4800	4900	4900	600
2016-09-19	4800	4800	5050	5000	52500
2016-09-20	4950	4900	4950	4900	11900
2016-09-21	5000	5000	5000	5000	7000
2016-09-21	5000	5000	5000	5000	
					0
2016-09-23	5000	5000	5000	5000	
2016-09-23	5000	5000	5000	5000	7500
					0
					0
					0
2016-09-29	4900	4900	4900	4900	5500
2016-09-30	4900	4900	4900	4900	600
2016-09-30	4900	4900	4900	4900	
					0
2016-10-04	4900	4900	4900	4900	20000
2016-10-05	6100	6100	6100	6100	600
2016-10-06	6000	6000	6000	6000	500
2016-10-06	6000	6000	6000	6000	
					0
2016-10-10	5900	5900	6000	6000	1100
2016-10-10	5900	5900	6000	6000	
					0
					0
2016-10-13	5400	5400	5400	5400	
2016-10-13	5400	5400	5400	5400	100
					0
					0
					0
					0
					0
2016-10-21	5300	5300	5400	5400	9900
2016-10-21	5300	5300	5400	5400	
					0
2016-10-25	6000	6000	6475	6475	
2016-10-25	6000	6000	6475	6475	200
					0
					0
2016-10-28	7750	7750	7750	7750	100
2016-10-31	7750	7750	9300	9300	
2016-10-31	7750	7750	9300	9300	300
					0
					0
					0
					0
					0
					0
					0
					0
					0
					0
					0
					0
					0
					0
					0
					0
					0
2016-11-24	10000	10000	10000	10000	100
2016-11-24	10000	10000	10000	10000	
					0
					0
					0
					0
					0
					0
					0
					0
					0
					0
					0
					0
					0
					0
					0
					0
					0
					0
					0
					0
					0
					0
					0
					0
					0
					0
					0
					0
					0
					0
					0
					0
					0
					0
					0
					0
2017-01-19	9850	9850	9850	9850	300
2017-01-19	9850	9850	9850	9850	
					0
					0
					0
					0
					0
					0
					0
2017-01-31	8000	8000	8075	8000	25600
2017-02-01	7100	7100	7100	7100	100
2017-02-02	7100	7000	7100	7025	
2017-02-02	7100	7000	7100	7025	5200
					0
2017-02-06	7025	7000	7025	7025	1700
2017-02-07	7300	7300	7300	7300	2000
2017-02-08	7300	7300	7500	7500	
2017-02-08	7300	7300	7500	7500	3300
					0
					0
2017-02-13	7700	7700	9000	9000	300
2017-02-13	7700	7700	9000	9000	
					0
					0
2017-02-17	10800	10800	10800	10800	100
2017-02-20	12950	12000	12950	12000	700
2017-02-20	12950	12000	12950	12000	
					0
					0
					0
					0
					0
					0
					0
2017-03-02	11400	9600	11400	9600	200
2017-03-03	9000	9000	9000	9000	2500
2017-03-06	9000	9000	9000	9000	100
2017-03-07	7200	7200	9050	9050	300
2017-03-08	7250	7250	7675	7350	800
2017-03-09	7300	7300	7300	7300	200
2017-03-10	7300	7300	7325	7325	500
2017-03-10	7300	7300	7325	7325	
					0
					0
					0
2017-03-16	8750	8750	8750	8750	100
2017-03-17	8750	7325	8975	7400	4000
2017-03-20	7400	7400	7450	7450	1700
2017-03-21	7350	7325	7350	7325	400
2017-03-22	7300	7275	7300	7275	2300
2017-03-23	7275	7250	7275	7250	30000
2017-03-24	7200	7200	7200	7200	100
2017-03-24	7200	7200	7200	7200	
					0
2017-03-29	7400	7400	7400	7400	200
2017-03-30	8500	8500	8500	8500	100
2017-03-31	7200	7200	7500	7500	1400
2017-04-03	7500	7500	7500	7500	
2017-04-03	7500	7500	7500	7500	700
					0
2017-04-05	9000	8850	9000	8850	200
2017-04-06	10000	9850	10000	10000	
2017-04-06	10000	9850	10000	10000	3400
					0
2017-04-10	8250	8000	8500	8000	8900
2017-04-11	7875	7100	7950	7100	4600
2017-04-12	7500	7125	7600	7125	3700
2017-04-13	7425	7125	7425	7125	4300
2017-04-17	7300	7200	7300	7200	4700
2017-04-18	7000	6800	7200	7200	
2017-04-18	7000	6800	7200	7200	800
					0
2017-04-21	7000	7000	7250	7250	500
2017-04-25	7250	7200	7250	7200	1500
2017-04-26	6800	6800	6800	6800	900
2017-04-27	6800	6800	6800	6800	400
2017-04-27	6800	6800	6800	6800	
					0
2017-05-02	6825	6800	6825	6825	
2017-05-02	6825	6800	6825	6825	2700
					0
2017-05-04	6800	6800	6800	6800	700
2017-05-05	6800	6800	7900	7900	2100
2017-05-08	7800	7800	7900	7900	1800
2017-05-08	7800	7800	7900	7900	
					0
					0
					0
					0
					0
					0
					0
					0
					0
					0
					0
					0
					0
					0
					0
					0
					0
2017-06-06	7300	6600	7300	6600	500
2017-06-07	6900	6900	7200	7200	300
2017-06-07	6900	6900	7200	7200	
					0
					0
					0
					0
					0
2017-06-15	7200	7200	7200	7200	100
2017-06-16	7200	7200	7200	7200	200
2017-06-19	6900	6900	6900	6900	100
2017-06-19	6900	6900	6900	6900	
					0
					0
2017-06-22	6900	6575	6900	6575	400
2017-07-03	6600	6525	6625	6625	1400
2017-07-04	6600	6600	6600	6600	500
2017-07-05	7900	7900	7900	7900	
2017-07-05	7900	7900	7900	7900	100
					0
2017-07-07	6625	6625	6625	6625	700
2017-07-10	6500	6500	6500	6500	
2017-07-10	6500	6500	6500	6500	100
					0
					0
2017-07-13	6500	6500	6500	6500	900
2017-07-13	6500	6500	6500	6500	
					0
					0
					0
					0
					0
2017-07-21	6450	6450	6450	6450	
2017-07-21	6450	6450	6450	6450	100
					0
					0
					0
					0
					0
					0
2017-08-01	6550	6450	6550	6450	2800
2017-08-01	6550	6450	6550	6450	
					0
2017-08-03	6475	6450	6475	6450	
2017-08-03	6475	6450	6475	6450	3700
					0
2017-08-07	6200	6200	6200	6200	100
2017-08-08	6450	6450	6450	6450	4300
2017-08-08	6450	6450	6450	6450	
					0
					0
					0
					0
					0
					0
2017-08-18	6450	6450	6450	6450	1800
2017-08-21	6500	6450	6500	6450	2800
2017-08-21	6500	6450	6500	6450	
					0
					0
					0
					0
2017-08-28	6475	6450	6475	6450	
2017-08-28	6475	6450	6475	6450	2800
					0
2017-08-30	6450	6450	6450	6450	2500
2017-08-30	6450	6450	6450	6450	
					0
2017-09-04	6475	6450	6475	6450	6200
2017-09-05	6450	6450	6450	6450	5500
2017-09-05	6450	6450	6450	6450	
					0
2017-09-07	6475	6450	6475	6450	
2017-09-07	6475	6450	6475	6450	7000
					0
2017-09-11	6500	6450	6600	6450	5300
2017-09-12	6450	6450	6450	6450	3500
2017-09-13	6475	6450	6475	6450	4500
2017-09-14	6950	6950	6950	6950	
2017-09-14	6950	6950	6950	6950	100
					0
					0
					0
					0
2017-09-22	6450	6450	6450	6450	5500
2017-09-25	6450	6450	6450	6450	6700
2017-09-25	6450	6450	6450	6450	
					0
2017-09-27	6450	6450	6450	6450	
2017-09-27	6450	6450	6450	6450	6300
					0
2017-09-29	6950	6900	7000	6900	900
2017-10-02	6500	6450	6500	6450	42800
2017-10-02	6500	6450	6500	6450	
					0
					0
					0
					0
2017-10-09	6500	6450	6500	6450	8800
2017-10-10	6450	6450	6450	6450	7400
2017-10-10	6450	6450	6450	6450	
					0
2017-10-12	6475	6450	6475	6450	8000
2017-10-13	6450	6450	6450	6450	14800
2017-10-16	6450	6450	6450	6450	18800
2017-10-17	6475	6450	6475	6450	
2017-10-17	6475	6450	6475	6450	8700
					0
2017-10-19	6450	6450	6450	6450	400
2017-10-20	6450	6450	6450	6450	100
2017-10-20	6450	6450	6450	6450	
					0
2017-10-24	6450	6450	6450	6450	100
2017-10-24	6450	6450	6450	6450	
					0
					0
2017-10-27	6725	6725	6950	6950	1200
2017-10-30	6450	6450	6450	6450	9500
2017-10-31	6400	6400	6950	6950	20600
2017-11-01	6500	6400	6500	6450	12700
2017-11-02	6400	6400	6400	6400	6300
2017-11-03	6550	6400	6550	6400	800
2017-11-06	6500	6500	6500	6500	2400
2017-11-07	6700	6700	6700	6700	5400
2017-11-08	6700	6700	6700	6700	
2017-11-08	6700	6700	6700	6700	5000
					0
2017-11-10	6350	6200	6350	6200	8700
2017-11-13	6450	6450	6450	6450	7000
2017-11-14	6200	6200	6200	6200	6700
2017-11-15	7425	7425	7425	7425	
2017-11-15	7425	7425	7425	7425	100
					0
					0
					0
					0
					0
					0
					0
					0
					0
					0
					0
					0
					0
					0
					0
2017-12-08	6550	6550	6550	6550	100
2017-12-11	6550	6000	6550	6000	3500
2017-12-12	6000	6000	6000	6000	200
2017-12-13	6050	6050	6050	6050	2000
2017-12-14	6000	6000	6000	6000	100
2017-12-14	6000	6000	6000	6000	
					0
					0
2017-12-19	6000	6000	6000	6000	18600
2017-12-19	6000	6000	6000	6000	
					0
2017-12-21	6000	6000	6000	6000	2100
2017-12-22	6000	6000	6000	6000	29200
2017-12-27	6000	6000	7000	7000	20800
2017-12-28	6000	6000	6050	6025	21000
2017-12-29	6025	6000	6025	6000	25400
2018-01-02	6025	5925	6025	5925	5600
2018-01-03	6000	5900	6000	5900	
2018-01-03	6000	5900	6000	5900	17100
					0
					0
2018-01-08	5900	5900	5900	5900	100
2018-01-08	5900	5900	5900	5900	
					0
2018-01-10	6600	6600	6600	6600	100
2018-01-11	6600	6600	7000	7000	300
2018-01-12	6200	6000	6200	6000	2100
2018-01-12	6200	6000	6200	6000	
					0
					0
2018-01-17	6225	6225	6300	6300	500
2018-01-18	6500	6500	6500	6500	100
2018-01-19	6500	6500	6700	6700	400
2018-01-22	6700	6700	6700	6700	
2018-01-22	6700	6700	6700	6700	1100
					0
					0
					0
2018-01-26	6700	6700	6700	6700	200
2018-01-29	6900	6000	6900	6000	6700
2018-01-30	6200	6200	6300	6200	2400
2018-01-31	6500	6475	6500	6475	300
2018-02-01	6475	5900	6475	6000	9400
2018-02-02	6250	5900	6250	5900	19000
2018-02-05	5900	5900	5900	5900	5500
2018-02-06	5900	5700	5900	5700	8300
2018-02-07	5775	5600	5775	5650	
2018-02-07	5775	5600	5775	5650	10600
					0
2018-02-09	5800	5600	5800	5600	11300
2018-02-12	5600	5600	5600	5600	3200
2018-02-13	5625	5600	5625	5600	10700
2018-02-13	5625	5600	5625	5600	
					0
					0
2018-02-19	5700	5600	5700	5600	500
2018-02-20	5700	5700	5700	5700	100
2018-02-20	5700	5700	5700	5700	
					0
					0
2018-02-23	5600	5600	5650	5650	600
2018-02-26	5900	5900	5900	5900	100
2018-02-26	5900	5900	5900	5900	
					0
2018-02-28	5825	5825	5825	5825	300
2018-03-01	5825	5550	6000	5550	13000
2018-03-02	5550	5550	5550	5550	
2018-03-02	5550	5550	5550	5550	100
					0
					0
2018-03-07	5550	5350	5550	5350	10600
2018-03-07	5550	5350	5550	5350	
					0
2018-03-09	5800	5800	5800	5800	1200
2018-03-12	5800	5800	5900	5800	2500
2018-03-13	5800	5800	5800	5800	100
2018-03-14	5450	5000	5500	5500	102000
2018-03-15	5500	5500	5500	5500	100
2018-03-15	5500	5500	5500	5500	
					0
					0
					0
					0
2018-03-22	5500	5500	5500	5500	500
2018-03-22	5500	5500	5500	5500	
					0
2018-03-26	5075	5050	5100	5100	2400
2018-03-26	5075	5050	5100	5100	
					0
					0
					0
					0
2018-04-03	5450	5350	5450	5400	6000
2018-04-03	5450	5350	5450	5400	
					0
2018-04-05	5400	5400	5400	5400	100
2018-04-05	5400	5400	5400	5400	
					0
					0
2018-04-10	5500	5500	5500	5500	
2018-04-10	5500	5500	5500	5500	100
					0
2018-04-12	5400	5400	5400	5400	
2018-04-12	5400	5400	5400	5400	400
					0
2018-04-16	5950	5700	5950	5700	400
2018-04-17	5850	5850	5850	5850	
2018-04-17	5850	5850	5850	5850	500
					0
2018-04-19	6075	5850	6075	6050	
2018-04-19	6075	5850	6075	6050	1300
					0
2018-04-23	5850	5650	5850	5650	1100
2018-04-24	5850	5850	5850	5850	
2018-04-24	5850	5850	5850	5850	100
					0
					0
2018-04-27	5850	5850	5850	5850	
2018-04-27	5850	5850	5850	5850	1000
					0
2018-05-02	5850	5200	5850	5200	3000
2018-05-03	5200	5200	5200	5200	10100
2018-05-04	5700	5500	5700	5500	159900
2018-05-07	5650	5650	5650	5650	1200
2018-05-08	5500	5500	5500	5500	2100
2018-05-09	5450	4910	5450	5400	67500
2018-05-11	5400	5400	5800	5600	13700
2018-05-14	5900	5900	5900	5900	600
2018-05-14	5900	5900	5900	5900	
					0
					0
					0
2018-05-18	5500	5500	5500	5500	1100
2018-05-18	5500	5500	5500	5500	
					0
					0
					0
2018-05-24	5500	5500	6500	6500	2200
2018-05-25	5600	5600	5625	5625	5400
2018-05-28	5650	5600	5650	5600	2500
2018-05-30	5350	5025	5700	5700	
2018-05-30	5350	5025	5700	5700	4600
					0
					0
2018-06-05	5700	5600	5800	5600	42000
2018-06-06	5600	5500	5600	5500	
2018-06-06	5600	5500	5600	5500	19300
					0
2018-06-08	5500	5500	5500	5500	
2018-06-08	5500	5500	5500	5500	7000
					0
2018-06-20	5400	5400	5400	5400	300
2018-06-21	5650	5650	5650	5650	400
2018-06-22	5650	5650	5900	5775	22300
2018-06-25	5775	5775	5850	5775	7400
2018-06-26	5550	5500	5550	5500	2000
2018-06-26	5550	5500	5550	5500	
					0
					0
2018-06-29	5500	5500	5500	5500	200
2018-07-02	5500	5500	5500	5500	
2018-07-02	5500	5500	5500	5500	200
					0
2018-07-04	5500	5500	5500	5500	500
2018-07-04	5500	5500	5500	5500	
					0
2018-07-06	5500	5475	5500	5475	2200
2018-07-09	5700	5675	5700	5675	1000
2018-07-10	5650	5650	5650	5650	4200
2018-07-10	5650	5650	5650	5650	
					0
					0
					0
					0
					0
2018-07-18	5500	5400	5550	5400	55200
2018-07-19	5500	5500	5675	5675	400
2018-07-19	5500	5500	5675	5675	
					0
					0
2018-07-24	5500	5500	5500	5500	
2018-07-24	5500	5500	5500	5500	5100
					0
2018-07-26	5500	5500	5500	5500	36000
2018-07-27	5500	5500	5500	5500	100
2018-07-30	5600	5500	5600	5500	7000
2018-07-31	5700	5500	5700	5500	19500
2018-08-01	5500	5500	5500	5500	12800
2018-08-02	5500	5500	5525	5500	2600
2018-08-03	5500	5500	6400	5625	55100
2018-08-06	5650	5575	6000	6000	12500
2018-08-07	6150	5900	6150	5900	4900
2018-08-08	6000	6000	7000	7000	31300
2018-08-09	7000	6125	7000	6125	5700
2018-08-10	6250	6025	6300	6200	17300
2018-08-13	6200	6000	6200	6000	1200
2018-08-14	6000	6000	6200	6200	1600
2018-08-15	6200	6200	6200	6200	600
2018-08-15	6200	6200	6200	6200	
					0
2018-08-20	6000	6000	6000	6000	1400
2018-08-21	6200	6200	6200	6200	800
2018-08-23	6200	6200	6200	6200	100
2018-08-24	6250	6000	6250	6000	5200
2018-08-27	6025	6025	6025	6025	
2018-08-27	6025	6025	6025	6025	1500
					0
2018-08-29	6100	6100	6150	6150	800
2018-08-30	6125	6125	6200	6200	
2018-08-30	6125	6125	6200	6200	1200
					0
2018-09-03	6900	6400	6900	6400	600
2018-09-04	6400	6400	6400	6400	
2018-09-04	6400	6400	6400	6400	4500
					0
2018-09-06	5500	5500	6100	6100	6400
2018-09-07	6000	5800	6150	6150	7300
2018-09-10	6200	6200	6200	6200	100
2018-09-12	5950	5900	6200	5900	900
2018-09-13	5900	5900	6100	6100	
2018-09-13	5900	5900	6100	6100	1900
					0
2018-09-17	6000	6000	6150	6150	
2018-09-17	6000	6000	6150	6150	2500
					0
					0
2018-09-20	6000	5975	6000	6000	19200
2018-09-21	6000	6000	6000	6000	3800
2018-09-24	6000	6000	6000	6000	4200
2018-09-25	6000	6000	6000	6000	14000
2018-09-25	6000	6000	6000	6000	
					0
2018-09-27	6000	6000	6000	6000	1000
2018-09-28	6000	5800	6000	5800	1700
2018-10-01	5900	5900	5900	5900	6100
2018-10-02	5700	5700	5725	5725	400
2018-10-03	5700	5700	6400	6400	800
2018-10-03	5700	5700	6400	6400	
					0
2018-10-05	5825	5825	5825	5825	1000
2018-10-05	5825	5825	5825	5825	
					0
					0
2018-10-10	5600	5600	5600	5600	4900
2018-10-11	5550	5500	5700	5700	6100
2018-10-12	5700	5700	5700	5700	400
2018-10-15	5700	5700	5700	5700	400
2018-10-16	5400	5025	5500	5400	6100
2018-10-17	5325	5300	5325	5300	2200
2018-10-18	5300	5300	5300	5300	200
2018-10-18	5300	5300	5300	5300	
					0
2018-10-22	5300	5075	5675	5675	7200
2018-10-23	5500	5200	5500	5250	5200
2018-10-24	5175	5025	5450	5450	9800
2018-10-25	5500	5250	5500	5250	200
2018-10-26	5200	5200	5200	5200	300
2018-10-29	5100	5100	5100	5100	500
2018-10-30	5300	5100	5300	5100	
2018-10-30	5300	5100	5300	5100	1200
					0
2018-11-01	5200	5200	5200	5200	
2018-11-01	5200	5200	5200	5200	1300
					0
2018-11-05	5100	5000	5600	5600	
2018-11-05	5100	5000	5600	5600	16000
					0
2018-11-07	5600	5400	5600	5400	1200
2018-11-08	5150	5100	5400	5400	10600
2018-11-09	5400	5400	5400	5400	5000
2018-11-12	5400	5400	5400	5400	300
2018-11-12	5400	5400	5400	5400	
					0
					0
2018-11-15	5200	5000	5300	5300	13500
2018-11-16	5200	5200	5400	5400	
2018-11-16	5200	5200	5400	5400	600
					0
					0
2018-11-22	5075	5050	5350	5050	400
2018-11-23	5400	5400	5400	5400	100
2018-11-26	5400	5325	5400	5325	63000
2018-11-27	5400	5400	5400	5400	900
2018-11-28	5400	5400	6450	5950	17400
2018-11-29	6500	6000	6500	6000	300
2018-11-30	6000	6000	6475	6000	400
2018-12-03	6000	5875	6000	5875	900
2018-12-04	5300	5300	5725	5700	1600
2018-12-05	5675	5575	5675	5575	1100
2018-12-06	5550	5550	5550	5550	500
2018-12-07	5750	5725	6275	5725	1200
2018-12-10	5725	5725	6150	6150	
2018-12-10	5725	5725	6150	6150	500
					0
2018-12-12	5875	5550	5875	5550	1300
2018-12-13	5550	5500	6275	5500	5700
2018-12-14	5500	5400	5500	5400	5200
2018-12-17	5400	5400	5400	5400	200
2018-12-18	5425	5100	5425	5275	23600
2018-12-19	5325	5100	5325	5275	50400
2018-12-20	5300	5300	5300	5300	5000
2018-12-21	5275	5275	5275	5275	100
2018-12-26	5275	5275	5275	5275	400
2018-12-27	5500	5500	5500	5500	400
2018-12-28	5500	5500	5500	5500	100
2019-01-02	5500	5500	5500	5500	700
2019-01-02	5500	5500	5500	5500	
					0
2019-01-04	5300	5300	5300	5300	200
2019-01-07	5400	5400	5400	5400	
2019-01-07	5400	5400	5400	5400	300
					0
					0
2019-01-10	5350	5275	5350	5275	4000
2019-01-11	5325	5275	5400	5400	6600
2019-01-14	5575	5575	5600	5600	2600
2019-01-14	5575	5575	5600	5600	
					0
					0
					0
2019-01-18	5400	5375	5600	5375	1700
2019-01-21	5500	5500	5500	5500	2600
2019-01-22	5700	5525	5725	5700	3600
2019-01-23	5700	5700	5700	5700	500
2019-01-24	5525	5500	5550	5550	5000
2019-01-25	5300	5300	5500	5500	1400
2019-01-28	5450	5450	5500	5500	1000
2019-01-29	5500	5500	5500	5500	
2019-01-29	5500	5500	5500	5500	200
					0
					0
2019-02-01	5600	5600	5600	5600	200
2019-02-04	5900	5900	6200	6200	1800
2019-02-06	6200	6200	6300	6300	13000
2019-02-07	6325	6325	6325	6325	1000
2019-02-08	6250	6200	6250	6200	1400
2019-02-11	6100	6100	6150	6150	1000
2019-02-12	6050	6050	6050	6050	3100
2019-02-13	6025	6025	6050	6050	
2019-02-13	6025	6025	6050	6050	1900
					0
2019-02-15	6050	6050	6075	6075	300
2019-02-18	7200	6875	7200	6875	
2019-02-18	7200	6875	7200	6875	300
					0
					0
					0
					0
					0
					0
2019-02-27	6250	5950	6250	5950	3100
2019-02-28	5950	5950	5950	5950	1200
2019-03-01	6000	6000	6200	6100	3600
2019-03-01	6000	6000	6200	6100	
					0
2019-03-05	6050	6050	7300	7225	
2019-03-05	6050	6050	7300	7225	7600
					0
					0
					0
2019-03-12	7000	7000	7975	7800	3400
2019-03-13	7975	7800	7975	7800	900
2019-03-14	7800	7800	8200	7900	1600
2019-03-14	7800	7800	8200	7900	
					0
2019-03-18	7750	7750	7750	7750	
2019-03-18	7750	7750	7750	7750	100
					0
2019-03-20	7800	7800	7800	7800	100
2019-03-21	7800	7800	7800	7800	
2019-03-21	7800	7800	7800	7800	100
					0
2019-03-25	7800	7800	7800	7800	100
2019-03-25	7800	7800	7800	7800	
					0
2019-03-27	7775	7775	7775	7775	100
2019-03-27	7775	7775	7775	7775	
					0
					0
2019-04-01	7700	7700	7700	7700	
2019-04-01	7700	7700	7700	7700	100
					0
					0
2019-04-05	7750	7750	7750	7750	200
2019-04-08	6450	6450	7700	7700	1900
2019-04-08	6450	6450	7700	7700	
					0
2019-04-10	7775	7775	7775	7775	100
2019-04-11	7000	7000	7250	7250	600
2019-04-12	6975	6300	6975	6550	16900
2019-04-15	7400	7400	7400	7400	100
2019-04-15	7400	7400	7400	7400	
					0
2019-04-18	7000	7000	7000	7000	900
2019-04-18	7000	7000	7000	7000	
					0
2019-04-23	6900	6900	6900	6900	
2019-04-23	6900	6900	6900	6900	1200
					0
2019-04-25	6400	6400	6650	6650	1200
2019-04-26	6400	6400	6650	6650	300
2019-04-29	6650	6400	6650	6400	2900
2019-04-30	6400	6400	6850	6850	300
2019-05-02	6400	6400	6850	6850	500
2019-05-02	6400	6400	6850	6850	
					0
					0
					0
					0
2019-05-09	6325	6325	6400	6325	4500
2019-05-10	6600	6600	6600	6600	300
2019-05-13	6500	6500	6500	6500	5000
2019-05-14	6525	6500	6525	6500	1700
2019-05-15	6475	6475	6475	6475	3000
2019-05-16	6125	6125	7000	7000	3500
2019-05-17	6175	6175	6325	6175	3100
2019-05-20	6050	6000	6050	6000	15500
2019-05-20	6050	6000	6050	6000	
					0
2019-05-22	6000	6000	6000	6000	100
2019-05-23	6800	6800	6800	6800	
2019-05-23	6800	6800	6800	6800	100
					0
2019-05-27	6800	6800	6800	6800	100
2019-05-28	8150	8125	8150	8125	600
2019-05-29	9000	9000	9000	9000	
2019-05-29	9000	9000	9000	9000	100
					0
					0
					0
					0
					0
					0
2019-06-17	8800	8800	8800	8800	
2019-06-17	8800	8800	8800	8800	300
					0
					0
					0
					0
2019-06-24	8400	8000	8400	8000	
2019-06-24	8400	8000	8400	8000	600
					0
					0
					0
					0
					0
					0
2019-07-03	6500	6500	7700	7700	200
2019-07-03	6500	6500	7700	7700	
					0
2019-07-05	7600	7600	7700	7700	1800
2019-07-08	8550	8550	8550	8550	100
2019-07-08	8550	8550	8550	8550	
					0
					0
					0
					0
					0
					0
					0
					0
2019-07-19	8550	8550	8550	8550	
2019-07-19	8550	8550	8550	8550	100
					0
					0
					0
2019-07-25	8000	8000	8000	8000	300
2019-07-26	7800	7800	7800	7800	100
2019-07-26	7800	7800	7800	7800	
					0
2019-07-30	9000	9000	9000	9000	100
2019-07-31	8750	8750	8750	8750	200
2019-07-31	8750	8750	8750	8750	
					0
					0
2019-08-05	7500	7000	7500	7000	
2019-08-05	7500	7000	7500	7000	2400
					0
					0
					0
2019-08-09	7000	7000	7025	7025	7500
2019-08-12	7025	7025	7025	7025	500
2019-08-12	7025	7025	7025	7025	
					0
					0
					0
					0
					0
2019-08-20	6775	6775	6775	6775	
2019-08-20	6775	6775	6775	6775	100
					0
					0
					0
					0
2019-08-27	6775	6775	6775	6775	100
2019-08-28	6775	6775	6775	6775	1400
2019-08-29	6775	6775	6775	6775	100
2019-08-30	8000	8000	8000	8000	100
2019-09-02	8000	8000	8000	8000	100
2019-09-03	7100	7000	7100	7100	8200
2019-09-04	7000	7000	7000	7000	5000
2019-09-05	7050	7000	7050	7000	600
2019-09-06	7000	7000	7000	7000	5100
2019-09-06	7000	7000	7000	7000	
					0
					0
2019-09-11	7000	7000	7000	7000	900
2019-09-12	7000	7000	7000	7000	2000
2019-09-13	7000	6750	7000	6750	8900
2019-09-16	6500	6500	6525	6525	7700
2019-09-16	6500	6500	6525	6525	
					0
					0
					0
2019-09-20	6900	6900	6900	6900	100
2019-09-23	7000	7000	7000	7000	6800
2019-09-24	7000	7000	7000	7000	22100
2019-09-25	7000	7000	7000	7000	6000
2019-09-25	7000	7000	7000	7000	
					0
					0
					0
					0
					0
					0
2019-10-04	7300	7000	7975	7000	
2019-10-04	7300	7000	7975	7000	5300
					0
					0
					0
					0
					0
					0
					0
					0
2019-10-17	6800	6800	6900	6900	2100
2019-10-17	6800	6800	6900	6900	
					0
2019-10-21	6700	6100	6700	6100	52300
2019-10-22	6100	6100	6300	6200	600
2019-10-23	6150	6075	7425	6075	4100
2019-10-24	6125	6050	6125	6050	6000
2019-10-25	6100	6025	6100	6025	6800
2019-10-28	6000	6000	6000	6000	
2019-10-28	6000	6000	6000	6000	15000
					0
2019-10-30	5950	5950	5950	5950	
2019-10-30	5950	5950	5950	5950	200
					0
2019-11-01	6000	6000	6000	6000	1800
2019-11-01	6000	6000	6000	6000	
					0
2019-11-05	6000	6000	6000	6000	10000
2019-11-06	6000	5100	6875	6875	53100
2019-11-07	6800	5800	6800	5800	4000
2019-11-08	6000	5200	6000	5800	50200
2019-11-11	5775	5525	5775	5775	1500
2019-11-12	5800	5775	5800	5775	
2019-11-12	5800	5775	5800	5775	900
					0
2019-11-14	5775	5775	5775	5775	1000
2019-11-15	5900	5200	5900	5200	91900
2019-11-18	5200	5200	5200	5200	9500
2019-11-19	5125	5000	5200	5150	145000
2019-11-20	5200	5150	5200	5150	7700
2019-11-21	5150	5150	5150	5150	
2019-11-21	5150	5150	5150	5150	1300
					0
2019-11-25	5250	5150	5250	5150	2600
2019-11-26	5200	5175	5200	5200	4900
2019-11-27	5200	5200	5200	5200	6800
2019-11-28	5250	5250	5250	5250	
2019-11-28	5250	5250	5250	5250	200
					0
2019-12-02	5200	5200	5600	5600	1600
2019-12-02	5200	5200	5600	5600	
					0
					0
					0
					0
2019-12-09	5600	5600	5600	5600	1200
2019-12-10	5575	5275	5575	5275	1400
2019-12-11	5350	5150	5350	5200	10500
2019-12-12	5200	5200	5300	5200	16800
2019-12-13	5200	5200	5200	5200	500
2019-12-16	5300	5200	5300	5300	1000
2019-12-16	5300	5200	5300	5300	
					0
					0
2019-12-19	5300	5300	5300	5300	400
2019-12-20	5300	5175	5300	5175	4300
2019-12-23	5200	5175	5225	5200	12100
2019-12-26	5200	5200	5200	5200	
2019-12-26	5200	5200	5200	5200	7000
					0
2019-12-30	5200	5200	5550	5550	7100
2020-01-02	5200	5200	5200	5200	1000
2020-01-03	5200	5200	5200	5200	2000
2020-01-06	5200	5100	5200	5200	18300
2020-01-07	5200	5200	5200	5200	600
2020-01-08	5100	5100	5100	5100	
2020-01-08	5100	5100	5100	5100	12600
					0
2020-01-10	5200	5100	5200	5100	
2020-01-10	5200	5100	5200	5100	1600
					0
2020-01-14	5100	5100	5100	5100	6000
2020-01-15	5100	5100	5100	5100	1000
2020-01-16	5025	4900	5275	5250	183400
2020-01-17	5250	5175	5250	5175	400
2020-01-17	5250	5175	5250	5175	
					0
2020-01-21	5000	5000	5000	5000	3000
2020-01-22	5000	5000	5000	5000	700
2020-01-23	5675	5200	5675	5200	67600
2020-01-24	5500	5350	5500	5350	1500
2020-01-27	5200	5200	5200	5200	1000
2020-01-28	5025	5025	5025	5025	
2020-01-28	5025	5025	5025	5025	200
					0
2020-01-30	5100	5100	5100	5100	
2020-01-30	5100	5100	5100	5100	600
					0
2020-02-03	5125	5100	5125	5100	600
2020-02-04	5200	5200	5200	5200	400
2020-02-05	5200	5200	5250	5250	1100
2020-02-05	5200	5200	5250	5250	
					0
					0
2020-02-10	5225	5225	5700	5700	4000
2020-02-10	5225	5225	5700	5700	
					0
2020-02-12	5675	5675	5700	5700	600
2020-02-13	5650	5025	5650	5050	9500
2020-02-13	5650	5025	5650	5050	
					0
2020-02-17	5050	5050	5050	5050	300
2020-02-17	5050	5050	5050	5050	
					0
2020-02-19	5200	5200	5200	5200	200
2020-02-19	5200	5200	5200	5200	
					0
2020-02-21	5200	5100	5200	5100	8900
2020-02-24	5175	5175	5175	5175	2200
2020-02-25	5250	5250	5250	5250	500
2020-02-26	5250	5225	5250	5250	1100
2020-02-27	5200	4900	5250	4900	30500
2020-02-28	4900	4800	4900	4800	1300
2020-03-02	4800	4800	4800	4800	10500
2020-03-02	4800	4800	4800	4800	
					0
2020-03-04	5200	5100	5200	5200	
2020-03-04	5200	5100	5200	5200	300
					0
					0
2020-03-09	4560	4560	4560	4560	
2020-03-09	4560	4560	4560	4560	100
					0
2020-03-11	4560	4400	4560	4400	26800
2020-03-12	4010	4000	4050	4000	62000
2020-03-13	4000	3720	4000	3800	
2020-03-13	4000	3720	4000	3800	49300
					0
					0
					0
					0
					0
					0
2020-03-24	4750	4750	4750	4750	100
2020-03-26	4800	4800	4900	4870	31000
2020-03-26	4800	4800	4900	4870	
					0
2020-03-30	4800	4700	4800	4700	2200
2020-03-31	4800	4700	4800	4700	6000
2020-03-31	4800	4700	4800	4700	
					0
					0
2020-04-03	4700	4700	4700	4700	1900
2020-04-06	4800	4800	4800	4800	200
2020-04-06	4800	4800	4800	4800	
					0
2020-04-08	4800	4800	4800	4800	900
2020-04-09	4890	4890	4890	4890	30300
2020-04-13	4800	4800	4800	4800	300
2020-04-13	4800	4800	4800	4800	
					0
2020-04-15	4800	4800	4800	4800	
2020-04-15	4800	4800	4800	4800	600
					0
					0
					0
					0
					0
					0
2020-04-24	4800	4790	4800	4790	5300
2020-04-27	4700	4700	4710	4710	2000
2020-04-27	4700	4700	4710	4710	
					0
2020-04-29	4710	4700	4710	4700	700
2020-04-30	4700	4550	4700	4700	3600
2020-05-04	4800	4800	4800	4800	
2020-05-04	4800	4800	4800	4800	200
					0
					0
2020-05-08	4780	4780	5750	5750	3400
2020-05-08	4780	4780	5750	5750	
					0
					0
2020-05-13	5350	5350	5350	5350	50000
2020-05-14	5000	4980	5000	4980	
2020-05-14	5000	4980	5000	4980	3300
					0
					0
					0
2020-05-20	4970	4800	4970	4900	3500
2020-05-26	4900	4900	4900	4900	200
2020-05-27	4800	4560	4800	4560	
2020-05-27	4800	4560	4800	4560	5500
					0
					0
					0
2020-06-03	4560	4560	4560	4560	1400
2020-06-04	4500	4500	4500	4500	1500
2020-06-04	4500	4500	4500	4500	
					0
2020-06-08	4550	4500	4600	4510	1200
2020-06-09	4600	4600	5450	5450	200
2020-06-10	5075	5075	5350	5350	7100
2020-06-11	5000	5000	5000	5000	2000
2020-06-11	5000	5000	5000	5000	
					0
2020-06-15	4880	4880	4880	4880	100
2020-06-16	4800	4710	4800	4710	800
2020-06-17	4800	4800	4800	4800	2500
2020-06-18	4800	4800	4800	4800	1000
2020-06-19	4810	4470	4810	4470	
2020-06-19	4810	4470	4810	4470	14300
					0
2020-06-23	4700	4700	5325	5325	400
2020-06-24	4960	4960	4970	4970	500
2020-06-25	4970	4960	4970	4960	33100
2020-06-26	4960	4930	5350	5350	53200
2020-06-29	4980	4980	4980	4980	50000
2020-06-30	4980	4900	4980	4950	17500
2020-06-30	4980	4900	4980	4950	
					0
2020-07-02	4950	4950	4950	4950	400
2020-07-03	5000	4950	5000	4950	1000
2020-07-06	4950	4950	4950	4950	100
2020-07-06	4950	4950	4950	4950	
					0
					0
					0
2020-07-10	4950	4950	4950	4950	
2020-07-10	4950	4950	4950	4950	4000
					0
					0
					0
2020-07-16	5000	5000	5250	5250	1000
2020-07-17	5250	5100	5250	5100	
2020-07-17	5250	5100	5250	5100	1900
					0
					0
					0
					0
2020-07-24	5050	5050	5050	5050	
2020-07-24	5050	5050	5050	5050	4500
					0
					0
					0
2020-07-30	5350	5350	5350	5350	100
2020-08-03	5350	5350	5350	5350	3500
2020-08-04	5400	5400	5750	5750	33500
2020-08-05	5750	5625	5750	5625	19700
2020-08-05	5750	5625	5750	5625	
					0
2020-08-07	5750	5750	5750	5750	7000
2020-08-10	5750	5750	5750	5750	
2020-08-10	5750	5750	5750	5750	100
					0
2020-08-12	5600	5600	5700	5700	
2020-08-12	5600	5600	5700	5700	200
					0
2020-08-14	5750	5750	5750	5750	14900
2020-08-18	5750	5750	5750	5750	100
2020-08-19	5700	5600	5750	5750	61500
2020-08-24	5500	5500	5750	5750	600
2020-08-25	5750	5750	5800	5800	1500
2020-08-26	5600	5600	5650	5650	10000
2020-08-27	5650	5650	5800	5800	7500
2020-08-28	5800	5800	5800	5800	600
2020-08-28	5800	5800	5800	5800	
					0
					0
					0
2020-09-03	5575	5550	5575	5550	17200
2020-09-03	5575	5550	5575	5550	
					0
					0
					0
2020-09-09	5350	5300	5350	5300	48900
2020-09-10	5300	5300	5325	5325	800
2020-09-11	5325	5325	5325	5325	
2020-09-11	5325	5325	5325	5325	300
					0
					0
					0
					0
2020-09-18	5325	5325	5325	5325	200
2020-09-21	6325	6325	6325	6325	900
2020-09-22	6300	6300	6300	6300	10000
2020-09-23	6300	6300	6300	6300	100
2020-09-24	6300	6300	6300	6300	100
2020-09-25	6225	6225	6225	6225	5000
2020-09-28	5800	5800	5900	5900	200
2020-09-28	5800	5800	5900	5900	
					0
2020-09-30	5900	5900	5900	5900	200
2020-09-30	5900	5900	5900	5900	
					0
					0
2020-10-05	5900	5900	5900	5900	100
2020-10-05	5900	5900	5900	5900	
					0
					0
2020-10-08	5900	5900	5900	5900	200
2020-10-09	5900	5900	5900	5900	100
2020-10-12	5900	5900	5900	5900	1600
2020-10-12	5900	5900	5900	5900	
					0
					0
2020-10-15	6050	5925	6050	5925	
2020-10-15	6050	5925	6050	5925	300
					0
					0
2020-10-20	5875	5875	5900	5875	
2020-10-20	5875	5875	5900	5875	300
					0
2020-10-22	5900	5900	5900	5900	
2020-10-22	5900	5900	5900	5900	900
					0
					0
					0
					0
2020-11-03	5900	5525	5900	5525	3100
2020-11-04	5600	5600	5600	5600	300
2020-11-04	5600	5600	5600	5600	
					0
2020-11-06	5600	5600	5600	5600	100
2020-11-09	5600	5600	5600	5600	200
2020-11-10	5500	5375	5500	5450	9700
2020-11-11	5400	5375	5400	5400	1100
2020-11-12	5425	5425	5425	5425	2500
2020-11-13	5375	5375	5425	5375	40900
2020-11-16	5350	5350	5400	5400	4700
2020-11-17	5375	5375	5375	5375	900
2020-11-18	5400	5375	5400	5375	1100
2020-11-18	5400	5375	5400	5375	
					0
2020-11-20	5500	5500	5500	5500	1800
2020-11-23	5500	5375	5500	5375	121400
2020-11-24	5300	5275	5375	5375	22000
2020-11-25	5300	5300	5375	5375	3200
2020-11-26	5350	5350	5375	5375	25100
2020-11-27	5375	5375	5400	5375	15800
2020-11-30	5375	5300	5375	5350	8100
2020-12-01	5350	5300	5350	5300	16000
2020-12-02	5300	5275	5350	5300	38100
2020-12-03	5325	5250	5325	5300	53700
2020-12-04	5300	5300	5300	5300	23000
2020-12-07	5300	5300	5325	5300	81300
2020-12-08	5300	5300	5300	5300	15400
2020-12-10	5300	5275	5300	5300	16000
2020-12-11	5300	5250	5300	5300	15900
2020-12-14	5300	5300	5300	5300	73000
2020-12-15	5300	5300	5325	5300	42500
2020-12-16	5275	5275	5300	5300	2500
2020-12-17	5300	5275	5300	5300	32700
2020-12-17	5300	5275	5300	5300	
					0
2020-12-21	5325	5250	5325	5250	17300
2020-12-22	5250	5200	5300	5300	114900
2020-12-23	5200	5000	5275	5275	44200
2020-12-28	5250	5250	5250	5250	26000
2020-12-29	5250	5250	5250	5250	35300
2020-12-29	5250	5250	5250	5250	
					0
2021-01-04	5250	5250	5250	5250	1300
2021-01-05	5250	5200	5250	5250	63500
2021-01-06	5250	5200	5250	5200	26500
2021-01-07	5200	5200	5200	5200	27600
2021-01-08	5200	5100	5200	5200	120900
2021-01-11	5200	5150	5200	5200	33000
2021-01-12	5200	5150	5200	5175	41000
2021-01-13	5175	5175	5175	5175	26900
2021-01-14	5175	5150	5175	5150	44800
2021-01-15	5150	5100	5150	5150	23900
2021-01-18	5250	5250	5300	5250	1600
2021-01-19	5250	5250	5250	5250	5100
2021-01-20	5200	5150	5200	5150	27300
2021-01-21	5300	5300	5400	5350	3700
2021-01-22	5400	5250	5400	5250	1900
2021-01-25	5300	5150	5300	5150	21400
2021-01-26	5150	5100	5175	5100	50300
2021-01-27	5100	5100	5100	5100	600
2021-01-28	5075	5000	5125	5000	33400
2021-01-29	5000	4900	5050	4900	136600
2021-02-01	4920	4910	4930	4930	1000
2021-02-02	5200	5200	5200	5200	
2021-02-02	5200	5200	5200	5200	100
					0
2021-02-04	5100	5100	5100	5100	107900
2021-02-05	5350	5350	5500	5500	22200
2021-02-08	5500	5450	5500	5500	6600
2021-02-09	5500	5125	5500	5400	25700
2021-02-10	5350	5350	5500	5500	12200
2021-02-11	5400	5400	5500	5500	75500
2021-02-15	5500	5500	5625	5600	
2021-02-15	5500	5500	5625	5600	59700
					0
2021-02-17	5500	5400	5500	5500	
2021-02-17	5500	5400	5500	5500	83500
					0
2021-02-19	5400	5400	5475	5475	
2021-02-19	5400	5400	5475	5475	1800
					0
2021-02-23	5300	5275	5475	5475	
2021-02-23	5300	5275	5475	5475	43500
					0
					0
2021-02-26	5275	5275	5300	5300	120100
2021-03-01	5300	5300	5300	5300	80300
2021-03-02	5425	5300	5425	5300	65300
2021-03-03	5400	5400	5400	5400	1300
2021-03-04	5525	5300	5525	5400	1200
2021-03-05	5375	5375	5375	5375	100
2021-03-08	5375	5375	5375	5375	20000
2021-03-09	5500	5475	5500	5475	700
2021-03-10	5400	5400	5400	5400	500
2021-03-12	5475	5450	5475	5475	1400
2021-03-15	5450	5375	5450	5425	900
2021-03-16	5525	5500	5575	5500	4500
2021-03-17	5375	5350	5600	5600	7200
2021-03-18	5500	5475	5500	5475	20500
2021-03-19	5475	5475	5475	5475	600
2021-03-22	5450	5250	5500	5500	44200
2021-03-23	5450	5450	5550	5550	74200
2021-03-24	5400	5400	5450	5400	36500
2021-03-25	5400	5400	5400	5400	2700
2021-03-26	5600	5600	6000	5900	71200
2021-03-29	5700	5700	6250	6250	42200
2021-03-30	6200	6175	6725	6675	42100
2021-03-31	6800	6725	6800	6725	2600
2021-04-01	6500	6275	6500	6500	1800
2021-04-05	6275	6275	6500	6275	5000
2021-04-06	6300	6300	7000	6800	9900
2021-04-07	6800	6800	6850	6850	1300
2021-04-08	6850	6800	7000	7000	13500
2021-04-09	7025	7025	7500	7275	41500
2021-04-12	7300	7275	7575	7575	11200
2021-04-13	7575	7425	7575	7500	20500
2021-04-14	7500	7500	7600	7600	7400
2021-04-15	7600	7600	7600	7600	2100
2021-04-16	7600	7600	8025	8025	60900
2021-04-19	8025	8025	8200	8200	2000
2021-04-20	7650	7650	8150	8150	300
2021-04-21	8150	8150	8150	8150	300
2021-04-22	8150	7800	8250	7800	41400
2021-04-23	7800	7750	7800	7750	33300
2021-04-26	7750	7750	7750	7750	700
2021-04-27	7775	7675	7775	7675	300200
2021-04-28	7650	7500	7650	7500	21100
2021-04-28	7650	7500	7650	7500	
					0
2021-04-30	7500	7500	7500	7500	300
2021-05-03	7550	7400	7550	7500	4900
2021-05-04	7400	7400	7500	7400	1600
2021-05-05	7400	7400	7400	7400	4400
2021-05-06	7300	7150	7350	7150	49700
2021-05-07	7150	7150	7925	7925	3000
2021-05-07	7150	7150	7925	7925	
					0
2021-05-11	7925	7400	7925	7400	23300
2021-05-17	7350	7300	7400	7300	51000
2021-05-18	7250	7250	7250	7250	
2021-05-18	7250	7250	7250	7250	200
					0
					0
					0
2021-05-24	7300	7300	7700	7700	7900
2021-05-25	7700	7675	7700	7700	12600
2021-05-25	7700	7675	7700	7700	
					0
2021-05-28	7700	7700	7700	7700	3800
2021-05-31	7700	7700	7700	7700	1000
2021-06-02	7700	7700	7700	7700	5000
2021-06-03	7700	7700	7700	7700	
2021-06-03	7700	7700	7700	7700	1700
					0
					0
2021-06-08	7700	7700	7700	7700	4100
2021-06-09	7700	7700	7700	7700	600
2021-06-10	7700	7700	7700	7700	
2021-06-10	7700	7700	7700	7700	1000
					0
2021-06-14	7700	7700	7700	7700	1400
2021-06-15	8000	8000	8000	8000	100
2021-06-16	8000	8000	8000	8000	500
2021-06-17	8000	8000	8000	8000	100
2021-06-17	8000	8000	8000	8000	
					0
					0
					0
					0
					0
					0
2021-06-28	7500	7500	7500	7500	1100
2021-06-29	7400	7400	7400	7400	1600
2021-06-30	7325	7325	7325	7325	
2021-06-30	7325	7325	7325	7325	100
					0
2021-07-02	7325	7300	7325	7300	
2021-07-02	7325	7300	7325	7300	2000
					0
					0
2021-07-07	7300	7300	7325	7300	3800
2021-07-08	7200	7200	7300	7300	2200
2021-07-09	7200	7200	7200	7200	100
2021-07-12	7200	7200	7200	7200	1100
2021-07-13	7200	7200	7200	7200	700
2021-07-14	7100	7100	7100	7100	2100
2021-07-15	7100	7100	7100	7100	10000
2021-07-15	7100	7100	7100	7100	
					0
2021-07-19	7000	7000	7000	7000	7000
2021-07-19	7000	7000	7000	7000	
					0
					0
					0
2021-07-26	7075	7075	7075	7075	100
2021-07-27	7300	7300	7300	7300	100
2021-07-28	7450	6900	7500	6900	19000
2021-07-28	7450	6900	7500	6900	
					0
2021-07-30	7000	7000	7000	7000	400
2021-08-02	6800	6800	7000	7000	400
2021-08-03	7000	7000	7000	7000	100
2021-08-04	7000	7000	7000	7000	
2021-08-04	7000	7000	7000	7000	100
					0
2021-08-06	7000	7000	7000	7000	200
2021-08-09	7000	7000	7025	7025	80600
2021-08-10	7000	7000	7000	7000	
2021-08-10	7000	7000	7000	7000	5900
					0
2021-08-13	6800	6800	6800	6800	100
2021-08-13	6800	6800	6800	6800	
					0
2021-08-18	6800	6800	6800	6800	100
2021-08-19	6800	6800	6800	6800	1900
2021-08-20	6800	6800	6800	6800	
2021-08-20	6800	6800	6800	6800	100
					0
					0
					0
2021-08-26	6850	6850	7000	6975	500
2021-08-27	6800	6800	6800	6800	2400
2021-08-30	6800	6800	6800	6800	100
2021-08-30	6800	6800	6800	6800	
					0
2021-09-01	6850	6850	6850	6850	1700
2021-09-02	6825	6800	6825	6800	
2021-09-02	6825	6800	6825	6800	500
					0
					0
2021-09-07	6850	6850	7200	7200	1000
2021-09-08	7200	7200	7200	7200	200
2021-09-09	7200	7200	7200	7200	100
2021-09-09	7200	7200	7200	7200	
					0
2021-09-13	7200	7175	7200	7175	200
2021-09-14	6850	6850	6850	6850	30600
2021-09-14	6850	6850	6850	6850	
					0
2021-09-16	6850	6850	6850	6850	100
2021-09-16	6850	6850	6850	6850	
					0
2021-09-20	6850	6500	8100	8000	2200
2021-09-21	7700	7700	7700	7700	200
2021-09-22	7200	7175	7200	7175	500
2021-09-23	8000	6725	8000	6775	2100
2021-09-24	6700	6700	6750	6725	34700
2021-09-27	6725	6725	6725	6725	100
2021-09-28	6750	6750	7800	7475	3100
2021-09-29	7600	7075	7600	7075	6100
2021-09-30	7000	7000	7000	7000	500
2021-10-01	6800	6800	7800	7800	1200
2021-10-04	7500	7275	7500	7275	900
2021-10-05	7275	7275	7275	7275	500
2021-10-06	7275	7275	7275	7275	100
2021-10-06	7275	7275	7275	7275	
					0
					0
2021-10-11	7100	7000	7100	7000	11000
2021-10-12	7025	7025	7050	7050	1300
2021-10-13	8000	7000	8000	7000	1500
2021-10-14	7025	6900	7800	6975	26000
2021-10-15	8000	6800	8000	6800	5700
2021-10-18	7000	7000	7000	7000	150400
2021-10-19	7000	7000	7000	7000	100
2021-10-21	7000	7000	7175	7000	5600
2021-10-22	7000	7000	7000	7000	3100
2021-10-25	7000	7000	7000	7000	100
2021-10-26	7000	6950	7800	7000	155100
2021-10-27	6875	6875	7000	7000	300
2021-10-28	7000	7000	7000	7000	300
2021-10-29	7000	6875	7000	6875	200
2021-11-01	7000	6925	7800	6925	4100
2021-11-02	6850	6850	7800	7800	600
2021-11-03	7600	7275	7600	7275	600
2021-11-04	7200	6900	7200	6900	4600
2021-11-04	7200	6900	7200	6900	
					0
2021-11-08	6850	6850	6850	6850	9500
2021-11-09	6850	6850	7000	7000	1000
2021-11-10	6800	6800	6800	6800	100
2021-11-10	6800	6800	6800	6800	
					0
2021-11-12	6850	6850	7000	7000	800
2021-11-15	7000	7000	7000	7000	100
2021-11-16	6950	6950	6950	6950	200
2021-11-17	7000	7000	7000	7000	
2021-11-17	7000	7000	7000	7000	400
					0
2021-11-19	7000	7000	7000	7000	100
2021-11-22	7000	6900	7300	7250	111300
2021-11-22	7000	6900	7300	7250	
					0
2021-11-24	7025	7025	7025	7025	400
2021-11-25	7025	6950	7025	6950	15500
2021-11-25	7025	6950	7025	6950	
					0
2021-11-29	6850	6850	7000	7000	151100
2021-11-30	7000	7000	7000	7000	400
2021-12-01	6850	6850	6850	6850	200
2021-12-01	6850	6850	6850	6850	
					0
					0
					0
2021-12-07	6850	6850	7000	6850	164900
2021-12-08	6900	6800	7925	7925	12000
2021-12-09	7375	7375	7375	7375	1700
2021-12-10	7300	6875	7300	6875	11100
2021-12-13	6875	6700	6875	6750	20900
2021-12-14	6750	6750	6750	6750	600
2021-12-15	6750	6650	6750	6700	600
2021-12-16	6675	6600	6675	6625	400
2021-12-17	6625	6625	6625	6625	400
2021-12-20	6625	6625	6625	6625	200
2021-12-21	6625	6625	6625	6625	
2021-12-21	6625	6625	6625	6625	100
					0
					0
2021-12-24	6800	6800	6850	6850	200
2021-12-27	6850	6850	6900	6900	100200
2021-12-28	6850	6850	6850	6850	600
2021-12-28	6850	6850	6850	6850	
					0
2021-12-30	6700	6700	6700	6700	100
2022-01-03	6950	6950	6975	6975	
2022-01-03	6950	6950	6975	6975	200
					0
					0
					0
2022-01-07	6975	6900	7100	7000	
2022-01-07	6975	6900	7100	7000	35200
					0
					0
2022-01-12	7025	7025	7025	7025	100
2022-01-13	6775	6750	7025	7025	
2022-01-13	6775	6750	7025	7025	4600
					0
					0
					0
					0
2022-01-20	7000	7000	7000	7000	100
2022-01-21	6825	6825	6825	6825	100
2022-01-24	6800	6800	6800	6800	4700
2022-01-25	6825	6800	6825	6800	1000
2022-01-25	6825	6800	6825	6800	
					0
					0
2022-01-28	6875	6875	7000	7000	150200
2022-01-31	7000	7000	7000	7000	100
2022-02-02	6875	6875	7000	7000	500
2022-02-03	7000	7000	7000	7000	10200
2022-02-04	7000	7000	7000	7000	5500
2022-02-07	6900	6900	6900	6900	
2022-02-07	6900	6900	6900	6900	100
					0
					0
					0
2022-02-11	6900	6900	7000	7000	101500
2022-02-14	7000	7000	7000	7000	100
2022-02-15	6900	6900	6900	6900	100
2022-02-16	6900	6900	7000	7000	
2022-02-16	6900	6900	7000	7000	4300
					0
					0
2022-02-21	7000	7000	7000	7000	
2022-02-21	7000	7000	7000	7000	1100
					0
2022-02-23	7000	7000	7000	7000	
2022-02-23	7000	7000	7000	7000	200
					0
					0
					0
					0
2022-03-04	6925	6900	6925	6900	800
2022-03-07	6900	6900	6900	6900	3500
2022-03-08	7000	7000	7175	7175	4500
2022-03-09	6725	6725	6725	6725	200
2022-03-09	6725	6725	6725	6725	
					0
2022-03-11	6800	6800	6800	6800	
2022-03-11	6800	6800	6800	6800	100
					0
2022-03-15	6850	6850	6850	6850	100
2022-03-16	7000	7000	7000	7000	500
2022-03-17	7000	7000	7000	7000	1300
2022-03-18	6925	6900	6925	6900	8100
2022-03-21	6900	6900	6900	6900	
2022-03-21	6900	6900	6900	6900	200
					0
					0
2022-03-24	6925	6925	6925	6925	
2022-03-24	6925	6925	6925	6925	400
					0
2022-03-28	6950	6950	7000	7000	
2022-03-28	6950	6950	7000	7000	1000
					0
2022-03-30	7075	7000	7075	7000	400
2022-03-31	7225	7225	7225	7225	100
2022-04-01	7225	7225	7250	7250	5900
2022-04-01	7225	7225	7250	7250	
					0
					0
					0
2022-04-07	7000	7000	7000	7000	100
2022-04-08	7000	7000	7000	7000	300
2022-04-11	7975	7975	7975	7975	10000
2022-04-12	8000	7950	9300	9300	10900
2022-04-13	8650	8650	8650	8650	
2022-04-13	8650	8650	8650	8650	1600
					0
2022-04-18	8650	8200	8650	8200	3600
2022-04-19	8200	8200	8200	8200	
2022-04-19	8200	8200	8200	8200	200
					0
					0
2022-04-22	7650	7650	7650	7650	2000
2022-04-22	7650	7650	7650	7650	
					0
					0
					0
					0
2022-05-09	7650	7650	7650	7650	100
2022-05-10	7625	7125	7625	7125	5200
2022-05-11	6900	6900	6900	6900	100
2022-05-12	6925	6925	6925	6925	100
2022-05-13	7450	7150	7450	7150	200
2022-05-17	6950	6950	6950	6950	
2022-05-17	6950	6950	6950	6950	100
					0
					0
2022-05-20	7000	6700	7000	6700	21700
2022-05-23	7100	6750	7100	6750	400
2022-05-24	6800	6800	6800	6800	100
2022-05-25	6825	6825	6825	6825	200
2022-05-27	6825	6825	6825	6825	900
2022-05-30	6825	6825	6975	6975	1300
2022-05-31	6825	6825	6850	6850	300
2022-05-31	6825	6825	6850	6850	
					0
2022-06-03	6850	6850	6850	6850	4400
2022-06-03	6850	6850	6850	6850	
					0
2022-06-07	7000	6850	7100	6850	5000
2022-06-07	7000	6850	7100	6850	
					0
					0
2022-06-10	7000	6900	8000	8000	500
2022-06-13	8000	7675	8000	7675	2400
2022-06-14	7675	7675	7775	7775	3100
2022-06-15	7775	7775	8000	7925	7100
2022-06-16	7925	7925	8200	8200	8100
2022-06-17	8200	8150	8350	8350	9800
2022-06-20	8400	8375	8700	8700	31100
2022-06-21	8450	8100	8500	8100	5800
2022-06-22	8075	7600	8075	7950	18100
2022-06-23	7950	7500	7950	7500	1500
2022-06-24	7500	7400	7500	7500	1100
2022-06-27	7500	7425	7500	7425	3500
2022-06-28	7400	7400	7500	7500	2900
2022-06-29	7500	7500	7500	7500	300
2022-06-30	7500	7500	7500	7500	300
2022-07-01	7500	7500	7500	7500	400
2022-07-04	7500	7500	8000	7900	102900
2022-07-05	7900	7900	7900	7900	8700
2022-07-06	8000	8000	8650	8000	5200
2022-07-07	8000	8000	8000	8000	100
2022-07-08	8000	8000	8000	8000	700
2022-07-08	8000	8000	8000	8000	
					0
2022-07-12	8000	8000	8000	8000	100
2022-07-13	8000	8000	8000	8000	1300
2022-07-14	8000	8000	8000	8000	1300
2022-07-15	8000	8000	8000	8000	3900
2022-07-18	8025	8025	8025	8025	
2022-07-18	8025	8025	8025	8025	100
					0
					0
2022-07-21	8025	8025	9400	9400	1600
2022-07-22	9375	8750	9375	9000	6600
2022-07-22	9375	8750	9375	9000	
					0
2022-07-26	8375	8375	8375	8375	100
2022-07-27	8400	8400	8400	8400	300
2022-07-27	8400	8400	8400	8400	
					0
					0
					0
					0
					0
2022-08-04	8400	8200	8600	8200	2500
2022-08-04	8400	8200	8600	8200	
					0
					0
					0
					0
					0
2022-08-12	8300	8300	8300	8300	
2022-08-12	8300	8300	8300	8300	300
					0
					0
					0
2022-08-19	8325	8300	8325	8300	1300
2022-08-22	8350	8350	8350	8350	100
2022-08-23	8400	8400	8400	8400	
2022-08-23	8400	8400	8400	8400	200
					0
2022-08-25	8450	8450	8450	8450	
2022-08-25	8450	8450	8450	8450	100
					0
					0
					0
2022-08-31	9000	8700	9000	8750	
2022-08-31	9000	8700	9000	8750	4600
					0
					0
					0
2022-09-06	8700	8600	8700	8700	2400
2022-09-07	8750	8725	8750	8725	
2022-09-07	8750	8725	8750	8725	200
					0
2022-09-09	8550	8500	8550	8550	2700
2022-09-09	8550	8500	8550	8550	
					0
2022-09-13	8700	8700	8700	8700	500
2022-09-14	8700	8700	8975	8975	500
2022-09-15	9100	8700	9100	8850	
2022-09-15	9100	8700	9100	8850	1000
					0
2022-09-19	8850	8850	8950	8950	300
2022-09-20	8700	8700	8725	8725	
2022-09-20	8700	8700	8725	8725	200
					0
2022-09-22	8725	8725	8800	8800	200
2022-09-23	8800	8800	8800	8800	300
2022-09-26	8800	8600	8800	8600	200
2022-09-27	8675	8675	8675	8675	100
2022-09-28	8675	8675	8675	8675	100
2022-09-28	8675	8675	8675	8675	
					0
2022-09-30	8625	8625	8625	8625	200
2022-09-30	8625	8625	8625	8625	
					0
2022-10-04	8700	8700	8700	8700	
2022-10-04	8700	8700	8700	8700	200
					0
2022-10-06	8975	8975	8975	8975	
2022-10-06	8975	8975	8975	8975	100
					0
2022-10-10	8900	8900	8900	8900	100
2022-10-10	8900	8900	8900	8900	
					0
					0
					0
2022-10-14	8900	8900	8900	8900	200
2022-10-14	8900	8900	8900	8900	
					0
2022-10-18	8875	8675	8875	8675	400
2022-10-19	8700	8700	8700	8700	3500
2022-10-19	8700	8700	8700	8700	
					0
2022-10-21	8700	8700	8700	8700	
2022-10-21	8700	8700	8700	8700	100
					0
					0
					0
					0
2022-10-28	8700	8700	8700	8700	100
2022-10-31	8750	8750	8750	8750	100
2022-11-01	8925	8925	8950	8950	300
2022-11-02	8950	8725	8950	8725	300
2022-11-03	8775	8775	8775	8775	300
2022-11-03	8775	8775	8775	8775	
					0
2022-11-07	8725	8725	8725	8725	100
2022-11-08	9925	9925	9925	9925	100
2022-11-09	9950	9250	10000	9250	500
2022-11-10	8700	8700	8700	8700	
2022-11-10	8700	8700	8700	8700	300
					0
2022-11-14	8800	8800	8800	8800	
2022-11-14	8800	8800	8800	8800	100
					0
					0
					0
					0
2022-11-21	8800	8800	8800	8800	18300
2022-11-22	8800	8800	8800	8800	400
2022-11-23	8825	8800	8825	8800	
2022-11-23	8825	8800	8825	8800	15300
					0
2022-11-25	8800	8800	8825	8800	
2022-11-25	8800	8800	8825	8800	11300
					0
2022-11-29	8800	8800	8825	8800	12200
2022-11-30	8825	8800	8825	8800	11400
2022-12-01	8800	8800	8800	8800	
2022-12-01	8800	8800	8800	8800	11000
					0
					0
					0
					0
					0
					0
					0
					0
2022-12-14	9150	9000	9150	9000	3400
2022-12-15	9000	9000	9000	9000	100
2022-12-16	9025	8800	9025	8800	47500
2022-12-19	9100	9100	9250	9250	
2022-12-19	9100	9100	9250	9250	300
					0
					0
					0
2022-12-23	9225	9225	9225	9225	100
2022-12-26	9225	9225	9250	9250	3400
2022-12-26	9225	9225	9250	9250	
					0
					0
2022-12-29	9250	9250	9250	9250	100
2022-12-30	9275	9275	9275	9275	100
