Date	Price Open	Price Low	Price High	Price Close	Volume
1999-12-29	55.0	55.0	55.0	55.0	
					0
2000-01-05	52.5	50.0	52.5	50.0	
2000-01-05	52.5	50.0	52.5	50.0	749999
					0
					0
2000-01-12	52.5	52.5	52.5	52.5	44999
2000-01-13	55.0	55.0	65.0	65.0	449999
2000-01-13	55.0	55.0	65.0	65.0	
					0
					0
					0
2000-01-19	60.0	52.5	60.0	52.5	
2000-01-19	60.0	52.5	60.0	52.5	1724999
					0
					0
					0
					0
					0
					0
					0
					0
					0
					0
					0
					0
2000-02-07	52.5	52.5	60.0	60.0	
2000-02-07	52.5	52.5	60.0	60.0	1599999
					0
					0
					0
					0
					0
					0
					0
2000-02-17	55.0	50.0	55.0	50.0	
2000-02-17	55.0	50.0	55.0	50.0	574999
					0
					0
					0
					0
					0
					0
					0
2000-03-01	50.0	42.5	50.0	42.5	349999
2000-03-02	42.5	35.0	42.5	40.0	874999
2000-03-02	42.5	35.0	42.5	40.0	
					0
					0
					0
2000-03-08	40.0	40.0	40.0	40.0	124999
2000-03-08	40.0	40.0	40.0	40.0	
					0
					0
					0
2000-03-14	40.0	35.0	42.5	42.5	949999
2000-03-15	40.0	40.0	45.0	45.0	149999
2000-03-15	40.0	40.0	45.0	45.0	
					0
					0
					0
					0
					0
					0
					0
					0
					0
					0
					0
					0
					0
					0
2000-04-11	42.5	42.5	42.5	42.5	
2000-04-11	42.5	42.5	42.5	42.5	44999
					0
					0
					0
2000-04-17	40.0	40.0	40.0	40.0	49999
2000-04-17	40.0	40.0	40.0	40.0	
					0
					0
2000-04-20	50.0	50.0	50.0	50.0	
2000-04-20	50.0	50.0	50.0	50.0	4999
					0
2000-04-25	42.5	42.5	47.5	47.5	1114999
2000-04-26	50.0	47.5	50.0	47.5	
2000-04-26	50.0	47.5	50.0	47.5	474999
					0
2000-04-28	40.0	40.0	40.0	40.0	249999
2000-04-28	40.0	40.0	40.0	40.0	
					0
					0
					0
					0
					0
					0
					0
					0
					0
					0
					0
					0
					0
					0
					0
					0
					0
					0
					0
					0
					0
					0
					0
					0
					0
					0
					0
					0
					0
					0
					0
					0
					0
					0
					0
					0
					0
					0
					0
					0
					0
					0
					0
					0
					0
					0
					0
					0
					0
					0
					0
					0
					0
					0
					0
					0
					0
					0
					0
					0
					0
					0
					0
					0
					0
					0
					0
					0
					0
					0
					0
					0
					0
					0
					0
					0
					0
					0
					0
					0
					0
					0
					0
					0
					0
2000-09-01	40.0	40.0	40.0	40.0	4999
2000-09-01	40.0	40.0	40.0	40.0	
					0
					0
					0
					0
					0
					0
					0
					0
					0
					0
					0
					0
					0
					0
					0
					0
					0
					0
					0
					0
					0
					0
					0
					0
					0
					0
					0
					0
					0
					0
					0
					0
					0
2000-10-19	42.5	42.5	47.0	45.5	1624999
2000-10-20	45.0	45.0	45.0	45.0	49999
2000-10-20	45.0	45.0	45.0	45.0	
					0
					0
					0
					0
					0
					0
					0
					0
					0
					0
2000-11-07	46.0	46.0	47.0	47.0	114999
2000-11-08	46.5	46.5	51.0	50.0	1004999
2000-11-09	52.5	52.5	52.5	52.5	
2000-11-09	52.5	52.5	52.5	52.5	134999
					0
2000-11-13	52.5	52.5	52.5	52.5	
2000-11-13	52.5	52.5	52.5	52.5	24999
					0
					0
					0
					0
					0
					0
2000-11-22	55.0	55.0	55.0	55.0	
2000-11-22	55.0	55.0	55.0	55.0	19999
					0
					0
					0
					0
					0
					0
					0
					0
					0
					0
					0
					0
					0
					0
					0
					0
					0
					0
					0
					0
					0
					0
					0
					0
					0
					0
					0
2001-01-09	50.0	50.0	50.0	50.0	
2001-01-09	50.0	50.0	50.0	50.0	49999
					0
					0
2001-01-12	55.0	55.0	55.0	55.0	
2001-01-12	55.0	55.0	55.0	55.0	14999
					0
					0
					0
					0
					0
					0
					0
					0
					0
					0
					0
					0
					0
2001-02-01	80.0	80.0	80.0	80.0	4999
2001-02-01	80.0	80.0	80.0	80.0	
					0
					0
					0
					0
					0
2001-02-09	110.0	110.0	110.0	110.0	
2001-02-09	110.0	110.0	110.0	110.0	4999
					0
2001-02-13	107.5	105.0	135.0	122.5	
2001-02-13	107.5	105.0	135.0	122.5	484999
					0
					0
					0
					0
					0
					0
					0
					0
					0
					0
2001-02-28	110.0	110.0	110.0	110.0	49999
2001-02-28	110.0	110.0	110.0	110.0	
					0
					0
					0
2001-03-07	102.5	102.5	102.5	102.5	
2001-03-07	102.5	102.5	102.5	102.5	49999
					0
					0
					0
					0
					0
					0
					0
					0
					0
					0
					0
					0
					0
					0
					0
					0
					0
					0
					0
					0
					0
					0
					0
					0
					0
					0
					0
					0
					0
					0
					0
					0
					0
					0
					0
					0
					0
					0
					0
					0
					0
					0
					0
					0
					0
					0
					0
					0
					0
					0
					0
					0
					0
					0
					0
					0
					0
					0
					0
					0
					0
					0
					0
					0
					0
					0
					0
					0
					0
					0
					0
					0
					0
					0
					0
					0
					0
					0
					0
					0
					0
					0
2001-07-09	82.5	82.5	82.5	82.5	49999
2001-07-09	82.5	82.5	82.5	82.5	
					0
					0
					0
					0
					0
2001-07-17	62.5	60.0	62.5	60.0	49999
2001-07-17	62.5	60.0	62.5	60.0	
					0
					0
					0
					0
					0
					0
					0
					0
					0
					0
					0
					0
					0
2001-08-06	40.0	40.0	40.0	40.0	24999
2001-08-06	40.0	40.0	40.0	40.0	
					0
					0
					0
					0
					0
					0
					0
					0
					0
					0
					0
					0
					0
					0
					0
					0
					0
					0
					0
					0
					0
					0
					0
					0
					0
					0
					0
					0
					0
					0
					0
					0
					0
					0
					0
					0
					0
					0
					0
					0
					0
					0
					0
					0
					0
					0
					0
					0
					0
					0
					0
					0
					0
					0
					0
					0
					0
					0
					0
					0
					0
					0
					0
					0
					0
					0
					0
					0
					0
					0
					0
					0
					0
					0
					0
					0
					0
					0
					0
					0
					0
					0
					0
					0
					0
					0
					0
					0
					0
					0
					0
					0
					0
					0
					0
					0
					0
					0
					0
					0
					0
					0
					0
					0
					0
					0
					0
					0
					0
					0
					0
					0
					0
					0
					0
					0
					0
					0
					0
					0
					0
					0
					0
					0
					0
					0
					0
					0
					0
					0
2002-02-19	40.0	40.0	40.0	40.0	
2002-02-19	40.0	40.0	40.0	40.0	49999
					0
					0
					0
					0
					0
					0
					0
					0
					0
2002-03-06	40.0	40.0	40.0	40.0	24999
2002-03-06	40.0	40.0	40.0	40.0	
					0
					0
					0
					0
					0
					0
					0
					0
					0
					0
					0
					0
					0
					0
					0
					0
					0
					0
					0
					0
2002-04-08	40.0	40.0	40.0	40.0	49999
2002-04-08	40.0	40.0	40.0	40.0	
					0
					0
					0
					0
					0
					0
					0
2002-04-18	40.0	40.0	40.0	40.0	49999
2002-04-18	40.0	40.0	40.0	40.0	
					0
2002-04-22	40.0	40.0	40.0	40.0	69999
2002-04-23	40.0	40.0	40.0	40.0	99999
2002-04-23	40.0	40.0	40.0	40.0	
					0
					0
					0
					0
					0
					0
					0
					0
					0
					0
					0
2002-05-10	40.0	40.0	40.0	40.0	79999
2002-05-10	40.0	40.0	40.0	40.0	
					0
					0
					0
					0
					0
					0
					0
					0
					0
					0
					0
					0
					0
					0
					0
					0
					0
					0
					0
					0
					0
					0
					0
					0
					0
					0
					0
					0
					0
					0
					0
					0
					0
					0
					0
					0
					0
					0
					0
					0
					0
					0
					0
					0
					0
					0
					0
					0
					0
2002-07-19	39.0	39.0	40.0	40.0	49999
2002-07-19	39.0	39.0	40.0	40.0	
					0
					0
					0
					0
					0
					0
					0
					0
					0
					0
					0
					0
2002-08-07	39.0	39.0	40.0	40.0	149999
2002-08-07	39.0	39.0	40.0	40.0	
					0
					0
					0
					0
					0
					0
					0
					0
					0
					0
					0
					0
					0
					0
					0
					0
					0
					0
					0
					0
					0
					0
					0
					0
					0
					0
					0
					0
					0
					0
					0
2002-09-20	40.0	40.0	40.0	40.0	
2002-09-20	40.0	40.0	40.0	40.0	499999
					0
					0
2002-09-25	40.0	40.0	40.0	40.0	
2002-09-25	40.0	40.0	40.0	40.0	499999
					0
					0
					0
					0
					0
					0
					0
					0
					0
					0
					0
					0
					0
					0
					0
					0
					0
					0
					0
					0
					0
					0
					0
					0
					0
					0
					0
					0
					0
					0
					0
					0
					0
					0
					0
					0
					0
					0
					0
					0
					0
					0
					0
					0
					0
					0
					0
					0
					0
					0
2002-12-12	40.0	40.0	40.0	40.0	
2002-12-12	40.0	40.0	40.0	40.0	99999
					0
					0
					0
					0
					0
					0
					0
					0
					0
					0
					0
					0
					0
					0
					0
					0
					0
					0
					0
					0
					0
					0
					0
					0
					0
					0
					0
					0
					0
					0
					0
					0
					0
					0
2003-02-07	40.0	40.0	40.0	40.0	299999
2003-02-07	40.0	40.0	40.0	40.0	
					0
					0
					0
					0
					0
					0
					0
					0
					0
					0
					0
					0
					0
					0
					0
2003-03-05	40.0	38.5	40.5	38.5	674999
2003-03-05	40.0	38.5	40.5	38.5	
					0
					0
					0
					0
					0
2003-03-13	38.0	37.0	38.0	37.0	99999
2003-03-13	38.0	37.0	38.0	37.0	
					0
2003-03-17	35.0	34.0	35.0	34.0	74999
2003-03-18	32.0	32.0	32.0	32.0	
2003-03-18	32.0	32.0	32.0	32.0	24999
					0
					0
2003-03-21	27.5	27.5	27.5	27.5	14999
2003-03-21	27.5	27.5	27.5	27.5	
					0
					0
					0
					0
					0
					0
					0
2003-04-03	22.5	22.5	22.5	22.5	
2003-04-03	22.5	22.5	22.5	22.5	9999
					0
					0
					0
					0
					0
					0
					0
					0
					0
					0
					0
					0
					0
					0
					0
					0
					0
					0
					0
					0
					0
					0
					0
					0
					0
					0
					0
					0
					0
2003-05-20	21.5	21.5	21.5	21.5	14999
2003-05-20	21.5	21.5	21.5	21.5	
					0
					0
					0
					0
					0
					0
2003-05-29	20.5	20.5	20.5	20.5	
2003-05-29	20.5	20.5	20.5	20.5	14999
					0
					0
					0
					0
					0
					0
					0
					0
					0
					0
					0
					0
					0
					0
					0
					0
					0
					0
					0
					0
					0
					0
					0
					0
					0
					0
					0
2003-07-09	19.5	19.5	19.5	19.5	
2003-07-09	19.5	19.5	19.5	19.5	19999
					0
					0
					0
					0
2003-07-16	19.5	19.5	19.5	19.5	24999
2003-07-16	19.5	19.5	19.5	19.5	
					0
					0
					0
					0
					0
					0
					0
					0
					0
					0
					0
					0
2003-08-04	18.5	18.5	18.5	18.5	19999
2003-08-04	18.5	18.5	18.5	18.5	
					0
2003-08-06	18.5	18.5	18.5	18.5	4999
2003-08-06	18.5	18.5	18.5	18.5	
					0
					0
					0
					0
					0
					0
					0
					0
					0
					0
					0
					0
2003-08-26	17.5	17.5	17.5	17.5	
2003-08-26	17.5	17.5	17.5	17.5	19999
					0
					0
					0
					0
					0
					0
					0
					0
					0
2003-09-09	18.0	18.0	18.5	18.5	29999
2003-09-09	18.0	18.0	18.5	18.5	
					0
					0
					0
					0
					0
					0
					0
2003-09-19	19.0	19.0	19.0	19.0	
2003-09-19	19.0	19.0	19.0	19.0	9999
					0
					0
					0
					0
					0
					0
					0
					0
					0
2003-10-06	20.0	20.0	20.0	20.0	19999
2003-10-06	20.0	20.0	20.0	20.0	
					0
2003-10-08	21.0	21.0	21.0	21.0	14999
2003-10-08	21.0	21.0	21.0	21.0	
					0
					0
					0
					0
2003-10-15	22.0	22.0	27.0	24.5	869999
2003-10-16	24.5	22.0	24.5	23.5	
2003-10-16	24.5	22.0	24.5	23.5	249999
					0
2003-10-20	23.5	23.5	23.5	23.5	49999
2003-10-21	26.0	25.0	26.0	25.0	
2003-10-21	26.0	25.0	26.0	25.0	99999
					0
					0
2003-10-24	28.0	28.0	28.0	28.0	99999
2003-10-24	28.0	28.0	28.0	28.0	
					0
					0
					0
					0
					0
					0
					0
					0
					0
					0
					0
					0
					0
					0
					0
					0
					0
					0
					0
					0
2003-12-01	30.0	30.0	31.5	31.5	174999
2003-12-02	32.5	32.5	35.0	35.0	
2003-12-02	32.5	32.5	35.0	35.0	174999
					0
					0
					0
					0
					0
					0
					0
					0
					0
					0
					0
					0
					0
					0
					0
					0
					0
					0
					0
					0
					0
					0
					0
					0
					0
					0
					0
					0
					0
					0
					0
					0
					0
					0
					0
					0
					0
					0
					0
					0
					0
					0
					0
					0
					0
					0
2004-02-16	33.0	32.0	40.0	40.0	
2004-02-16	33.0	32.0	40.0	40.0	2109999
					0
2004-02-18	35.0	33.5	40.0	40.0	774999
2004-02-19	38.0	38.0	38.0	38.0	
2004-02-19	38.0	38.0	38.0	38.0	249999
					0
					0
					0
					0
					0
					0
2004-03-02	39.5	39.5	47.5	47.0	499999
2004-03-03	50.0	50.0	50.0	50.0	
2004-03-03	50.0	50.0	50.0	50.0	24999
					0
					0
					0
					0
					0
					0
					0
					0
					0
					0
					0
					0
					0
					0
					0
					0
					0
					0
					0
					0
					0
					0
					0
					0
					0
					0
					0
					0
					0
					0
					0
					0
					0
					0
					0
					0
					0
					0
					0
					0
					0
					0
					0
					0
					0
					0
					0
					0
					0
					0
					0
					0
					0
					0
					0
					0
					0
					0
					0
					0
					0
					0
					0
					0
					0
					0
					0
					0
					0
					0
					0
					0
					0
					0
					0
					0
					0
					0
					0
					0
					0
					0
					0
					0
					0
					0
					0
					0
					0
					0
2004-07-16	40.0	40.0	40.0	40.0	
2004-07-16	40.0	40.0	40.0	40.0	9999
					0
					0
					0
					0
					0
					0
					0
					0
					0
					0
					0
					0
					0
					0
					0
					0
					0
					0
					0
2004-08-13	42.5	42.5	43.5	43.5	
2004-08-13	42.5	42.5	43.5	43.5	124999
					0
					0
					0
					0
2004-08-23	41.0	41.0	45.0	45.0	
2004-08-23	41.0	41.0	45.0	45.0	59999
					0
					0
					0
					0
					0
					0
					0
					0
					0
					0
					0
					0
					0
					0
					0
					0
					0
					0
					0
					0
					0
					0
					0
					0
					0
					0
					0
					0
					0
					0
					0
					0
					0
					0
					0
					0
					0
					0
					0
					0
					0
					0
					0
					0
					0
					0
					0
					0
					0
					0
					0
					0
					0
					0
					0
					0
					0
					0
					0
					0
					0
					0
					0
					0
					0
					0
					0
					0
					0
					0
					0
					0
					0
					0
					0
					0
					0
					0
					0
					0
					0
					0
					0
					0
					0
					0
					0
					0
					0
					0
					0
					0
					0
					0
					0
					0
					0
					0
2005-01-19	44.5	44.5	44.5	44.5	
2005-01-19	44.5	44.5	44.5	44.5	14999
					0
2005-01-24	44.0	44.0	44.0	44.0	19999
2005-01-24	44.0	44.0	44.0	44.0	
					0
					0
					0
					0
					0
					0
					0
					0
					0
					0
					0
					0
					0
					0
					0
					0
					0
					0
					0
					0
					0
					0
					0
					0
					0
					0
					0
					0
					0
					0
					0
					0
					0
					0
					0
					0
					0
					0
					0
					0
					0
					0
					0
					0
					0
					0
					0
					0
					0
					0
					0
					0
					0
					0
					0
					0
					0
					0
2005-04-21	43.5	43.5	43.5	43.5	14999
2005-04-21	43.5	43.5	43.5	43.5	
					0
					0
					0
					0
					0
					0
					0
					0
					0
					0
					0
					0
					0
					0
					0
					0
					0
					0
					0
					0
					0
					0
					0
					0
					0
					0
					0
					0
					0
					0
					0
					0
					0
					0
					0
					0
					0
					0
					0
					0
					0
					0
2005-06-24	42.5	42.5	42.5	42.5	19999
2005-06-24	42.5	42.5	42.5	42.5	
					0
					0
					0
					0
					0
					0
					0
					0
					0
					0
					0
					0
					0
					0
					0
					0
					0
					0
					0
					0
					0
					0
					0
					0
					0
					0
					0
					0
					0
					0
					0
					0
					0
					0
					0
					0
					0
					0
					0
					0
					0
					0
					0
					0
					0
					0
					0
					0
					0
					0
					0
					0
					0
					0
					0
					0
					0
					0
					0
					0
					0
					0
					0
					0
					0
					0
					0
					0
					0
					0
					0
					0
					0
					0
					0
					0
					0
					0
					0
					0
					0
					0
					0
					0
					0
					0
					0
					0
					0
					0
					0
					0
					0
					0
					0
					0
					0
					0
					0
					0
					0
					0
					0
					0
					0
					0
					0
					0
					0
					0
					0
					0
2005-12-09	40.0	40.0	40.0	40.0	
2005-12-09	40.0	40.0	40.0	40.0	14999
					0
					0
					0
					0
					0
					0
					0
					0
					0
					0
					0
					0
					0
					0
					0
					0
					0
					0
					0
					0
					0
					0
					0
					0
					0
					0
					0
					0
					0
					0
					0
					0
					0
					0
					0
					0
					0
					0
					0
					0
					0
					0
					0
					0
					0
					0
					0
					0
					0
					0
					0
					0
					0
					0
					0
					0
					0
					0
					0
					0
					0
					0
					0
					0
					0
					0
					0
					0
					0
					0
					0
					0
					0
					0
					0
					0
					0
					0
					0
					0
2006-04-12	42.0	42.0	42.0	42.0	
2006-04-12	42.0	42.0	42.0	42.0	89999
					0
					0
					0
					0
					0
2006-04-21	42.0	42.0	42.0	42.0	9999
2006-04-21	42.0	42.0	42.0	42.0	
					0
					0
					0
					0
					0
					0
					0
					0
					0
					0
					0
					0
					0
					0
					0
					0
2006-05-16	42.0	42.0	42.0	42.0	
2006-05-16	42.0	42.0	42.0	42.0	14999
					0
					0
					0
					0
					0
					0
					0
					0
					0
					0
					0
					0
2006-06-06	42.0	42.0	42.0	42.0	
2006-06-06	42.0	42.0	42.0	42.0	9999
					0
					0
					0
					0
					0
					0
					0
					0
					0
					0
					0
					0
					0
					0
					0
					0
					0
					0
					0
2006-07-04	40.0	40.0	40.0	40.0	
2006-07-04	40.0	40.0	40.0	40.0	19999
					0
					0
					0
					0
					0
					0
					0
					0
2006-07-17	36.0	36.0	36.0	36.0	
2006-07-17	36.0	36.0	36.0	36.0	9999
					0
					0
					0
					0
					0
					0
					0
					0
					0
2006-07-31	36.0	36.0	36.0	36.0	9999
2006-07-31	36.0	36.0	36.0	36.0	
					0
					0
					0
					0
					0
					0
2006-08-09	35.0	35.0	35.0	35.0	
2006-08-09	35.0	35.0	35.0	35.0	14999
					0
					0
					0
					0
					0
					0
					0
					0
					0
					0
2006-08-29	35.0	35.0	35.0	35.0	14999
2006-08-29	35.0	35.0	35.0	35.0	
					0
					0
2006-09-01	34.0	32.5	34.0	32.5	29999
2006-09-01	34.0	32.5	34.0	32.5	
					0
2006-09-05	30.5	30.5	30.5	30.5	9999
2006-09-05	30.5	30.5	30.5	30.5	
					0
					0
2006-09-08	29.0	29.0	29.0	29.0	9999
2006-09-08	29.0	29.0	29.0	29.0	
					0
					0
					0
					0
					0
					0
					0
					0
					0
					0
					0
					0
					0
					0
					0
2006-10-02	29.0	29.0	29.0	29.0	14999
2006-10-02	29.0	29.0	29.0	29.0	
					0
					0
					0
					0
					0
					0
					0
					0
2006-10-13	29.0	29.0	29.0	29.0	19999
2006-10-13	29.0	29.0	29.0	29.0	
					0
					0
					0
					0
					0
					0
					0
					0
					0
					0
2006-11-06	29.0	29.0	29.0	29.0	
2006-11-06	29.0	29.0	29.0	29.0	4999
					0
					0
					0
					0
					0
					0
					0
					0
					0
2006-11-20	28.5	28.5	28.5	28.5	
2006-11-20	28.5	28.5	28.5	28.5	4999
					0
					0
					0
					0
					0
					0
					0
					0
					0
					0
					0
					0
					0
					0
					0
					0
					0
					0
					0
					0
					0
2006-12-20	28.5	28.5	28.5	28.5	9999
2006-12-20	28.5	28.5	28.5	28.5	
					0
					0
					0
					0
2006-12-28	28.5	28.5	28.5	28.5	9999
2006-12-28	28.5	28.5	28.5	28.5	
					0
					0
					0
					0
					0
					0
					0
					0
					0
					0
					0
					0
					0
					0
					0
					0
					0
2007-01-25	28.5	28.5	28.5	28.5	
2007-01-25	28.5	28.5	28.5	28.5	9999
					0
					0
					0
2007-01-31	28.5	28.5	28.5	28.5	4999
2007-01-31	28.5	28.5	28.5	28.5	
					0
					0
2007-02-05	27.5	27.5	27.5	27.5	
2007-02-05	27.5	27.5	27.5	27.5	14999
					0
					0
					0
					0
					0
					0
					0
					0
					0
					0
					0
					0
					0
					0
2007-02-26	26.5	26.5	26.5	26.5	14999
2007-02-26	26.5	26.5	26.5	26.5	
					0
					0
					0
					0
					0
					0
					0
					0
					0
					0
					0
					0
2007-03-15	25.0	25.0	25.0	25.0	
2007-03-15	25.0	25.0	25.0	25.0	9999
					0
					0
					0
					0
					0
					0
					0
					0
2007-03-29	25.0	25.0	25.0	25.0	19999
2007-03-29	25.0	25.0	25.0	25.0	
					0
					0
					0
					0
					0
					0
					0
					0
					0
					0
					0
					0
					0
					0
2007-04-20	24.0	24.0	24.0	24.0	14999
2007-04-23	23.0	23.0	23.0	23.0	19999
2007-04-24	22.5	22.5	22.5	22.5	
2007-04-24	22.5	22.5	22.5	22.5	19999
					0
2007-04-26	20.0	20.0	20.0	20.0	
2007-04-26	20.0	20.0	20.0	20.0	24999
					0
					0
					0
					0
					0
					0
					0
					0
					0
					0
					0
					0
					0
2007-05-16	18.0	18.0	18.0	18.0	
2007-05-16	18.0	18.0	18.0	18.0	24999
					0
					0
					0
2007-05-24	17.0	17.0	17.0	17.0	
2007-05-24	17.0	17.0	17.0	17.0	29999
					0
					0
					0
					0
2007-05-31	16.0	16.0	16.0	16.0	
2007-05-31	16.0	16.0	16.0	16.0	19999
					0
					0
					0
					0
					0
2007-06-11	15.0	13.5	15.0	13.5	
2007-06-11	15.0	13.5	15.0	13.5	39999
					0
2007-06-13	12.5	12.5	12.5	12.5	14999
2007-06-13	12.5	12.5	12.5	12.5	
					0
2007-06-15	11.5	11.5	11.5	11.5	34999
2007-06-15	11.5	11.5	11.5	11.5	
					0
					0
					0
					0
					0
2007-06-25	12.0	12.0	12.0	12.0	4999
2007-06-25	12.0	12.0	12.0	12.0	
					0
					0
2007-06-28	11.0	10.6	11.0	10.6	29999
2007-06-28	11.0	10.6	11.0	10.6	
					0
					0
2007-07-03	14.3	14.3	14.3	14.3	14999
2007-07-04	12.2	12.2	12.2	12.2	24999
2007-07-04	12.2	12.2	12.2	12.2	
					0
					0
2007-07-09	11.5	11.5	11.5	11.5	
2007-07-09	11.5	11.5	11.5	11.5	24999
					0
					0
					0
					0
					0
2007-07-17	10.0	10.0	10.0	10.0	
2007-07-17	10.0	10.0	10.0	10.0	49999
					0
					0
					0
2007-07-23	9.3	9.3	9.3	9.3	
2007-07-23	9.3	9.3	9.3	9.3	19999
					0
					0
					0
2007-07-27	8.7	8.7	8.7	8.7	59999
2007-07-30	8.5	8.5	8.5	8.5	19999
2007-07-30	8.5	8.5	8.5	8.5	
					0
					0
					0
2007-08-03	7.7	7.7	7.7	7.7	
2007-08-03	7.7	7.7	7.7	7.7	34999
					0
					0
2007-08-08	7.5	7.5	7.5	7.5	
2007-08-08	7.5	7.5	7.5	7.5	29999
					0
					0
					0
2007-08-14	7.0	7.0	7.0	7.0	24999
2007-08-14	7.0	7.0	7.0	7.0	
					0
					0
					0
					0
					0
					0
					0
					0
2007-08-28	6.6	6.6	6.6	6.6	
2007-08-28	6.6	6.6	6.6	6.6	99999
					0
					0
					0
					0
2007-09-04	9.9	9.9	9.9	9.9	49999
2007-09-04	9.9	9.9	9.9	9.9	
					0
2007-09-06	8.0	8.0	8.0	8.0	49999
2007-09-06	8.0	8.0	8.0	8.0	
					0
					0
					0
					0
2007-09-13	7.5	7.5	7.5	7.5	29999
2007-09-13	7.5	7.5	7.5	7.5	
					0
					0
					0
					0
					0
					0
					0
					0
					0
2007-09-27	11.2	11.2	11.2	11.2	
2007-09-27	11.2	11.2	11.2	11.2	49999
					0
2007-10-01	8.0	8.0	8.0	8.0	14999
2007-10-02	10.0	10.0	10.0	10.0	49999
2007-10-02	10.0	10.0	10.0	10.0	
					0
					0
					0
					0
					0
					0
					0
					0
					0
					0
					0
2007-10-23	8.0	8.0	8.0	8.0	49999
2007-10-23	8.0	8.0	8.0	8.0	
					0
2007-10-25	7.5	7.5	7.5	7.5	24999
2007-10-26	8.1	8.1	8.1	8.1	74999
2007-10-29	8.0	8.0	8.0	8.0	
2007-10-29	8.0	8.0	8.0	8.0	49999
					0
2007-10-31	12.0	12.0	12.0	12.0	49999
2007-11-01	9.1	9.1	9.1	9.1	
2007-11-01	9.1	9.1	9.1	9.1	24999
					0
2007-11-05	8.0	8.0	8.0	8.0	
2007-11-05	8.0	8.0	8.0	8.0	24999
					0
					0
2007-11-08	7.5	7.5	7.5	7.5	
2007-11-08	7.5	7.5	7.5	7.5	24999
					0
					0
					0
					0
					0
					0
					0
					0
					0
					0
					0
					0
					0
					0
2007-11-29	7.5	7.5	7.5	7.5	
2007-11-29	7.5	7.5	7.5	7.5	34999
					0
					0
					0
					0
					0
					0
					0
					0
					0
2007-12-13	7.5	7.5	7.5	7.5	
2007-12-13	7.5	7.5	7.5	7.5	59999
					0
					0
					0
					0
					0
					0
					0
					0
					0
					0
					0
					0
					0
2008-01-14	7.5	7.5	7.5	7.5	89999
2008-01-14	7.5	7.5	7.5	7.5	
					0
					0
					0
					0
					0
					0
					0
					0
2008-01-25	7.5	7.5	7.5	7.5	49999
2008-01-25	7.5	7.5	7.5	7.5	
					0
					0
					0
					0
					0
					0
					0
					0
					0
					0
2008-02-13	10.0	10.0	10.0	10.0	49999
2008-02-13	10.0	10.0	10.0	10.0	
					0
					0
					0
					0
					0
					0
					0
2008-02-25	10.0	10.0	10.0	10.0	
2008-02-25	10.0	10.0	10.0	10.0	74999
					0
					0
					0
					0
					0
					0
					0
					0
					0
					0
					0
					0
					0
					0
					0
					0
					0
					0
2008-03-26	10.0	10.0	10.0	10.0	84999
2008-03-26	10.0	10.0	10.0	10.0	
					0
					0
					0
					0
					0
					0
					0
					0
					0
					0
					0
					0
					0
					0
					0
					0
					0
2008-04-21	10.0	10.0	10.0	10.0	149999
2008-04-21	10.0	10.0	10.0	10.0	
					0
					0
					0
					0
					0
					0
2008-04-30	10.0	10.0	10.0	10.0	24999
2008-04-30	10.0	10.0	10.0	10.0	
					0
					0
					0
					0
					0
					0
					0
					0
					0
					0
					0
					0
					0
					0
2008-05-23	10.0	10.0	10.0	10.0	
2008-05-23	10.0	10.0	10.0	10.0	74999
					0
					0
					0
					0
2008-05-30	9.0	9.0	9.0	9.0	
2008-05-30	9.0	9.0	9.0	9.0	149999
					0
					0
					0
					0
					0
					0
					0
					0
					0
					0
					0
					0
					0
					0
					0
					0
					0
					0
					0
					0
2008-06-30	9.0	9.0	9.0	9.0	164999
2008-06-30	9.0	9.0	9.0	9.0	
					0
					0
					0
					0
					0
					0
					0
					0
					0
					0
					0
					0
					0
2008-07-18	9.0	9.0	9.0	9.0	59999
2008-07-18	9.0	9.0	9.0	9.0	
					0
					0
					0
					0
					0
2008-07-28	9.0	9.0	9.0	9.0	124999
2008-07-28	9.0	9.0	9.0	9.0	
					0
					0
					0
					0
					0
					0
					0
					0
					0
					0
					0
					0
					0
					0
					0
					0
2008-08-22	9.0	9.0	9.0	9.0	
2008-08-22	9.0	9.0	9.0	9.0	124999
					0
					0
					0
					0
2008-08-29	9.0	9.0	9.0	9.0	124999
2008-08-29	9.0	9.0	9.0	9.0	
					0
					0
					0
					0
					0
					0
					0
					0
					0
					0
					0
					0
					0
					0
2008-09-19	9.0	9.0	9.0	9.0	
2008-09-19	9.0	9.0	9.0	9.0	189999
					0
					0
					0
2008-09-25	9.0	9.0	9.0	9.0	74999
2008-09-25	9.0	9.0	9.0	9.0	
					0
					0
					0
					0
					0
					0
					0
					0
					0
					0
					0
					0
					0
					0
2008-10-23	9.0	9.0	9.0	9.0	99999
2008-10-23	9.0	9.0	9.0	9.0	
					0
					0
					0
2008-10-29	9.0	9.0	9.0	9.0	74999
2008-10-29	9.0	9.0	9.0	9.0	
					0
2008-10-31	9.0	9.0	9.0	9.0	
2008-10-31	9.0	9.0	9.0	9.0	24999
					0
					0
					0
					0
					0
					0
					0
					0
					0
					0
					0
					0
					0
					0
					0
2008-11-24	9.0	9.0	9.0	9.0	
2008-11-24	9.0	9.0	9.0	9.0	59999
					0
					0
					0
2008-11-28	9.0	9.0	9.0	9.0	
2008-11-28	9.0	9.0	9.0	9.0	39999
					0
					0
					0
					0
					0
					0
					0
					0
					0
					0
					0
					0
					0
					0
					0
					0
2008-12-24	9.0	9.0	9.0	9.0	74999
2008-12-26	9.0	9.0	9.0	9.0	
					0
					0
					0
					0
					0
					0
					0
					0
					0
					0
					0
					0
					0
					0
					0
					0
2009-01-23	9.0	9.0	9.0	9.0	64999
2009-01-23	9.0	9.0	9.0	9.0	
					0
					0
					0
2009-01-30	9.0	9.0	9.0	9.0	64999
2009-01-30	9.0	9.0	9.0	9.0	
					0
					0
					0
					0
					0
					0
					0
					0
					0
					0
					0
					0
					0
					0
					0
2009-02-23	9.0	9.0	9.0	9.0	
2009-02-23	9.0	9.0	9.0	9.0	49999
					0
					0
					0
2009-02-27	9.0	9.0	9.0	9.0	59999
2009-02-27	9.0	9.0	9.0	9.0	
					0
					0
					0
					0
					0
					0
					0
					0
					0
					0
					0
					0
					0
					0
					0
					0
					0
2009-03-27	9.0	9.0	9.0	9.0	
2009-03-27	9.0	9.0	9.0	9.0	14999
					0
2009-03-31	9.0	9.0	9.0	9.0	149999
2009-03-31	9.0	9.0	9.0	9.0	
					0
					0
					0
					0
					0
					0
					0
					0
					0
					0
					0
					0
					0
					0
					0
2009-04-24	9.0	9.0	9.0	9.0	34999
2009-04-24	9.0	9.0	9.0	9.0	
					0
					0
					0
2009-04-30	9.0	9.0	9.0	9.0	
2009-04-30	9.0	9.0	9.0	9.0	14999
					0
					0
					0
					0
					0
					0
					0
					0
					0
					0
					0
					0
					0
					0
					0
					0
					0
2009-05-27	9.0	9.0	9.0	9.0	74999
2009-05-27	9.0	9.0	9.0	9.0	
					0
2009-05-29	9.0	9.0	9.0	9.0	49999
2009-05-29	9.0	9.0	9.0	9.0	
					0
					0
					0
					0
					0
					0
					0
					0
					0
					0
					0
					0
					0
					0
					0
					0
					0
					0
					0
					0
2009-06-29	9.0	9.0	9.0	9.0	24999
2009-06-29	9.0	9.0	9.0	9.0	
					0
2009-07-01	9.0	9.0	9.0	9.0	
2009-07-01	9.0	9.0	9.0	9.0	14999
					0
					0
					0
					0
2009-07-09	9.0	9.0	9.0	9.0	
2009-07-09	9.0	9.0	9.0	9.0	34999
					0
					0
					0
					0
					0
					0
					0
					0
					0
					0
					0
					0
					0
					0
2009-07-31	9.0	9.0	9.0	9.0	24999
2009-08-03	10.0	10.0	10.0	10.0	49999
2009-08-04	10.0	10.0	10.0	10.0	24999
2009-08-05	10.5	10.5	10.5	10.5	24999
2009-08-05	10.5	10.5	10.5	10.5	
					0
					0
					0
					0
					0
					0
					0
					0
					0
					0
					0
					0
					0
2009-08-26	10.0	10.0	10.0	10.0	
2009-08-26	10.0	10.0	10.0	10.0	49999
					0
					0
					0
					0
					0
					0
					0
					0
					0
					0
					0
					0
					0
					0
					0
					0
					0
					0
2009-09-28	10.0	10.0	10.0	10.0	
2009-09-28	10.0	10.0	10.0	10.0	24999
					0
2009-09-30	10.0	10.0	10.0	10.0	
2009-09-30	10.0	10.0	10.0	10.0	89999
					0
					0
					0
					0
					0
					0
					0
					0
					0
					0
					0
					0
					0
					0
					0
					0
					0
					0
2009-10-27	10.0	10.0	10.0	10.0	
2009-10-27	10.0	10.0	10.0	10.0	49999
					0
					0
2009-10-30	10.0	10.0	10.0	10.0	24999
2009-10-30	10.0	10.0	10.0	10.0	
					0
					0
2009-11-04	10.0	10.0	10.0	10.0	
2009-11-04	10.0	10.0	10.0	10.0	24999
					0
					0
					0
					0
					0
					0
					0
					0
					0
					0
2009-11-19	10.0	10.0	10.0	10.0	
2009-11-19	10.0	10.0	10.0	10.0	74999
					0
					0
					0
					0
					0
					0
					0
					0
					0
					0
					0
					0
					0
					0
					0
2009-12-14	10.0	10.0	11.0	11.0	
2009-12-14	10.0	10.0	11.0	11.0	39999
					0
					0
2009-12-17	11.0	11.0	11.0	11.0	49999
2009-12-17	11.0	11.0	11.0	11.0	
					0
2009-12-22	12.0	12.0	12.0	12.0	49999
2009-12-22	12.0	12.0	12.0	12.0	
					0
					0
2009-12-29	13.0	13.0	13.5	13.5	74999
2009-12-30	14.5	14.5	15.0	15.0	
2009-12-30	14.5	14.5	15.0	15.0	49999
					0
					0
					0
					0
					0
					0
					0
					0
					0
					0
					0
					0
					0
					0
					0
					0
					0
2010-01-27	15.0	15.0	15.0	15.0	
2010-01-27	15.0	15.0	15.0	15.0	24999
					0
2010-01-29	15.0	15.0	15.0	15.0	34999
2010-01-29	15.0	15.0	15.0	15.0	
					0
					0
					0
					0
					0
					0
					0
					0
					0
					0
					0
					0
					0
					0
					0
2010-02-22	15.0	15.0	15.0	15.0	14999
2010-02-22	15.0	15.0	15.0	15.0	
					0
					0
2010-02-25	15.0	15.0	15.0	15.0	9999
2010-02-25	15.0	15.0	15.0	15.0	
					0
					0
					0
					0
					0
					0
					0
					0
					0
					0
					0
					0
					0
					0
					0
					0
					0
					0
2010-03-26	15.0	15.0	15.0	15.0	24999
2010-03-29	15.0	15.0	15.0	15.0	49999
2010-03-30	15.0	15.0	15.0	15.0	
2010-03-30	15.0	15.0	15.0	15.0	24999
					0
					0
					0
					0
2010-04-07	14.0	14.0	14.0	14.0	49999
2010-04-08	13.5	13.5	13.5	13.5	
2010-04-08	13.5	13.5	13.5	13.5	49999
					0
					0
					0
2010-04-14	15.0	15.0	15.0	15.0	49999
2010-04-14	15.0	15.0	15.0	15.0	
					0
					0
					0
					0
					0
					0
					0
					0
					0
					0
					0
					0
					0
					0
					0
					0
					0
					0
					0
					0
					0
2010-05-17	15.0	15.0	15.0	15.0	49999
2010-05-17	15.0	15.0	15.0	15.0	
					0
2010-05-19	15.0	15.0	15.0	15.0	
2010-05-19	15.0	15.0	15.0	15.0	59999
					0
					0
2010-05-24	15.0	15.0	15.0	15.0	64999
2010-05-24	15.0	15.0	15.0	15.0	
					0
2010-05-26	13.0	13.0	13.0	13.0	54999
2010-05-26	13.0	13.0	13.0	13.0	
					0
					0
					0
					0
2010-06-03	13.0	13.0	13.0	13.0	
2010-06-03	13.0	13.0	13.0	13.0	74999
					0
					0
					0
					0
					0
					0
					0
					0
					0
					0
					0
					0
					0
					0
					0
					0
					0
					0
2010-06-30	13.0	13.0	13.0	13.0	
2010-06-30	13.0	13.0	13.0	13.0	14999
					0
					0
					0
					0
					0
					0
					0
					0
					0
					0
					0
					0
					0
					0
					0
					0
					0
					0
					0
					0
					0
2010-07-30	13.0	13.0	13.0	13.0	
2010-07-30	13.0	13.0	13.0	13.0	24999
					0
2010-08-03	14.0	14.0	14.0	14.0	24999
2010-08-03	14.0	14.0	14.0	14.0	
					0
					0
					0
					0
					0
					0
					0
					0
					0
					0
					0
					0
					0
					0
					0
					0
					0
					0
2010-08-31	14.0	14.0	14.0	14.0	24999
2010-08-31	14.0	14.0	14.0	14.0	
					0
					0
2010-09-03	14.0	14.0	14.0	14.0	14999
2010-09-03	14.0	14.0	14.0	14.0	
					0
					0
					0
					0
					0
					0
					0
					0
					0
					0
					0
					0
2010-09-29	14.0	14.0	14.0	14.0	24999
2010-09-29	14.0	14.0	14.0	14.0	
					0
					0
					0
					0
					0
					0
					0
					0
					0
					0
					0
					0
					0
					0
					0
					0
					0
					0
2010-10-26	14.0	14.0	14.0	14.0	
2010-10-26	14.0	14.0	14.0	14.0	14999
					0
					0
2010-10-29	14.0	14.0	14.0	14.0	14999
2010-10-29	14.0	14.0	14.0	14.0	
					0
					0
					0
					0
					0
					0
					0
					0
					0
					0
					0
					0
					0
					0
					0
					0
					0
					0
2010-11-26	14.0	14.0	14.0	14.0	
2010-11-26	14.0	14.0	14.0	14.0	14999
					0
2010-11-30	14.0	14.0	14.0	14.0	
2010-11-30	14.0	14.0	14.0	14.0	24999
					0
					0
					0
					0
					0
					0
					0
					0
					0
					0
					0
					0
					0
					0
					0
					0
					0
2010-12-28	14.0	14.0	14.0	14.0	
2010-12-28	14.0	14.0	14.0	14.0	24999
					0
2010-12-30	14.0	14.0	14.0	14.0	24999
2010-12-30	14.0	14.0	14.0	14.0	
					0
					0
					0
					0
					0
					0
					0
					0
					0
					0
					0
					0
					0
					0
					0
					0
					0
					0
					0
2011-01-28	14.0	14.0	14.0	14.0	14999
2011-01-31	14.0	14.0	14.0	14.0	
2011-01-31	14.0	14.0	14.0	14.0	24999
					0
					0
					0
					0
					0
					0
					0
					0
					0
					0
					0
					0
					0
					0
					0
					0
2011-02-25	14.0	14.0	14.0	14.0	14999
2011-02-28	14.0	14.0	14.0	14.0	
2011-02-28	14.0	14.0	14.0	14.0	9999
					0
					0
					0
					0
					0
					0
					0
					0
					0
					0
					0
					0
					0
					0
					0
					0
					0
					0
					0
					0
2011-03-29	14.0	14.0	14.0	14.0	24999
2011-03-29	14.0	14.0	14.0	14.0	
					0
2011-03-31	14.0	14.0	14.0	14.0	
2011-03-31	14.0	14.0	14.0	14.0	14999
					0
					0
					0
					0
					0
					0
					0
					0
					0
					0
					0
					0
					0
					0
					0
					0
					0
					0
2011-04-28	14.0	14.0	14.0	14.0	14999
2011-04-29	14.0	14.0	14.0	14.0	9999
2011-04-29	14.0	14.0	14.0	14.0	
					0
					0
					0
					0
					0
					0
					0
					0
					0
					0
					0
					0
					0
					0
					0
					0
					0
2011-05-26	14.0	14.0	14.0	14.0	
2011-05-26	14.0	14.0	14.0	14.0	4999
					0
					0
2011-05-31	14.0	14.0	14.0	14.0	24999
2011-05-31	14.0	14.0	14.0	14.0	
					0
					0
					0
					0
					0
					0
					0
					0
					0
					0
					0
					0
					0
					0
					0
					0
					0
2011-06-27	14.0	14.0	14.0	14.0	
2011-06-27	14.0	14.0	14.0	14.0	14999
					0
2011-06-30	14.0	14.0	14.0	14.0	
2011-06-30	14.0	14.0	14.0	14.0	9999
					0
					0
					0
					0
					0
					0
					0
					0
					0
					0
					0
					0
					0
					0
					0
					0
					0
					0
2011-07-27	14.0	14.0	14.0	14.0	19999
2011-07-27	14.0	14.0	14.0	14.0	
					0
2011-07-29	14.0	14.0	14.0	14.0	9999
2011-07-29	14.0	14.0	14.0	14.0	
					0
					0
					0
					0
					0
					0
					0
					0
					0
					0
					0
					0
					0
					0
					0
					0
2011-08-24	14.0	14.0	14.0	14.0	14999
2011-08-24	14.0	14.0	14.0	14.0	
					0
2011-08-26	14.0	14.0	14.0	14.0	
2011-08-26	14.0	14.0	14.0	14.0	19999
					0
					0
					0
					0
					0
					0
					0
					0
					0
					0
					0
					0
					0
					0
					0
					0
					0
2011-09-28	14.0	14.0	14.0	14.0	14999
2011-09-28	14.0	14.0	14.0	14.0	
					0
2011-09-30	14.0	14.0	14.0	14.0	14999
2011-09-30	14.0	14.0	14.0	14.0	
					0
					0
					0
					0
					0
					0
					0
					0
					0
					0
					0
					0
					0
					0
					0
					0
					0
					0
2011-10-27	14.0	14.0	14.0	14.0	9999
2011-10-27	14.0	14.0	14.0	14.0	
					0
2011-10-31	14.0	14.0	14.0	14.0	9999
2011-10-31	14.0	14.0	14.0	14.0	
					0
					0
					0
					0
					0
					0
					0
					0
					0
					0
					0
					0
					0
					0
					0
					0
					0
					0
					0
					0
2011-11-29	14.0	14.0	14.0	14.0	9999
2011-11-30	14.0	14.0	14.0	14.0	9999
2011-11-30	14.0	14.0	14.0	14.0	
					0
					0
					0
					0
					0
					0
					0
					0
					0
					0
					0
					0
					0
					0
					0
					0
					0
					0
					0
2011-12-29	14.0	14.0	14.0	14.0	14999
2011-12-30	14.0	14.0	14.0	14.0	
2011-12-30	14.0	14.0	14.0	14.0	14999
					0
					0
					0
					0
					0
					0
					0
					0
					0
					0
					0
					0
					0
					0
					0
					0
					0
					0
					0
2012-01-30	14.0	14.0	14.0	14.0	9999
2012-01-31	14.0	14.0	14.0	14.0	
2012-01-31	14.0	14.0	14.0	14.0	14999
					0
					0
					0
					0
					0
					0
					0
					0
					0
					0
					0
					0
					0
					0
					0
					0
					0
					0
					0
2012-02-28	14.0	14.0	14.0	14.0	14999
2012-02-29	14.0	14.0	14.0	14.0	19999
2012-02-29	14.0	14.0	14.0	14.0	
					0
					0
					0
					0
					0
					0
					0
					0
					0
					0
					0
					0
					0
					0
					0
					0
					0
					0
					0
2012-03-29	14.0	14.0	14.0	14.0	24999
2012-03-30	14.0	14.0	14.0	14.0	14999
2012-03-30	14.0	14.0	14.0	14.0	
					0
					0
					0
					0
					0
					0
					0
					0
					0
					0
					0
					0
					0
					0
					0
					0
					0
2012-04-26	14.0	14.0	14.0	14.0	14999
2012-04-26	14.0	14.0	14.0	14.0	
					0
2012-04-30	14.0	14.0	14.0	14.0	14999
2012-04-30	14.0	14.0	14.0	14.0	
					0
					0
					0
					0
					0
					0
					0
					0
					0
					0
					0
					0
					0
					0
					0
					0
					0
					0
2012-05-29	14.1	14.0	14.1	14.0	14999
2012-05-29	14.1	14.0	14.1	14.0	
					0
2012-05-31	14.0	14.0	14.0	14.0	
2012-05-31	14.0	14.0	14.0	14.0	24999
					0
					0
					0
					0
					0
					0
					0
					0
					0
					0
					0
					0
					0
					0
					0
					0
					0
					0
2012-06-27	14.0	14.0	14.0	14.0	
2012-06-27	14.0	14.0	14.0	14.0	14999
					0
					0
					0
					0
					0
					0
					0
					0
					0
					0
					0
					0
					0
					0
					0
2012-07-19	16.0	16.0	16.0	16.0	
2012-07-19	16.0	16.0	16.0	16.0	4999
					0
					0
2012-07-24	17.0	17.0	17.0	17.0	
2012-07-24	17.0	17.0	17.0	17.0	14999
					0
					0
2012-07-27	18.0	18.0	18.0	18.0	
2012-07-27	18.0	18.0	18.0	18.0	24999
					0
					0
					0
					0
					0
					0
					0
					0
					0
					0
					0
					0
					0
					0
					0
					0
					0
					0
2012-08-29	18.0	18.0	18.0	18.0	
2012-08-29	18.0	18.0	18.0	18.0	14999
					0
					0
					0
					0
					0
					0
					0
					0
					0
					0
					0
					0
					0
					0
					0
					0
					0
					0
					0
					0
2012-09-27	18.0	18.0	18.0	18.0	24999
2012-09-28	18.0	18.0	18.0	18.0	
2012-09-28	18.0	18.0	18.0	18.0	34999
					0
					0
					0
					0
					0
					0
					0
					0
					0
					0
					0
					0
					0
					0
					0
					0
					0
					0
					0
					0
2012-10-30	18.0	18.0	18.0	18.0	24999
2012-10-31	18.0	18.0	18.0	18.0	34999
2012-10-31	18.0	18.0	18.0	18.0	
					0
					0
					0
					0
					0
					0
					0
					0
					0
					0
					0
					0
					0
					0
					0
					0
					0
					0
					0
					0
					0
					0
					0
					0
					0
					0
					0
					0
					0
					0
					0
					0
					0
					0
					0
					0
					0
					0
					0
					0
					0
					0
					0
					0
					0
					0
					0
2013-01-15	18.0	18.0	18.0	18.0	
2013-01-15	18.0	18.0	18.0	18.0	34999
					0
					0
					0
					0
					0
					0
					0
2013-01-28	18.0	18.0	18.0	18.0	49999
2013-01-28	18.0	18.0	18.0	18.0	
					0
					0
					0
					0
					0
					0
					0
					0
					0
					0
					0
					0
					0
					0
					0
					0
2013-02-20	18.0	18.0	18.0	18.0	
2013-02-20	18.0	18.0	18.0	18.0	49999
					0
					0
					0
					0
					0
2013-02-28	18.0	18.0	18.0	18.0	
2013-02-28	18.0	18.0	18.0	18.0	49999
					0
					0
					0
					0
					0
					0
					0
					0
					0
					0
					0
					0
					0
2013-03-21	18.0	18.0	18.0	18.0	24999
2013-03-21	18.0	18.0	18.0	18.0	
					0
					0
					0
2013-03-27	18.0	18.0	18.0	18.0	
2013-03-27	18.0	18.0	18.0	18.0	24999
					0
					0
					0
					0
					0
					0
					0
					0
					0
					0
					0
					0
					0
					0
					0
					0
					0
					0
					0
					0
					0
					0
2013-04-30	18.0	18.0	18.0	18.0	
2013-04-30	18.0	18.0	18.0	18.0	24999
					0
					0
					0
					0
					0
					0
					0
					0
					0
					0
					0
					0
					0
					0
					0
					0
					0
					0
					0
					0
					0
2013-05-31	18.0	18.0	18.0	18.0	
2013-05-31	18.0	18.0	18.0	18.0	14999
					0
					0
					0
					0
					0
					0
					0
					0
					0
					0
					0
					0
					0
					0
					0
					0
					0
					0
2013-06-28	18.0	18.0	18.0	18.0	24999
2013-06-28	18.0	18.0	18.0	18.0	
					0
					0
					0
					0
					0
					0
					0
					0
					0
					0
					0
					0
					0
					0
					0
					0
					0
					0
					0
					0
					0
					0
2013-07-31	18.0	18.0	18.0	18.0	
2013-07-31	18.0	18.0	18.0	18.0	9999
					0
					0
					0
					0
					0
					0
					0
					0
					0
					0
					0
					0
					0
					0
2013-08-28	18.0	18.0	18.0	18.0	24999
2013-08-28	18.0	18.0	18.0	18.0	
					0
2013-08-30	18.0	18.0	18.0	18.0	49999
2013-08-30	18.0	18.0	18.0	18.0	
					0
					0
					0
					0
					0
					0
					0
					0
					0
					0
					0
					0
					0
					0
					0
					0
					0
					0
					0
					0
2013-09-30	18.0	18.0	18.0	18.0	
2013-09-30	18.0	18.0	18.0	18.0	14999
					0
					0
					0
					0
					0
					0
					0
					0
					0
					0
					0
					0
					0
					0
					0
					0
					0
					0
					0
2013-10-30	18.0	18.0	18.0	18.0	
2013-10-30	18.0	18.0	18.0	18.0	9999
					0
					0
					0
					0
					0
					0
					0
					0
					0
					0
					0
					0
					0
					0
					0
					0
					0
					0
					0
					0
2013-11-29	18.0	18.0	18.0	18.0	
2013-11-29	18.0	18.0	18.0	18.0	14999
					0
					0
					0
					0
					0
					0
					0
					0
					0
					0
					0
					0
					0
					0
					0
					0
					0
					0
2013-12-30	18.0	18.0	18.0	18.0	39999
2014-01-01	18.0	18.0	18.0	18.0	
					0
					0
					0
					0
					0
					0
					0
2014-01-13	18.0	18.0	18.0	18.0	
2014-01-13	18.0	18.0	18.0	18.0	999
					0
					0
					0
					0
					0
					0
					0
					0
					0
					0
					0
					0
					0
					0
					0
					0
					0
					0
					0
					0
					0
					0
					0
					0
					0
					0
2014-02-21	19.0	19.0	19.0	19.0	
2014-02-21	19.0	19.0	19.0	19.0	19999
					0
					0
					0
					0
					0
					0
2014-03-04	18.0	18.0	18.0	18.0	9999
2014-03-04	18.0	18.0	18.0	18.0	
					0
					0
					0
					0
2014-03-11	17.0	17.0	17.0	17.0	
2014-03-11	17.0	17.0	17.0	17.0	9999
					0
					0
					0
					0
					0
					0
					0
					0
					0
					0
					0
					0
2014-03-28	17.0	17.0	17.0	17.0	4999
2014-03-28	17.0	17.0	17.0	17.0	
					0
					0
					0
					0
					0
					0
					0
					0
					0
					0
					0
					0
					0
					0
					0
					0
2014-04-25	17.5	17.5	17.5	17.5	19999
2014-04-25	17.5	17.5	17.5	17.5	
					0
					0
					0
					0
					0
2014-05-06	17.8	17.6	17.8	17.6	169999
2014-05-06	17.8	17.6	17.8	17.6	
					0
					0
2014-05-09	20.5	20.5	20.5	20.5	
2014-05-09	20.5	20.5	20.5	20.5	19999
					0
					0
					0
					0
					0
					0
					0
					0
					0
					0
					0
					0
2014-06-02	25.6	25.6	25.6	25.6	
2014-06-02	25.6	25.6	25.6	25.6	999
					0
					0
					0
2014-06-06	28.0	28.0	28.0	28.0	9999
2014-06-06	28.0	28.0	28.0	28.0	
					0
2014-06-10	32.5	32.5	32.5	32.5	14999
2014-06-10	32.5	32.5	32.5	32.5	
					0
					0
					0
					0
					0
					0
					0
					0
2014-06-23	35.0	35.0	35.0	35.0	999
2014-06-23	35.0	35.0	35.0	35.0	
					0
					0
					0
					0
					0
					0
					0
					0
					0
					0
					0
					0
					0
					0
					0
					0
					0
2014-07-18	36.5	36.5	36.5	36.5	19999
2014-07-18	36.5	36.5	36.5	36.5	
					0
					0
2014-07-23		36.5	36.5	36.5	
2014-07-23		36.5	36.5	36.5	4999
					0
					0
2014-08-04	45.6	45.6	45.6	45.6	999
2014-08-04	45.6	45.6	45.6	45.6	
					0
					0
					0
					0
					0
2014-08-12	45.5	45.5	45.5	45.5	4999
2014-08-12	45.5	45.5	45.5	45.5	
					0
					0
					0
2014-08-18	47.5	47.5	56.5	56.5	
2014-08-18	47.5	47.5	56.5	56.5	2999
					0
					0
					0
					0
					0
					0
					0
					0
					0
					0
					0
2014-09-03	70.0	70.0	70.0	70.0	999
2014-09-03	70.0	70.0	70.0	70.0	
					0
					0
2014-09-08	70.5	70.5	70.5	70.5	2999
2014-09-08	70.5	70.5	70.5	70.5	
					0
					0
					0
					0
					0
					0
					0
					0
					0
					0
					0
					0
					0
					0
					0
					0
					0
					0
					0
					0
					0
					0
					0
					0
					0
					0
					0
					0
					0
					0
					0
					0
					0
					0
					0
					0
					0
					0
					0
					0
					0
					0
					0
					0
					0
					0
					0
					0
					0
					0
					0
					0
					0
					0
					0
					0
					0
					0
					0
					0
2014-12-02	70.5	53.0	70.5	53.0	17999
2014-12-03	39.9	39.9	39.9	39.9	999
2014-12-04	31.0	31.0	31.0	31.0	999
2014-12-05	25.0	25.0	25.0	25.0	999
2014-12-05	25.0	25.0	25.0	25.0	
					0
					0
					0
					0
					0
					0
					0
					0
					0
					0
					0
					0
					0
					0
2014-12-30	30.0	30.0	30.0	30.0	
2014-12-30	30.0	30.0	30.0	30.0	3999
					0
					0
					0
					0
					0
					0
					0
					0
					0
					0
					0
					0
					0
					0
					0
					0
					0
					0
					0
					0
2015-01-30	32.0	32.0	32.0	32.0	1999
2015-01-30	32.0	32.0	32.0	32.0	
					0
					0
					0
					0
					0
					0
					0
					0
					0
					0
					0
					0
					0
					0
					0
					0
					0
					0
					0
					0
					0
					0
					0
2015-03-06	32.0	32.0	32.0	32.0	2999
2015-03-06	32.0	32.0	32.0	32.0	
					0
					0
					0
					0
					0
					0
					0
					0
					0
					0
					0
					0
					0
					0
					0
					0
					0
					0
					0
					0
					0
					0
2015-04-09	34.0	34.0	34.0	34.0	2999
2015-04-09	34.0	34.0	34.0	34.0	
					0
					0
					0
					0
					0
					0
					0
					0
					0
					0
					0
					0
					0
					0
					0
					0
					0
					0
					0
					0
					0
					0
					0
					0
					0
					0
					0
					0
					0
					0
					0
					0
					0
2015-05-29	35.0	35.0	35.0	35.0	
2015-05-29	35.0	35.0	35.0	35.0	2999
					0
					0
					0
					0
					0
					0
					0
					0
					0
					0
					0
					0
					0
					0
					0
					0
					0
					0
					0
2015-06-29	35.0	35.0	35.0	35.0	
2015-06-29	35.0	35.0	35.0	35.0	1999
					0
					0
					0
					0
					0
					0
					0
					0
					0
					0
					0
					0
					0
					0
					0
					0
					0
					0
					0
					0
2015-07-31	35.0	35.0	35.0	35.0	3999
2015-07-31	35.0	35.0	35.0	35.0	
					0
					0
					0
					0
					0
					0
					0
					0
					0
					0
					0
					0
					0
					0
					0
					0
					0
					0
					0
					0
					0
					0
					0
					0
					0
					0
					0
					0
					0
					0
					0
					0
					0
					0
					0
					0
					0
					0
2015-09-28	37.0	37.0	37.0	37.0	999
2015-09-28	37.0	37.0	37.0	37.0	
					0
2015-09-30	37.0	37.0	37.0	37.0	
2015-09-30	37.0	37.0	37.0	37.0	999
					0
					0
					0
					0
					0
					0
2015-10-09	39.0	39.0	39.0	39.0	999
2015-10-09	39.0	39.0	39.0	39.0	
					0
					0
					0
					0
					0
					0
					0
					0
					0
					0
					0
					0
					0
					0
					0
					0
					0
					0
					0
					0
					0
					0
					0
					0
					0
					0
					0
					0
					0
2015-11-23	37.0	37.0	37.0	37.0	8999
2015-11-23	37.0	37.0	37.0	37.0	
					0
					0
					0
					0
					0
					0
					0
					0
					0
					0
					0
					0
					0
					0
					0
					0
					0
					0
					0
					0
					0
					0
					0
					0
					0
					0
					0
					0
					0
					0
					0
					0
					0
					0
					0
					0
					0
					0
					0
					0
					0
					0
					0
					0
					0
					0
					0
					0
					0
					0
					0
					0
					0
					0
					0
					0
					0
2016-02-19	36.0	36.0	36.0	36.0	
2016-02-19	36.0	36.0	36.0	36.0	999
					0
					0
					0
					0
					0
					0
					0
					0
					0
					0
					0
					0
					0
					0
					0
					0
					0
					0
					0
					0
					0
					0
					0
					0
					0
2016-03-30	36.0	36.0	36.0	36.0	
2016-03-30	36.0	36.0	36.0	36.0	1999
					0
					0
					0
					0
					0
					0
					0
					0
					0
					0
					0
					0
					0
					0
					0
					0
					0
					0
					0
					0
2016-04-28	36.5	36.5	36.5	36.5	
2016-04-28	36.5	36.5	36.5	36.5	1999
					0
					0
					0
					0
					0
					0
					0
					0
					0
					0
					0
					0
					0
					0
					0
					0
					0
					0
					0
					0
					0
					0
					0
					0
					0
					0
					0
					0
					0
					0
					0
					0
					0
					0
					0
					0
					0
					0
					0
					0
					0
					0
					0
					0
					0
					0
					0
					0
					0
					0
					0
					0
					0
					0
					0
					0
					0
					0
					0
					0
					0
					0
					0
					0
					0
					0
					0
					0
					0
					0
					0
					0
					0
					0
					0
					0
					0
					0
					0
					0
					0
					0
					0
					0
2016-09-06	35.0	35.0	35.0	35.0	2999
2016-09-06	35.0	35.0	35.0	35.0	
					0
					0
					0
					0
					0
					0
					0
					0
					0
					0
					0
					0
					0
2016-09-27	35.0	35.0	35.0	35.0	2999
2016-09-27	35.0	35.0	35.0	35.0	
					0
					0
					0
					0
					0
					0
					0
					0
					0
					0
					0
					0
					0
					0
					0
2016-10-19	34.0	34.0	34.0	34.0	
2016-10-19	34.0	34.0	34.0	34.0	999
					0
2016-10-21	33.0	33.0	33.0	33.0	999
2016-10-21	33.0	33.0	33.0	33.0	
					0
					0
					0
					0
2016-10-28	32.0	32.0	32.0	32.0	
2016-10-28	32.0	32.0	32.0	32.0	999
					0
					0
					0
					0
2016-11-04	32.4	32.4	32.4	32.4	1999
2016-11-07	32.4	32.4	32.4	32.4	1999
2016-11-07	32.4	32.4	32.4	32.4	
					0
2016-11-09	32.4	32.4	32.4	32.4	1999
2016-11-09	32.4	32.4	32.4	32.4	
					0
					0
					0
					0
					0
					0
2016-11-18	32.4	32.4	32.4	32.4	999
2016-11-21	31.4	31.4	31.4	31.4	
2016-11-21	31.4	31.4	31.4	31.4	999
					0
					0
2016-11-24	30.8	29.0	30.8	29.0	2999
2016-11-24	30.8	29.0	30.8	29.0	
					0
					0
					0
					0
					0
2016-12-02	30.0	30.0	30.0	30.0	2999
2016-12-05	29.0	29.0	29.0	29.0	999
2016-12-06	30.0	30.0	30.0	30.0	
2016-12-06	30.0	30.0	30.0	30.0	999
					0
					0
					0
					0
					0
					0
2016-12-16	30.8	30.8	30.8	30.8	1999
2016-12-16	30.8	30.8	30.8	30.8	
					0
					0
					0
					0
					0
					0
					0
					0
					0
2017-01-03	32.0	32.0	32.0	32.0	
2017-01-03	32.0	32.0	32.0	32.0	999
					0
2017-01-05	35.0	35.0	35.0	35.0	999
2017-01-06	43.0	43.0	43.0	43.0	999
2017-01-06	43.0	43.0	43.0	43.0	
					0
					0
					0
2017-01-12	53.5	53.5	53.5	53.5	2999
2017-01-13	63.0	63.0	66.5	66.5	41999
2017-01-16	65.5	65.0	65.5	65.0	5999
2017-01-17	65.0	65.0	80.0	69.5	17999
2017-01-18	86.5	79.5	86.5	79.5	
2017-01-18	86.5	79.5	86.5	79.5	26999
					0
2017-01-20	99.0	85.0	99.0	92.5	
2017-01-20	99.0	85.0	99.0	92.5	162999
					0
					0
2017-01-25	92.0	73.5	92.0	73.5	5999
2017-01-26	60.0	60.0	61.0	61.0	4999
2017-01-27	61.0	61.0	76.0	62.0	12999
2017-01-30	57.0	57.0	57.0	57.0	999
2017-01-31	62.0	62.0	62.0	62.0	1999
2017-01-31	62.0	62.0	62.0	62.0	
					0
2017-02-02	70.0	70.0	70.0	70.0	3999
2017-02-02	70.0	70.0	70.0	70.0	
					0
2017-02-06	65.0	65.0	65.0	65.0	2999
2017-02-07	60.0	60.0	66.5	66.5	6999
2017-02-07	60.0	60.0	66.5	66.5	
					0
2017-02-09	62.0	62.0	67.0	67.0	
2017-02-09	62.0	62.0	67.0	67.0	5999
					0
					0
					0
					0
					0
					0
					0
2017-02-22	62.0	62.0	62.0	62.0	999
2017-02-22	62.0	62.0	62.0	62.0	
					0
					0
					0
					0
					0
2017-03-02	68.0	68.0	68.0	68.0	
2017-03-02	68.0	68.0	68.0	68.0	999
					0
					0
2017-03-07	51.5	51.5	51.5	51.5	999
2017-03-08	51.5	39.2	55.0	55.0	20999
2017-03-09	60.0	60.0	60.0	60.0	
2017-03-09	60.0	60.0	60.0	60.0	1999
					0
2017-03-13	60.0	60.0	60.0	60.0	12999
2017-03-13	60.0	60.0	60.0	60.0	
					0
					0
					0
					0
					0
2017-03-21	60.0	60.0	60.0	60.0	
2017-03-21	60.0	60.0	60.0	60.0	18999
					0
					0
					0
					0
2017-03-29	75.0	74.0	75.0	74.0	3999
2017-03-29	75.0	74.0	75.0	74.0	
					0
					0
					0
2017-04-04	79.0	55.5	79.0	75.0	
2017-04-04	79.0	55.5	79.0	75.0	7999
					0
2017-04-06	70.0	70.0	70.0	70.0	
2017-04-06	70.0	70.0	70.0	70.0	999
					0
2017-04-10	70.0	70.0	74.5	74.5	
2017-04-10	70.0	70.0	74.5	74.5	2999
					0
					0
2017-04-13	80.0	78.0	80.0	78.0	
2017-04-13	80.0	78.0	80.0	78.0	1999
					0
					0
					0
2017-04-21	80.0	80.0	86.0	86.0	1999
2017-04-21	80.0	80.0	86.0	86.0	
					0
2017-04-26	86.0	86.0	95.0	95.0	13999
2017-04-27	95.0	95.0	95.0	95.0	2999
2017-04-28	105.0	105.0	105.0	105.0	999
2017-05-02	105.0	104.5	105.0	104.5	13999
2017-05-03	110.0	109.0	110.0	110.0	3999
2017-05-03	110.0	109.0	110.0	110.0	
					0
					0
					0
					0
					0
					0
					0
2017-05-16	110.0	110.0	110.0	110.0	
2017-05-16	110.0	110.0	110.0	110.0	1999
					0
					0
					0
					0
					0
					0
					0
					0
					0
					0
					0
					0
					0
					0
					0
					0
					0
					0
					0
2017-06-15	110.0	110.0	110.0	110.0	1999
2017-06-15	110.0	110.0	110.0	110.0	
					0
					0
					0
					0
					0
					0
					0
2017-07-05	110.0	110.0	110.0	110.0	7999
2017-07-05	110.0	110.0	110.0	110.0	
					0
					0
					0
					0
					0
					0
					0
					0
					0
2017-07-19	90.0	90.0	90.0	90.0	2999
2017-07-19	90.0	90.0	90.0	90.0	
					0
2017-07-21	90.0	90.0	90.0	90.0	999
2017-07-21	90.0	90.0	90.0	90.0	
					0
					0
					0
					0
					0
					0
					0
					0
					0
					0
					0
					0
					0
					0
					0
					0
					0
2017-08-16	105.0	105.0	105.0	105.0	1999
2017-08-16	105.0	105.0	105.0	105.0	
					0
2017-08-21	110.0	110.0	110.0	110.0	9999
2017-08-21	110.0	110.0	110.0	110.0	
					0
					0
					0
					0
					0
					0
					0
					0
					0
					0
					0
					0
					0
					0
					0
					0
					0
					0
					0
					0
					0
					0
					0
					0
					0
					0
					0
					0
					0
					0
					0
					0
					0
					0
					0
					0
					0
					0
					0
					0
					0
					0
					0
					0
					0
					0
					0
					0
					0
					0
					0
					0
					0
					0
					0
					0
					0
					0
					0
					0
					0
					0
					0
					0
					0
					0
					0
					0
					0
					0
					0
					0
					0
					0
					0
					0
					0
					0
					0
					0
					0
					0
					0
					0
					0
					0
					0
					0
					0
					0
					0
					0
					0
					0
					0
					0
					0
					0
					0
					0
					0
					0
					0
					0
					0
					0
					0
					0
					0
					0
					0
					0
					0
					0
					0
					0
					0
					0
					0
					0
					0
					0
					0
2018-02-20	115.0	115.0	115.0	115.0	2999
2018-02-20	115.0	115.0	115.0	115.0	
					0
					0
					0
					0
					0
					0
					0
					0
					0
					0
					0
					0
					0
					0
2018-03-13	115.0	115.0	115.0	115.0	4999
2018-03-13	115.0	115.0	115.0	115.0	
					0
					0
					0
					0
					0
					0
					0
					0
					0
					0
					0
					0
2018-04-02	115.0	115.0	115.0	115.0	
2018-04-02	115.0	115.0	115.0	115.0	1999
					0
					0
					0
					0
					0
					0
					0
					0
					0
					0
					0
					0
					0
					0
					0
					0
					0
					0
					0
					0
					0
					0
					0
					0
					0
					0
					0
					0
					0
					0
					0
					0
					0
					0
					0
					0
					0
2018-05-28	115.0	115.0	115.0	115.0	12999
2018-05-28	115.0	115.0	115.0	115.0	
					0
					0
2018-06-04	115.0	115.0	115.0	115.0	11999
2018-06-04	115.0	115.0	115.0	115.0	
					0
2018-06-06	120.0	120.0	120.0	120.0	
2018-06-06	120.0	120.0	120.0	120.0	1999
					0
2018-06-08	120.0	120.0	120.0	120.0	
2018-06-08	120.0	120.0	120.0	120.0	999
					0
					0
					0
					0
					0
					0
					0
					0
2018-06-29	90.0	90.0	90.0	90.0	999
2018-06-29	90.0	90.0	90.0	90.0	
					0
2018-07-03	100.0	100.0	105.0	105.0	2999
2018-07-04	105.0	105.0	105.0	105.0	999
2018-07-04	105.0	105.0	105.0	105.0	
					0
2018-07-06	115.0	115.0	120.0	120.0	1999
2018-07-06	115.0	115.0	120.0	120.0	
					0
					0
2018-07-11	120.0	120.0	120.0	120.0	4999
2018-07-12	119.5	119.5	119.5	119.5	9999
2018-07-12	119.5	119.5	119.5	119.5	
					0
					0
2018-07-17	119.5	119.5	119.5	119.5	
2018-07-17	119.5	119.5	119.5	119.5	11999
					0
2018-07-19	120.0	120.0	120.0	120.0	
2018-07-19	120.0	120.0	120.0	120.0	999
					0
2018-07-23	125.0	125.0	125.0	125.0	999
2018-07-23	125.0	125.0	125.0	125.0	
					0
2018-07-25	125.0	125.0	125.0	125.0	999
2018-07-26	125.5	125.5	125.5	125.5	72999
2018-07-27	126.5	126.5	126.5	126.5	2999
2018-07-30	126.5	126.5	126.5	126.5	
2018-07-30	126.5	126.5	126.5	126.5	2999
					0
2018-08-01	127.5	127.5	127.5	127.5	999
2018-08-02	130.0	130.0	135.0	135.0	1999
2018-08-03	135.0	135.0	135.0	135.0	12999
2018-08-06	135.0	135.0	135.0	135.0	
2018-08-06	135.0	135.0	135.0	135.0	999
					0
2018-08-08	135.0	135.0	135.0	135.0	1999
2018-08-08	135.0	135.0	135.0	135.0	
					0
2018-08-10	135.0	135.0	135.0	135.0	
2018-08-10	135.0	135.0	135.0	135.0	1999
					0
2018-08-14	134.0	134.0	135.0	135.0	3999
2018-08-14	134.0	134.0	135.0	135.0	
					0
					0
2018-08-20	135.0	135.0	135.0	135.0	999
2018-08-21	140.0	140.0	140.0	140.0	
2018-08-21	140.0	140.0	140.0	140.0	999
					0
					0
					0
					0
2018-08-29	145.0	143.0	145.0	143.0	
2018-08-29	145.0	143.0	145.0	143.0	1999
					0
					0
2018-09-03	147.5	145.0	147.5	145.0	
2018-09-03	147.5	145.0	147.5	145.0	1999
					0
					0
					0
2018-09-07	143.0	143.0	143.0	143.0	
2018-09-07	143.0	143.0	143.0	143.0	3999
					0
					0
					0
					0
					0
					0
					0
					0
					0
					0
					0
					0
					0
					0
					0
					0
					0
					0
					0
2018-10-08	143.0	143.0	143.0	143.0	
2018-10-08	143.0	143.0	143.0	143.0	999
					0
					0
					0
2018-10-12	143.5	143.5	143.5	143.5	999
2018-10-15	143.5	143.5	145.0	145.0	1999
2018-10-15	143.5	143.5	145.0	145.0	
					0
					0
2018-10-18	145.0	145.0	145.0	145.0	999
2018-10-18	145.0	145.0	145.0	145.0	
					0
2018-10-22	150.0	150.0	150.0	150.0	
2018-10-22	150.0	150.0	150.0	150.0	999
					0
					0
					0
					0
					0
					0
					0
					0
					0
					0
					0
					0
					0
					0
					0
					0
					0
					0
					0
					0
2018-11-21	150.0	150.0	150.0	150.0	999
2018-11-22	150.0	150.0	150.0	150.0	4999
2018-11-22	150.0	150.0	150.0	150.0	
					0
					0
					0
					0
					0
					0
					0
					0
					0
					0
					0
					0
					0
					0
					0
					0
					0
					0
					0
					0
					0
					0
					0
					0
					0
					0
					0
					0
					0
					0
					0
					0
					0
					0
					0
					0
					0
					0
					0
					0
					0
					0
2019-01-28	150.0	150.0	150.0	150.0	3999
2019-01-29	150.0	150.0	150.0	150.0	
2019-01-29	150.0	150.0	150.0	150.0	999
					0
					0
					0
					0
					0
					0
					0
					0
					0
					0
					0
					0
					0
					0
					0
					0
2019-02-22	150.0	150.0	150.0	150.0	
2019-02-22	150.0	150.0	150.0	150.0	999
					0
					0
					0
					0
					0
					0
					0
					0
					0
					0
					0
					0
					0
					0
					0
					0
					0
					0
					0
					0
					0
					0
					0
					0
					0
					0
					0
					0
					0
					0
					0
					0
2019-04-12	150.0	150.0	150.0	150.0	999
2019-04-12	150.0	150.0	150.0	150.0	
					0
					0
					0
					0
					0
					0
					0
					0
					0
					0
					0
					0
					0
					0
					0
					0
					0
					0
					0
					0
					0
					0
					0
					0
					0
					0
					0
					0
					0
					0
					0
					0
					0
					0
					0
					0
					0
					0
					0
					0
					0
					0
					0
					0
					0
					0
					0
					0
					0
					0
					0
					0
					0
					0
					0
					0
					0
					0
					0
					0
					0
					0
					0
					0
					0
					0
					0
					0
					0
					0
					0
					0
					0
					0
					0
					0
					0
					0
					0
					0
2019-08-16	151.0	151.0	151.0	151.0	999
2019-08-19	152.0	152.0	152.0	152.0	999
2019-08-20	155.0	155.0	155.0	155.0	
2019-08-20	155.0	155.0	155.0	155.0	1999
					0
					0
					0
2019-08-26	155.0	155.0	155.0	155.0	2999
2019-08-26	155.0	155.0	155.0	155.0	
					0
					0
					0
2019-08-30	156.0	156.0	156.0	156.0	999
2019-08-30	156.0	156.0	156.0	156.0	
					0
					0
2019-09-04	157.0	157.0	157.0	157.0	999
2019-09-04	157.0	157.0	157.0	157.0	
					0
					0
2019-09-09	159.0	159.0	159.0	159.0	999
2019-09-10	161.0	161.0	161.0	161.0	999
2019-09-11	157.0	157.0	157.0	157.0	2999
2019-09-12	161.0	161.0	161.0	161.0	
2019-09-12	161.0	161.0	161.0	161.0	999
					0
					0
					0
					0
					0
					0
					0
					0
					0
					0
					0
					0
					0
					0
					0
					0
					0
					0
					0
					0
					0
					0
					0
					0
					0
					0
					0
					0
					0
					0
					0
					0
					0
					0
					0
					0
					0
					0
					0
					0
					0
					0
					0
					0
					0
					0
					0
					0
					0
					0
					0
					0
2019-11-26	161.0	161.0	161.0	161.0	999
2019-11-26	161.0	161.0	161.0	161.0	
					0
					0
					0
					0
					0
					0
					0
					0
2019-12-09	155.0	155.0	155.0	155.0	
2019-12-09	155.0	155.0	155.0	155.0	2999
					0
					0
					0
					0
					0
					0
2019-12-18	158.0	158.0	158.0	158.0	
2019-12-18	158.0	158.0	158.0	158.0	999
					0
2019-12-20	161.0	161.0	161.0	161.0	999
2019-12-20	161.0	161.0	161.0	161.0	
					0
					0
					0
					0
					0
					0
					0
					0
					0
					0
					0
					0
					0
					0
					0
					0
					0
					0
					0
					0
					0
					0
					0
					0
					0
					0
					0
					0
					0
					0
					0
					0
					0
					0
					0
					0
					0
					0
					0
					0
					0
					0
2020-02-25	161.0	161.0	161.0	161.0	999
2020-02-25	161.0	161.0	161.0	161.0	
					0
					0
					0
					0
					0
					0
					0
					0
					0
					0
					0
					0
					0
					0
					0
					0
					0
					0
					0
					0
					0
					0
					0
					0
					0
					0
					0
					0
					0
					0
					0
					0
					0
					0
					0
					0
					0
					0
					0
					0
					0
					0
					0
					0
					0
					0
					0
					0
					0
					0
					0
					0
					0
					0
					0
					0
					0
					0
					0
					0
					0
					0
					0
					0
					0
					0
					0
					0
					0
					0
					0
					0
					0
					0
					0
					0
					0
					0
					0
					0
					0
					0
					0
					0
2020-07-03	161.0	161.0	161.0	161.0	
2020-07-03	161.0	161.0	161.0	161.0	10999
					0
					0
					0
					0
					0
					0
					0
					0
					0
					0
					0
					0
2020-07-22	161.0	161.0	161.0	161.0	999
2020-07-22	161.0	161.0	161.0	161.0	
					0
					0
					0
					0
					0
					0
					0
2020-08-04	161.0	161.0	161.0	161.0	
2020-08-04	161.0	161.0	161.0	161.0	10999
					0
					0
					0
					0
					0
					0
					0
2020-08-14	161.0	160.5	161.0	160.5	12999
2020-08-18	165.5	165.5	165.5	165.5	4999
2020-08-19	164.5	164.5	165.0	165.0	11999
2020-08-24	163.0	163.0	164.0	164.0	13999
2020-08-25	163.0	163.0	164.0	163.0	13999
2020-08-26	163.0	163.0	163.0	163.0	
2020-08-26	163.0	163.0	163.0	163.0	999
					0
					0
					0
					0
2020-09-02	161.0	153.0	163.0	153.0	12999
2020-09-03	149.0	149.0	153.0	153.0	4999
2020-09-04	148.0	142.5	148.0	142.5	77999
2020-09-07	133.5	133.0	133.5	133.0	4999
2020-09-08	133.0	130.0	133.0	130.0	1999
2020-09-09	122.0	121.0	122.0	121.0	5999
2020-09-10	113.5	113.5	113.5	113.5	22999
2020-09-11	113.5	106.5	113.5	106.5	9999
2020-09-14	106.5	106.5	117.0	116.0	22999
2020-09-15	116.0	116.0	116.0	116.0	35999
2020-09-16	120.0	120.0	120.0	120.0	999
2020-09-17	124.5	124.5	125.0	125.0	
2020-09-17	124.5	124.5	125.0	125.0	5999
					0
					0
2020-09-22	125.0	125.0	125.0	125.0	999
2020-09-22	125.0	125.0	125.0	125.0	
					0
2020-09-24	134.0	134.0	135.0	135.0	3999
2020-09-24	134.0	134.0	135.0	135.0	
					0
					0
					0
					0
2020-10-01	135.0	135.0	135.0	135.0	999
2020-10-02	132.5	132.5	132.5	132.5	
2020-10-02	132.5	132.5	132.5	132.5	999
					0
2020-10-06	132.5	132.5	132.5	132.5	34999
2020-10-07	135.5	135.5	137.5	135.5	3999
2020-10-08	140.0	140.0	140.0	140.0	999
2020-10-08	140.0	140.0	140.0	140.0	
					0
2020-10-12	137.0	137.0	137.0	137.0	3999
2020-10-12	137.0	137.0	137.0	137.0	
					0
					0
					0
					0
2020-10-19	137.0	137.0	137.0	137.0	999
2020-10-19	137.0	137.0	137.0	137.0	
					0
					0
					0
					0
					0
					0
					0
2020-11-03	147.0	137.0	147.0	137.0	12999
2020-11-03	147.0	137.0	147.0	137.0	
					0
2020-11-05	148.0	148.0	148.0	148.0	5999
2020-11-06	146.0	146.0	146.0	146.0	
2020-11-06	146.0	146.0	146.0	146.0	6999
					0
					0
2020-11-11	150.0	150.0	150.0	150.0	
2020-11-11	150.0	150.0	150.0	150.0	999
					0
					0
					0
					0
2020-11-18	150.0	150.0	150.0	150.0	6999
2020-11-19	139.5	139.5	139.5	139.5	999
2020-11-20	142.5	142.5	142.5	142.5	999
2020-11-23	171.0	171.0	171.0	171.0	999
2020-11-24	171.0	160.0	171.0	160.0	
2020-11-24	171.0	160.0	171.0	160.0	8999
					0
2020-11-26	149.0	149.0	149.0	149.0	999
2020-11-27	185.0	185.0	185.0	185.0	999
2020-11-30	172.5	172.5	172.5	172.5	10999
2020-12-01	172.5	160.5	172.5	160.5	13999
2020-12-02	184.0	184.0	184.0	184.0	1999
2020-12-03	184.0	184.0	184.0	184.0	999
2020-12-03	184.0	184.0	184.0	184.0	
					0
2020-12-07	180.0	171.5	180.0	171.5	98999
2020-12-08	176.5	170.0	190.0	179.0	35999
2020-12-10	170.0	166.5	175.0	175.0	137999
2020-12-11	171.0	163.0	171.0	163.5	19999
2020-12-14	168.0	163.0	168.0	167.5	17999
2020-12-15	167.5	166.5	167.5	166.5	14999
2020-12-16	165.0	165.0	165.0	165.0	39999
2020-12-17	155.0	155.0	168.5	168.5	114999
2020-12-18	167.5	158.5	167.5	158.5	1999
2020-12-21	165.0	164.0	198.0	198.0	47999
2020-12-22	198.0	190.0	198.0	191.0	10999
2020-12-23	178.0	178.0	178.0	178.0	52999
2020-12-28	172.0	167.0	172.0	167.0	15999
2020-12-29	167.0	155.5	167.0	156.5	4999
2020-12-30	156.5	156.5	156.5	156.5	10999
2021-01-04	152.0	146.0	152.0	151.5	2999
2021-01-05	157.0	142.0	189.0	162.0	56999
2021-01-06	162.0	162.0	162.0	162.0	10999
2021-01-07	160.5	160.5	160.5	160.5	1999
2021-01-08	160.5	160.5	162.0	162.0	12999
2021-01-11	157.0	152.0	157.0	152.0	
2021-01-11	157.0	152.0	157.0	152.0	2999
					0
2021-01-13	157.0	157.0	160.5	160.5	
2021-01-13	157.0	157.0	160.5	160.5	1999
					0
2021-01-15	160.5	152.5	179.5	179.5	69999
2021-01-18	179.5	178.5	210.0	178.5	89999
2021-01-19	173.5	173.5	174.0	174.0	2999
2021-01-20	173.0	173.0	174.0	174.0	9999
2021-01-20	173.0	173.0	174.0	174.0	
					0
2021-01-22	174.0	162.0	174.0	162.0	19999
2021-01-25	170.5	170.5	199.5	179.0	113999
2021-01-26	179.0	179.0	179.0	179.0	999
2021-01-27	174.0	166.5	174.0	166.5	34999
2021-01-28	164.5	156.5	164.5	156.5	7999
2021-01-29	151.0	147.0	164.0	164.0	52999
2021-02-01	163.5	163.5	163.5	163.5	3999
2021-02-02	163.0	163.0	163.0	163.0	16999
2021-02-03	162.0	157.0	162.0	157.0	14999
2021-02-04	157.0	156.5	158.0	158.0	53999
2021-02-05	158.0	158.0	169.5	168.5	68999
2021-02-08	168.5	168.5	169.0	169.0	4999
2021-02-09	170.0	170.0	174.5	174.5	35999
2021-02-10	174.5	165.0	174.5	165.0	9999
2021-02-11	165.0	153.5	165.0	161.0	38999
2021-02-15	161.5	156.0	161.5	156.0	3999
2021-02-16	151.5	151.5	160.5	160.5	8999
2021-02-17	165.5	150.5	165.5	151.5	2999
2021-02-18	151.5	151.5	184.5	180.0	203999
2021-02-19	180.0	180.0	180.0	180.0	32999
2021-02-22	180.0	180.0	180.0	180.0	20999
2021-02-23	174.5	167.5	174.5	167.5	9999
2021-02-24	167.5	167.5	168.0	167.5	4999
2021-02-25	167.5	167.5	167.5	167.5	1999
2021-02-26	167.5	167.5	170.0	170.0	10999
2021-03-01	159.0	159.0	161.5	160.0	17999
2021-03-02	170.0	155.5	199.5	155.5	25999
2021-03-03	156.0	156.0	158.0	158.0	
2021-03-03	156.0	156.0	158.0	158.0	1999
					0
2021-03-05	158.0	158.0	158.0	158.0	999
2021-03-08	158.0	158.0	159.0	159.0	2999
2021-03-09	159.0	159.0	198.5	198.5	150999
2021-03-10	198.5	185.0	199.5	185.5	108999
2021-03-12	181.0	174.0	185.0	175.0	94999
2021-03-15	175.0	165.5	175.0	171.5	13999
2021-03-16	171.5	168.0	171.5	170.0	7999
2021-03-17	175.0	175.0	175.0	175.0	999
2021-03-18	175.0	166.5	175.0	166.5	2999
2021-03-19	175.0	175.0	175.0	175.0	13999
2021-03-22	175.0	175.0	175.0	175.0	5999
2021-03-23	198.0	166.0	218.0	200.0	210999
2021-03-24	187.0	186.0	245.0	234.0	149999
2021-03-25	235.0	218.0	235.0	218.0	169999
2021-03-26	208.0	203.0	218.0	203.0	22999
2021-03-29	200.0	190.5	230.0	210.0	46999
2021-03-30	220.0	211.0	230.0	211.0	34999
2021-03-31	196.5	196.5	200.0	200.0	1999
2021-04-01	200.0	186.0	201.0	186.0	10999
2021-04-05	186.0	184.5	230.0	193.5	169999
2021-04-06	193.5	193.5	224.0	210.0	71999
2021-04-07	225.0	205.0	225.0	215.0	64999
2021-04-08	215.0	210.0	227.0	217.0	35999
2021-04-09	216.0	216.0	217.0	216.0	8999
2021-04-12	216.0	206.0	224.0	209.0	62999
2021-04-13	206.0	195.5	206.0	195.5	7999
2021-04-14	196.0	196.0	225.0	217.0	27999
2021-04-15	217.0	203.0	217.0	214.0	34999
2021-04-16	224.0	210.0	226.0	213.0	12999
2021-04-19	213.0	203.0	213.0	213.0	15999
2021-04-20	203.0	200.0	213.0	200.0	
2021-04-20	203.0	200.0	213.0	200.0	3999
					0
2021-04-22	210.0	200.0	210.0	200.0	1999
2021-04-23	200.0	189.0	239.0	197.0	174999
2021-04-26	197.0	197.0	225.0	200.0	54999
2021-04-27	200.0	190.0	223.0	190.0	60999
2021-04-28	210.0	203.0	213.0	203.0	20999
2021-04-28	210.0	203.0	213.0	203.0	
					0
2021-04-30	204.0	204.0	206.0	206.0	19999
2021-05-03	208.0	208.0	210.0	210.0	20999
2021-05-04	233.0	213.0	238.0	231.0	121999
2021-05-05	231.0	215.0	261.0	225.0	141999
2021-05-06	230.0	225.0	240.0	230.0	48999
2021-05-07	240.0	230.0	270.0	260.0	41999
2021-05-10	270.0	245.0	270.0	251.0	49999
2021-05-11	251.0	235.0	251.0	235.0	8999
2021-05-17	245.0	235.0	245.0	235.0	33999
2021-05-17	245.0	235.0	245.0	235.0	
					0
2021-05-19	225.0	220.0	249.0	247.0	60999
2021-05-20	248.0	247.0	248.0	247.0	5999
2021-05-21	250.0	247.0	258.0	247.0	102999
2021-05-24	247.0	231.0	247.0	231.0	43999
2021-05-25	230.0	216.0	240.0	230.0	53999
2021-05-27	230.0	220.0	235.0	223.0	15999
2021-05-28	225.0	225.0	230.0	230.0	4999
2021-05-31	235.0	235.0	240.0	235.0	14999
2021-06-02	225.0	219.0	260.0	235.0	58999
2021-06-03	220.0	220.0	220.0	220.0	23999
2021-06-04	220.0	220.0	235.0	220.0	42999
2021-06-07	220.0	220.0	220.0	220.0	999
2021-06-08	209.0	205.0	209.0	205.0	13999
2021-06-08	209.0	205.0	209.0	205.0	
					0
2021-06-10	224.0	207.0	224.0	222.0	36999
2021-06-11	212.0	207.0	212.0	207.0	1999
2021-06-14	210.0	210.0	215.0	215.0	5999
2021-06-15	220.0	220.0	240.0	220.0	78999
2021-06-16	220.0	209.0	220.0	209.0	3999
2021-06-17	225.0	225.0	225.0	225.0	13999
2021-06-18	225.0	225.0	225.0	225.0	2999
2021-06-21	215.0	215.0	280.0	230.0	27999
2021-06-22	215.0	215.0	230.0	230.0	2999
2021-06-23	235.0	235.0	235.0	235.0	999
2021-06-24	235.0	230.0	280.0	240.0	12999
2021-06-25	235.0	235.0	235.0	235.0	3999
2021-06-28	235.0	225.0	240.0	235.0	4999
2021-06-29	225.0	220.0	225.0	220.0	11999
2021-06-30	220.0	215.0	220.0	216.0	16999
2021-07-01	221.0	221.0	221.0	221.0	1999
2021-07-02	221.0	221.0	222.0	222.0	2999
2021-07-02	221.0	221.0	222.0	222.0	
					0
2021-07-06	215.0	215.0	222.0	222.0	2999
2021-07-07	215.0	215.0	215.0	215.0	999
2021-07-08	222.0	222.0	222.0	222.0	13999
2021-07-09	222.0	222.0	222.0	222.0	3999
2021-07-12	215.0	210.0	215.0	210.0	299999
2021-07-13	210.0	207.0	228.0	207.0	79999
2021-07-14	200.0	200.0	202.0	201.0	3999
2021-07-15	204.0	204.0	214.0	214.0	36999
2021-07-16	214.0	204.0	214.0	214.0	26999
2021-07-19	214.0	201.0	235.0	214.0	228999
2021-07-21	207.0	207.0	207.0	207.0	7999
2021-07-22	207.0	207.0	207.0	207.0	1999
2021-07-22	207.0	207.0	207.0	207.0	
					0
2021-07-26	207.0	205.0	235.0	220.0	44999
2021-07-27	207.0	207.0	250.0	238.0	243999
2021-07-28	235.0	222.0	235.0	222.0	39999
2021-07-29	208.0	208.0	212.0	212.0	18999
2021-07-30	206.0	206.0	213.0	213.0	9999
2021-08-02	208.0	208.0	215.0	215.0	60999
2021-08-03	225.0	225.0	250.0	240.0	124999
2021-08-04	238.0	238.0	238.0	238.0	4999
2021-08-05	238.0	235.0	238.0	237.0	76999
2021-08-06	237.0	237.0	237.0	237.0	5999
2021-08-09	237.0	226.0	237.0	226.0	30999
2021-08-10	246.0	226.0	246.0	229.0	13999
2021-08-12	227.0	227.0	227.0	227.0	1999
2021-08-13	226.0	226.0	235.0	228.0	19999
2021-08-16	235.0	226.0	235.0	226.0	3999
2021-08-18	226.0	226.0	228.0	226.0	50999
2021-08-19	239.0	236.0	239.0	236.0	51999
2021-08-20	221.0	221.0	221.0	221.0	1999
2021-08-20	221.0	221.0	221.0	221.0	
					0
					0
2021-08-25	215.0	215.0	215.0	215.0	
2021-08-25	215.0	215.0	215.0	215.0	34999
					0
2021-08-27	201.0	201.0	201.0	201.0	999
2021-08-30	206.0	206.0	206.0	206.0	1999
2021-08-31	235.0	235.0	235.0	235.0	40999
2021-09-01	235.0	224.0	236.0	224.0	22999
2021-09-01	235.0	224.0	236.0	224.0	
					0
					0
2021-09-06	214.0	213.0	216.0	213.0	25999
2021-09-07	213.0	213.0	213.0	213.0	2999
2021-09-08	215.0	215.0	215.0	215.0	
2021-09-08	215.0	215.0	215.0	215.0	3999
					0
2021-09-10	208.0	208.0	220.0	220.0	64999
2021-09-13	220.0	220.0	245.0	230.0	31999
2021-09-14	222.0	215.0	230.0	218.0	34999
2021-09-15	250.0	220.0	250.0	235.0	19999
2021-09-16	230.0	230.0	230.0	230.0	3999
2021-09-17	230.0	230.0	240.0	240.0	3999
2021-09-20	230.0	225.0	232.0	225.0	113999
2021-09-21	216.0	216.0	225.0	225.0	
2021-09-21	216.0	216.0	225.0	225.0	11999
					0
2021-09-23	225.0	219.0	242.0	240.0	82999
2021-09-24	240.0	234.0	300.0	240.0	108999
2021-09-27	227.0	227.0	252.0	252.0	29999
2021-09-28	252.0	235.0	253.0	253.0	123999
2021-09-29	253.0	242.0	294.0	252.0	336999
2021-09-30	282.0	252.0	282.0	254.0	215999
2021-10-01	258.0	258.0	258.0	258.0	8999
2021-10-04	258.0	241.0	258.0	241.0	11999
2021-10-05	245.0	226.0	245.0	226.0	12999
2021-10-06	227.0	227.0	227.0	227.0	999
2021-10-07	221.0	221.0	229.0	229.0	3999
2021-10-08	221.0	221.0	222.0	222.0	1999
2021-10-11	216.0	216.0	225.0	225.0	10999
2021-10-12	225.0	225.0	250.0	227.0	248999
2021-10-13	220.0	217.0	282.0	227.0	43999
2021-10-14	220.0	213.0	240.0	235.0	95999
2021-10-15	222.0	219.0	242.0	238.0	96999
2021-10-18	274.0	224.0	274.0	240.0	33999
2021-10-19	248.0	224.0	248.0	224.0	130999
2021-10-21	224.0	210.0	235.0	235.0	77999
2021-10-22	226.0	226.0	234.0	234.0	9999
2021-10-25	226.0	226.0	226.0	226.0	999
2021-10-26	224.0	224.0	244.0	231.0	47999
2021-10-27	232.0	231.0	253.0	234.0	83999
2021-10-28	236.0	236.0	236.0	236.0	9999
2021-10-29	236.0	221.0	245.0	235.0	29999
2021-11-01	235.0	235.0	240.0	240.0	9999
2021-11-01	235.0	235.0	240.0	240.0	
					0
2021-11-03	237.0	237.0	239.0	238.0	8999
2021-11-04	238.0	235.0	238.0	235.0	4999
2021-11-05	238.0	222.0	245.0	222.0	81999
2021-11-08	255.0	230.0	255.0	235.0	93999
2021-11-09	235.0	235.0	255.0	235.0	88999
2021-11-10	255.0	230.0	255.0	230.0	49999
2021-11-11	230.0	224.0	244.0	240.0	64999
2021-11-12	240.0	240.0	240.0	240.0	4999
2021-11-15	240.0	240.0	240.0	240.0	999
2021-11-15	240.0	240.0	240.0	240.0	
					0
2021-11-17	230.0	230.0	230.0	230.0	6999
2021-11-17	230.0	230.0	230.0	230.0	
					0
2021-11-19	240.0	231.0	240.0	231.0	7999
2021-11-22	232.0	222.0	243.0	242.0	
2021-11-22	232.0	222.0	243.0	242.0	24999
					0
2021-11-24	243.0	243.0	243.0	243.0	2999
2021-11-25	226.0	226.0	229.0	229.0	2999
2021-11-26	223.0	220.0	243.0	220.0	79999
2021-11-29	245.0	225.0	245.0	235.0	24999
2021-11-30	235.0	235.0	242.0	242.0	1999
2021-12-01	242.0	242.0	242.0	242.0	999
2021-12-01	242.0	242.0	242.0	242.0	
					0
2021-12-03	242.0	227.0	242.0	227.0	35999
2021-12-06	218.0	218.0	218.0	218.0	999
2021-12-07	235.0	221.0	235.0	221.0	3999
2021-12-08	225.0	225.0	225.0	225.0	
2021-12-08	225.0	225.0	225.0	225.0	999
					0
2021-12-10	216.0	216.0	229.0	229.0	5999
2021-12-10	216.0	216.0	229.0	229.0	
					0
2021-12-14	229.0	229.0	229.0	229.0	
2021-12-14	229.0	229.0	229.0	229.0	999
					0
2021-12-16	222.0	221.0	234.0	222.0	72999
2021-12-17	225.0	212.0	225.0	212.0	4999
2021-12-20	204.0	204.0	235.0	233.0	141999
2021-12-21	233.0	233.0	256.0	250.0	30999
2021-12-21	233.0	233.0	256.0	250.0	
					0
2021-12-23	233.0	233.0	240.0	240.0	2999
2021-12-23	233.0	233.0	240.0	240.0	
					0
					0
2021-12-28	239.0	239.0	245.0	245.0	2999
2021-12-29	231.0	231.0	245.0	242.0	
2021-12-29	231.0	231.0	245.0	242.0	92999
					0
					0
					0
					0
2022-01-06	242.0	242.0	249.0	247.0	2999
2022-01-07	247.0	232.0	247.0	232.0	
2022-01-07	247.0	232.0	247.0	232.0	15999
					0
2022-01-11	250.0	223.0	250.0	223.0	1999
2022-01-12	221.0	221.0	246.0	226.0	153999
2022-01-13	247.0	227.0	247.0	227.0	81999
2022-01-14	228.0	228.0	228.0	228.0	
2022-01-14	228.0	228.0	228.0	228.0	5999
					0
2022-01-18	220.0	220.0	246.0	220.0	38999
2022-01-19	237.0	237.0	237.0	237.0	1999
2022-01-20	240.0	240.0	250.0	250.0	3999
2022-01-21	250.0	250.0	250.0	250.0	999
2022-01-24	240.0	240.0	250.0	240.0	9999
2022-01-25	275.0	245.0	275.0	245.0	78999
2022-01-26	255.0	255.0	275.0	255.0	79999
2022-01-27	255.0	247.0	267.0	267.0	50999
2022-01-28	270.0	249.0	270.0	250.0	55999
2022-01-31	237.0	237.0	269.0	241.0	37999
2022-02-02	243.0	242.0	243.0	242.0	
2022-02-02	243.0	242.0	243.0	242.0	3999
					0
					0
					0
2022-02-08	243.0	243.0	243.0	243.0	999
2022-02-09	243.0	243.0	243.0	243.0	3999
2022-02-09	243.0	243.0	243.0	243.0	
					0
2022-02-11	228.0	228.0	228.0	228.0	999
2022-02-14	236.0	236.0	239.0	239.0	17999
2022-02-15	231.0	231.0	239.0	239.0	11999
2022-02-16	239.0	239.0	297.0	255.0	43999
2022-02-17	300.0	255.0	300.0	255.0	14999
2022-02-18	239.0	238.0	244.0	244.0	10999
2022-02-21	244.0	242.0	244.0	242.0	9999
2022-02-22	245.0	228.0	245.0	238.0	7999
2022-02-23	238.0	238.0	270.0	269.0	16999
2022-02-24	268.0	265.0	268.0	265.0	13999
2022-02-25	264.0	248.0	270.0	250.0	24999
2022-03-01	250.0	235.0	312.0	312.0	24999
2022-03-02	312.0	291.0	312.0	291.0	42999
2022-03-04	271.0	271.0	281.0	272.0	12999
2022-03-07	272.0	253.0	272.0	253.0	129999
2022-03-08	253.0	237.0	253.0	237.0	57999
2022-03-09	237.0	225.0	243.0	243.0	26999
2022-03-10	227.0	227.0	245.0	235.0	195999
2022-03-11	240.0	220.0	244.0	221.0	89999
2022-03-14	221.0	221.0	250.0	242.0	33999
2022-03-15	242.0	227.0	242.0	227.0	14999
2022-03-16	234.0	229.0	234.0	229.0	2999
2022-03-17	236.0	215.0	240.0	215.0	47999
2022-03-18	216.0	216.0	228.0	228.0	9999
2022-03-21	215.0	215.0	235.0	233.0	144999
2022-03-22	233.0	231.0	233.0	231.0	3999
2022-03-23	230.0	228.0	230.0	228.0	9999
2022-03-24	234.0	216.0	234.0	229.0	106999
2022-03-25	227.0	227.0	233.0	233.0	69999
2022-03-28	217.0	217.0	232.0	220.0	58999
2022-03-29	229.0	216.0	229.0	216.0	59999
2022-03-30	216.0	210.0	218.0	215.0	90999
2022-03-31	215.0	205.0	216.0	205.0	267999
2022-04-01	206.0	206.0	229.0	211.0	378999
2022-04-04	217.0	214.0	217.0	216.0	158999
2022-04-05	215.0	214.0	217.0	214.0	89999
2022-04-06	215.0	214.0	216.0	216.0	31999
2022-04-07	215.0	215.0	215.0	215.0	1999
2022-04-08	214.0	213.0	214.0	213.0	21999
2022-04-11	213.0	211.0	213.0	212.0	38999
2022-04-12	207.0	205.0	213.0	207.0	163999
2022-04-13	206.0	204.0	209.0	209.0	30999
2022-04-14	209.0	209.0	210.0	210.0	5999
2022-04-18	210.0	205.0	213.0	212.0	24999
2022-04-19	211.0	204.0	211.0	204.0	26999
2022-04-20	210.0	210.0	210.0	210.0	1999
2022-04-21	210.0	196.5	214.0	200.0	46999
2022-04-22	200.0	200.0	206.0	206.0	14999
2022-04-25	208.0	208.0	208.0	208.0	9999
2022-04-26	210.0	208.0	228.0	210.0	46999
2022-04-27	210.0	206.0	227.0	214.0	44999
2022-04-28	213.0	211.0	214.0	211.0	21999
2022-05-09	211.0	197.0	211.0	197.0	7999
2022-05-10	201.0	186.5	225.0	216.0	244999
2022-05-11	225.0	208.0	269.0	215.0	75999
2022-05-12	215.0	200.0	215.0	200.0	26999
2022-05-13	200.0	186.5	203.0	196.0	15999
2022-05-17	196.0	195.0	218.0	203.0	87999
2022-05-18	203.0	203.0	220.0	220.0	18999
2022-05-19	219.0	208.0	220.0	211.0	8999
2022-05-20	209.0	209.0	209.0	209.0	1999
2022-05-23	210.0	206.0	211.0	209.0	5999
2022-05-24	209.0	203.0	209.0	207.0	2999
2022-05-25	197.0	193.0	219.0	193.0	39999
2022-05-27	200.0	199.0	203.0	202.0	525999
2022-05-30	204.0	190.0	215.0	213.0	90999
2022-05-31	203.0	201.0	209.0	201.0	70999
2022-06-02	202.0	202.0	209.0	209.0	36999
2022-06-03	209.0	209.0	216.0	212.0	21999
2022-06-06	212.0	205.0	222.0	215.0	122999
2022-06-07	215.0	208.0	220.0	208.0	33999
2022-06-08	218.0	193.5	218.0	198.5	
2022-06-08	218.0	193.5	218.0	198.5	89999
					0
2022-06-10	199.0	198.5	199.0	198.5	7999
2022-06-13	198.5	187.0	198.5	197.5	66999
2022-06-14	198.0	198.0	198.0	198.0	999
2022-06-14	198.0	198.0	198.0	198.0	
					0
2022-06-16	197.0	197.0	197.0	197.0	999
2022-06-17	197.0	195.5	197.0	195.5	4999
2022-06-20	195.5	195.5	195.5	195.5	999
2022-06-21	183.0	183.0	203.0	203.0	9999
2022-06-22	199.0	199.0	199.0	199.0	999
2022-06-23	199.0	191.0	199.0	191.0	3999
2022-06-23	199.0	191.0	199.0	191.0	
					0
2022-06-27	199.0	199.0	200.0	200.0	94999
2022-06-28	200.0	200.0	202.0	200.0	25999
2022-06-29	200.0	195.0	203.0	197.5	29999
2022-06-30	198.0	198.0	203.0	199.0	10999
2022-07-01	199.0	199.0	199.0	199.0	999
2022-07-04	194.0	185.5	199.0	189.5	47999
2022-07-05	198.0	187.0	201.0	201.0	27999
2022-07-06	198.5	198.5	198.5	198.5	999
2022-07-07	197.5	197.5	198.5	197.5	2999
2022-07-08	197.5	197.5	197.5	197.5	2999
2022-07-08	197.5	197.5	197.5	197.5	
					0
2022-07-12	197.5	196.0	201.0	201.0	24999
2022-07-12	197.5	196.0	201.0	201.0	
					0
2022-07-14	191.0	190.0	191.0	190.0	6999
2022-07-15	193.0	193.0	198.0	198.0	27999
2022-07-18	194.0	194.0	199.0	199.0	25999
2022-07-19	199.0	195.5	199.0	195.5	3999
2022-07-20	199.5	199.5	199.5	199.5	999
2022-07-21	195.0	195.0	201.0	201.0	31999
2022-07-21	195.0	195.0	201.0	201.0	
					0
					0
					0
					0
2022-07-28	201.0	200.0	205.0	205.0	32999
2022-07-29	205.0	205.0	205.0	205.0	4999
2022-08-01	200.0	200.0	207.0	207.0	1999
2022-08-02	198.0	198.0	198.0	198.0	2999
2022-08-03	203.0	200.0	203.0	200.0	1999
2022-08-03	203.0	200.0	203.0	200.0	
					0
2022-08-05	197.0	197.0	201.0	201.0	
2022-08-05	197.0	197.0	201.0	201.0	16999
					0
2022-08-09	201.0	201.0	201.0	201.0	999
2022-08-10	194.5	194.5	196.0	196.0	
2022-08-10	194.5	194.5	196.0	196.0	1999
					0
					0
					0
2022-08-16	199.5	199.5	199.5	199.5	999
2022-08-18	199.5	199.5	204.0	204.0	
2022-08-18	199.5	199.5	204.0	204.0	1999
					0
2022-08-22	204.0	198.5	217.0	213.0	23999
2022-08-23	213.0	212.0	213.0	212.0	1999
2022-08-24	210.0	203.0	210.0	203.0	7999
2022-08-25	203.0	202.0	203.0	202.0	5999
2022-08-26	208.0	208.0	208.0	208.0	999
2022-08-29	207.0	207.0	207.0	207.0	999
2022-08-30	206.0	206.0	206.0	206.0	
2022-08-30	206.0	206.0	206.0	206.0	1999
					0
2022-09-01	203.0	194.0	206.0	199.0	8999
2022-09-02	199.0	199.0	204.0	199.0	50999
2022-09-05	200.0	200.0	205.0	205.0	1999
2022-09-06	204.0	204.0	204.0	204.0	999
2022-09-07	202.0	202.0	202.0	202.0	3999
2022-09-08	201.0	201.0	206.0	206.0	3999
2022-09-09	206.0	206.0	206.0	206.0	4999
2022-09-12	206.0	206.0	210.0	208.0	6999
2022-09-13	208.0	208.0	211.0	211.0	5999
2022-09-14	211.0	211.0	211.0	211.0	
2022-09-14	211.0	211.0	211.0	211.0	1999
					0
					0
2022-09-19	211.0	211.0	211.0	211.0	999
2022-09-19	211.0	211.0	211.0	211.0	
					0
					0
					0
					0
2022-09-26	211.0	203.0	211.0	210.0	6999
2022-09-27	199.0	199.0	200.0	199.5	2999
2022-09-28	199.5	199.5	203.0	203.0	
2022-09-28	199.5	199.5	203.0	203.0	1999
					0
					0
2022-10-03	208.0	208.0	208.0	208.0	
2022-10-03	208.0	208.0	208.0	208.0	999
					0
2022-10-05	207.0	207.0	210.0	209.0	23999
2022-10-06	213.0	213.0	213.0	213.0	
2022-10-06	213.0	213.0	213.0	213.0	999
					0
2022-10-10	213.0	210.0	213.0	210.0	
2022-10-10	213.0	210.0	213.0	210.0	1999
					0
					0
					0
					0
2022-10-17	200.0	200.0	200.0	200.0	1999
2022-10-18	199.5	199.5	199.5	199.5	1999
2022-10-19	199.0	197.5	199.0	197.5	1999
2022-10-20	197.5	197.5	197.5	197.5	5999
2022-10-20	197.5	197.5	197.5	197.5	
					0
					0
2022-10-25	201.0	201.0	201.0	201.0	999
2022-10-26	209.0	207.0	209.0	207.0	1999
2022-10-27	209.0	209.0	209.0	209.0	16999
2022-10-27	209.0	209.0	209.0	209.0	
					0
2022-10-31	209.0	209.0	209.0	209.0	999
2022-11-01	209.0	209.0	209.0	209.0	18999
2022-11-02	205.0	205.0	205.0	205.0	4999
2022-11-03	210.0	205.0	210.0	205.0	10999
2022-11-04	204.0	191.0	205.0	195.5	23999
2022-11-07	194.0	193.0	194.0	193.0	4999
2022-11-08	193.0	193.0	193.0	193.0	999
2022-11-08	193.0	193.0	193.0	193.0	
					0
2022-11-10	193.0	193.0	193.0	193.0	11999
2022-11-11	193.0	193.0	193.0	193.0	1999
2022-11-14	193.0	193.0	193.0	193.0	999
2022-11-15	190.0	188.0	190.5	190.5	19999
2022-11-16	190.5	190.5	191.0	191.0	11999
2022-11-17	195.0	195.0	197.5	195.0	13999
2022-11-18	198.0	198.0	198.0	198.0	999
2022-11-21	198.0	198.0	200.0	198.0	31999
2022-11-22	197.0	195.0	197.0	195.0	5999
2022-11-23	195.0	195.0	195.0	195.0	
2022-11-23	195.0	195.0	195.0	195.0	2999
					0
					0
2022-11-28	195.0	195.0	195.0	195.0	999
2022-11-28	195.0	195.0	195.0	195.0	
					0
2022-11-30	195.5	188.0	195.5	193.0	99999
2022-12-01	198.0	198.0	198.5	198.0	2999
2022-12-02	198.0	198.0	198.0	198.0	1999
2022-12-05	194.5	193.0	194.5	193.0	5999
2022-12-05	194.5	193.0	194.5	193.0	
					0
2022-12-07	203.0	203.0	203.0	203.0	1999
2022-12-08	191.5	191.5	191.5	191.5	999
2022-12-09	191.5	191.5	191.5	191.5	999
2022-12-12	181.5	181.0	196.5	191.5	7999
2022-12-13	194.0	194.0	198.5	198.5	2999
2022-12-14	198.0	193.0	198.0	193.0	1999
2022-12-14	198.0	193.0	198.0	193.0	
					0
2022-12-16	194.0	194.0	197.5	197.5	2999
2022-12-19	194.0	194.0	194.0	194.0	999
2022-12-20	194.5	194.5	195.0	195.0	20999
2022-12-20	194.5	194.5	195.0	195.0	
					0
					0
					0
2022-12-26	195.0	195.0	195.0	195.0	999
2022-12-27	195.0	195.0	195.0	195.0	
2022-12-27	195.0	195.0	195.0	195.0	4999
					0
					0
2022-12-30	195.0	195.0	195.0	195.0	999
