Date	Price Open	Price Low	Price High	Price Close	Volume
1999-12-28	129.375	129.375	129.375	129.375	
					0
2000-01-05	129.375	129.375	129.375	129.375	
2000-01-05	129.375	129.375	129.375	129.375	243478
					0
					0
					0
					0
					0
2000-01-17	129.375	129.375	129.375	129.375	69565
2000-01-17	129.375	129.375	129.375	129.375	
					0
					0
					0
					0
					0
					0
					0
					0
					0
					0
					0
					0
					0
					0
					0
					0
					0
					0
					0
					0
					0
					0
					0
					0
					0
					0
					0
					0
					0
					0
					0
					0
					0
					0
					0
					0
					0
					0
2000-03-13	129.375	129.375	129.375	129.375	104347
2000-03-13	129.375	129.375	129.375	129.375	
					0
					0
					0
					0
					0
					0
2000-03-23	122.1875	122.1875	122.1875	122.1875	208695
2000-03-23	122.1875	122.1875	122.1875	122.1875	
					0
					0
					0
					0
					0
					0
					0
					0
					0
					0
					0
					0
					0
					0
					0
					0
					0
					0
					0
					0
					0
					0
					0
					0
					0
					0
					0
					0
					0
					0
					0
					0
					0
					0
					0
					0
					0
					0
					0
					0
					0
					0
					0
					0
					0
					0
					0
					0
					0
					0
					0
					0
					0
					0
					0
					0
					0
					0
					0
					0
					0
					0
					0
					0
2000-07-03	122.1875	122.1875	122.1875	122.1875	104347
2000-07-04	122.1875	122.1875	122.1875	122.1875	
2000-07-04	122.1875	122.1875	122.1875	122.1875	69565
					0
2000-07-06	122.1875	122.1875	122.1875	122.1875	
2000-07-06	122.1875	122.1875	122.1875	122.1875	285217
					0
					0
					0
					0
					0
					0
					0
					0
					0
					0
					0
					0
					0
					0
					0
					0
					0
					0
					0
					0
					0
					0
					0
					0
					0
					0
					0
					0
2000-08-16	122.1875	122.1875	122.1875	122.1875	104347
2000-08-16	122.1875	122.1875	122.1875	122.1875	
					0
					0
2000-08-22	122.1875	122.1875	122.1875	122.1875	34782
2000-08-22	122.1875	122.1875	122.1875	122.1875	
					0
					0
					0
					0
					0
					0
					0
					0
					0
					0
					0
					0
					0
					0
					0
					0
					0
					0
					0
2000-09-19	129.375	129.375	129.375	129.375	
2000-09-19	129.375	129.375	129.375	129.375	27826
					0
					0
					0
					0
					0
2000-09-27	122.1875	122.1875	122.1875	122.1875	83478
2000-09-27	122.1875	122.1875	122.1875	122.1875	
					0
2000-09-29	122.1875	122.1875	122.1875	122.1875	6956
2000-09-29	122.1875	122.1875	122.1875	122.1875	
					0
					0
					0
2000-10-05	129.375	129.375	143.75	143.75	
2000-10-05	129.375	129.375	143.75	143.75	83478
					0
					0
					0
2000-10-11	122.1875	122.1875	122.1875	122.1875	13913
2000-10-12	122.1875	122.1875	122.1875	122.1875	403478
2000-10-13	122.1875	122.1875	122.1875	122.1875	
2000-10-13	122.1875	122.1875	122.1875	122.1875	222608
					0
					0
					0
					0
					0
					0
					0
					0
					0
					0
					0
					0
2000-11-02	143.75	143.75	143.75	143.75	
2000-11-02	143.75	143.75	143.75	143.75	69565
					0
					0
					0
					0
					0
2000-11-10	170.0	170.0	170.0	170.0	4999
2000-11-10	170.0	170.0	170.0	170.0	
					0
2000-11-14	170.0	170.0	170.0	170.0	4999
2000-11-15	170.0	170.0	170.0	170.0	54999
2000-11-15	170.0	170.0	170.0	170.0	
					0
					0
					0
					0
					0
2000-11-23	170.0	170.0	170.0	170.0	149999
2000-11-23	170.0	170.0	170.0	170.0	
					0
					0
					0
					0
					0
					0
					0
					0
					0
					0
					0
					0
					0
					0
					0
					0
					0
					0
					0
					0
					0
					0
					0
					0
					0
					0
					0
					0
					0
					0
2001-01-15	165.0	165.0	170.0	170.0	
2001-01-15	165.0	165.0	170.0	170.0	9999
					0
					0
					0
					0
					0
					0
					0
					0
					0
					0
					0
					0
					0
					0
					0
					0
					0
					0
					0
					0
					0
					0
					0
					0
					0
					0
					0
					0
					0
					0
					0
					0
					0
					0
					0
					0
					0
					0
					0
					0
					0
					0
					0
					0
					0
					0
					0
					0
					0
					0
					0
					0
					0
					0
					0
					0
					0
					0
					0
					0
					0
					0
					0
					0
					0
					0
					0
					0
					0
					0
					0
					0
					0
					0
					0
					0
					0
					0
					0
					0
					0
					0
					0
					0
					0
2001-05-21	170.0	170.0	170.0	170.0	24999
2001-05-21	170.0	170.0	170.0	170.0	
					0
					0
					0
					0
					0
					0
					0
					0
					0
					0
					0
					0
					0
					0
					0
2001-06-14	145.0	145.0	145.0	145.0	4999
2001-06-15	170.0	170.0	170.0	170.0	
2001-06-15	170.0	170.0	170.0	170.0	4999
					0
					0
					0
					0
					0
					0
					0
					0
					0
					0
					0
					0
					0
					0
					0
					0
					0
					0
					0
					0
					0
					0
					0
2001-07-19	170.0	170.0	170.0	170.0	14999
2001-07-19	170.0	170.0	170.0	170.0	
					0
					0
					0
					0
					0
					0
					0
					0
					0
					0
					0
					0
					0
					0
					0
					0
					0
					0
					0
2001-08-16	130.0	130.0	130.0	130.0	14999
2001-08-16	130.0	130.0	130.0	130.0	
					0
2001-08-21	140.0	140.0	140.0	140.0	
2001-08-21	140.0	140.0	140.0	140.0	9999
					0
					0
2001-08-24	150.0	150.0	150.0	150.0	
2001-08-24	150.0	150.0	150.0	150.0	19999
					0
2001-08-28	160.0	160.0	160.0	160.0	14999
2001-08-29	170.0	170.0	170.0	170.0	14999
2001-08-30	170.0	170.0	170.0	170.0	
2001-08-30	170.0	170.0	170.0	170.0	34999
					0
					0
					0
					0
					0
					0
					0
					0
					0
					0
					0
					0
					0
					0
					0
					0
					0
					0
					0
					0
					0
					0
					0
					0
					0
					0
					0
					0
					0
					0
					0
					0
					0
					0
					0
					0
					0
					0
					0
					0
					0
					0
					0
					0
					0
					0
					0
					0
					0
					0
					0
					0
					0
					0
2001-11-16	180.0	180.0	180.0	180.0	
2001-11-16	180.0	180.0	180.0	180.0	24999
					0
					0
					0
					0
					0
					0
					0
					0
					0
					0
					0
					0
					0
					0
					0
					0
					0
					0
					0
					0
					0
					0
					0
					0
					0
					0
					0
2002-01-04	200.0	200.0	200.0	200.0	
2002-01-04	200.0	200.0	200.0	200.0	34999
					0
					0
					0
					0
					0
					0
					0
					0
					0
					0
					0
					0
					0
					0
					0
					0
					0
					0
					0
					0
					0
					0
					0
					0
					0
					0
					0
					0
					0
					0
					0
					0
					0
					0
					0
					0
					0
					0
					0
					0
					0
					0
					0
					0
					0
					0
					0
					0
					0
					0
					0
					0
					0
					0
					0
					0
					0
					0
					0
					0
					0
					0
					0
					0
					0
					0
					0
					0
					0
					0
					0
					0
					0
					0
					0
					0
					0
					0
					0
					0
					0
					0
					0
					0
					0
					0
					0
					0
					0
					0
					0
					0
					0
					0
					0
					0
					0
					0
					0
					0
					0
					0
					0
					0
					0
					0
					0
					0
					0
					0
					0
					0
					0
					0
					0
					0
					0
					0
					0
					0
					0
					0
					0
					0
					0
					0
					0
					0
					0
					0
					0
					0
					0
					0
					0
					0
					0
					0
					0
					0
					0
					0
					0
					0
					0
					0
					0
					0
					0
					0
					0
					0
					0
					0
					0
					0
					0
					0
					0
					0
					0
					0
					0
					0
					0
					0
					0
					0
					0
					0
					0
					0
					0
					0
					0
					0
					0
					0
					0
					0
					0
					0
					0
					0
					0
					0
					0
					0
					0
					0
					0
					0
					0
					0
					0
					0
					0
					0
					0
					0
					0
					0
					0
					0
					0
					0
					0
					0
					0
					0
					0
					0
					0
					0
					0
					0
					0
					0
					0
					0
					0
					0
					0
					0
					0
					0
					0
					0
					0
					0
					0
					0
					0
					0
					0
					0
					0
					0
					0
					0
					0
					0
					0
					0
					0
					0
					0
					0
					0
					0
					0
					0
					0
					0
					0
					0
					0
					0
					0
					0
					0
					0
					0
					0
					0
					0
					0
					0
					0
					0
					0
					0
					0
					0
					0
					0
					0
					0
					0
					0
					0
					0
					0
					0
					0
					0
					0
					0
					0
					0
					0
					0
					0
					0
					0
					0
					0
					0
					0
					0
					0
					0
					0
					0
					0
					0
					0
					0
					0
					0
					0
					0
					0
					0
					0
					0
					0
					0
					0
					0
					0
					0
					0
					0
					0
					0
					0
					0
					0
					0
					0
					0
					0
					0
					0
					0
					0
					0
2003-05-26	170.0	170.0	170.0	170.0	49999
2003-05-27	150.0	150.0	150.0	150.0	
2003-05-27	150.0	150.0	150.0	150.0	9999
					0
					0
2003-06-02	170.0	170.0	170.0	170.0	49999
2003-06-03	165.0	165.0	165.0	165.0	9999
2003-06-04	170.0	170.0	170.0	170.0	24999
2003-06-05	170.0	170.0	170.0	170.0	14999
2003-06-05	170.0	170.0	170.0	170.0	
					0
2003-06-09	170.0	170.0	170.0	170.0	
2003-06-09	170.0	170.0	170.0	170.0	14999
					0
2003-06-11	200.0	200.0	200.0	200.0	9999
2003-06-11	200.0	200.0	200.0	200.0	
					0
					0
2003-06-16	140.0	140.0	140.0	140.0	9999
2003-06-17	180.0	180.0	180.0	180.0	9999
2003-06-17	180.0	180.0	180.0	180.0	
					0
2003-06-19	200.0	160.0	200.0	160.0	19999
2003-06-19	200.0	160.0	200.0	160.0	
					0
					0
2003-06-24	122.5	122.5	122.5	122.5	
2003-06-24	122.5	122.5	122.5	122.5	59999
					0
					0
					0
					0
					0
					0
					0
					0
2003-07-07	140.0	110.0	140.0	110.0	19999
2003-07-08	125.0	125.0	125.0	125.0	14999
2003-07-09	135.0	122.5	135.0	122.5	9999
2003-07-10	135.0	135.0	135.0	135.0	4999
2003-07-11	122.5	122.5	125.0	125.0	14999
2003-07-14	125.0	125.0	125.0	125.0	4999
2003-07-15	122.5	122.5	122.5	122.5	4999
2003-07-16	122.5	122.5	122.5	122.5	4999
2003-07-17	140.0	122.5	140.0	122.5	9999
2003-07-18	122.5	122.5	122.5	122.5	4999
2003-07-21	122.5	122.5	122.5	122.5	4999
2003-07-21	122.5	122.5	122.5	122.5	
					0
2003-07-23	122.5	122.5	122.5	122.5	4999
2003-07-24	122.5	122.5	122.5	122.5	4999
2003-07-25	122.5	122.5	122.5	122.5	4999
2003-07-28	122.5	122.5	122.5	122.5	4999
2003-07-29	147.5	145.0	147.5	147.5	44999
2003-07-30	160.0	160.0	160.0	160.0	99999
2003-07-31	160.0	160.0	180.0	180.0	149999
2003-08-01	180.0	180.0	180.0	180.0	
2003-08-01	180.0	180.0	180.0	180.0	49999
					0
2003-08-05	180.0	180.0	180.0	180.0	44999
2003-08-05	180.0	180.0	180.0	180.0	
					0
					0
					0
2003-08-11	170.0	170.0	170.0	170.0	24999
2003-08-12	170.0	170.0	170.0	170.0	
2003-08-12	170.0	170.0	170.0	170.0	49999
					0
					0
					0
					0
					0
					0
					0
					0
					0
					0
					0
					0
					0
					0
					0
					0
					0
					0
					0
					0
					0
					0
					0
2003-09-16	167.5	167.5	167.5	167.5	24999
2003-09-16	167.5	167.5	167.5	167.5	
					0
					0
					0
					0
					0
					0
					0
					0
					0
					0
					0
					0
					0
					0
					0
					0
					0
					0
					0
					0
					0
					0
					0
					0
					0
					0
					0
					0
					0
					0
					0
					0
					0
					0
					0
					0
					0
					0
					0
					0
					0
					0
					0
					0
					0
					0
					0
					0
					0
					0
					0
					0
					0
					0
					0
					0
					0
					0
					0
					0
					0
					0
2003-12-22	117.5	117.5	117.5	117.5	
2003-12-22	117.5	117.5	117.5	117.5	4999
					0
					0
					0
					0
					0
					0
					0
2004-01-08	117.5	117.5	117.5	117.5	
2004-01-08	117.5	117.5	117.5	117.5	9999
					0
					0
2004-01-13	120.0	120.0	120.0	120.0	
2004-01-13	120.0	120.0	120.0	120.0	89999
					0
					0
					0
					0
					0
					0
					0
					0
					0
					0
					0
					0
					0
					0
					0
					0
					0
					0
					0
					0
					0
					0
					0
					0
					0
					0
					0
					0
					0
					0
					0
					0
					0
					0
					0
2004-03-08	135.0	135.0	135.0	135.0	4999
2004-03-08	135.0	135.0	135.0	135.0	
					0
					0
					0
					0
					0
					0
					0
					0
					0
					0
					0
					0
					0
					0
					0
					0
					0
					0
					0
					0
					0
					0
					0
					0
					0
					0
					0
					0
					0
					0
					0
					0
					0
					0
					0
					0
					0
					0
					0
					0
					0
					0
					0
					0
					0
					0
					0
					0
					0
					0
					0
					0
					0
					0
					0
					0
					0
					0
					0
					0
					0
					0
					0
					0
2004-06-15	170.0	170.0	170.0	170.0	
2004-06-15	170.0	170.0	170.0	170.0	259999
					0
2004-06-17	170.0	170.0	170.0	170.0	49999
2004-06-18	170.0	170.0	170.0	170.0	34999
2004-06-21	170.0	170.0	170.0	170.0	24999
2004-06-21	170.0	170.0	170.0	170.0	
					0
					0
2004-06-24	170.0	170.0	170.0	170.0	49999
2004-06-24	170.0	170.0	170.0	170.0	
					0
					0
					0
2004-06-30	170.0	170.0	170.0	170.0	
2004-06-30	170.0	170.0	170.0	170.0	74999
					0
					0
					0
					0
					0
					0
					0
					0
					0
					0
					0
					0
					0
					0
					0
					0
					0
					0
					0
					0
					0
2004-07-30	170.0	170.0	170.0	170.0	
2004-07-30	170.0	170.0	170.0	170.0	49999
					0
					0
					0
					0
					0
					0
					0
					0
					0
2004-08-13	170.0	170.0	170.0	170.0	14999
2004-08-13	170.0	170.0	170.0	170.0	
					0
					0
					0
					0
					0
					0
					0
					0
					0
2004-08-30	170.0	170.0	170.0	170.0	
2004-08-30	170.0	170.0	170.0	170.0	49999
					0
					0
					0
					0
					0
					0
					0
					0
					0
					0
					0
					0
					0
					0
					0
					0
					0
					0
					0
					0
					0
					0
					0
					0
					0
					0
					0
					0
					0
					0
					0
					0
					0
					0
					0
					0
					0
					0
					0
					0
					0
					0
					0
					0
					0
					0
					0
					0
					0
					0
					0
					0
					0
					0
					0
					0
					0
					0
					0
					0
					0
					0
					0
					0
					0
					0
					0
					0
					0
					0
					0
					0
					0
					0
					0
					0
					0
					0
					0
					0
					0
					0
					0
					0
					0
					0
					0
					0
					0
					0
					0
					0
					0
					0
					0
					0
					0
					0
					0
					0
					0
					0
					0
					0
					0
					0
					0
					0
					0
					0
					0
					0
					0
					0
					0
					0
					0
					0
					0
					0
					0
					0
					0
					0
					0
					0
					0
					0
					0
					0
					0
					0
					0
					0
					0
					0
					0
					0
					0
					0
					0
					0
					0
					0
					0
					0
					0
					0
					0
					0
					0
					0
					0
					0
					0
					0
					0
					0
					0
					0
					0
					0
					0
					0
					0
					0
					0
					0
					0
					0
					0
					0
					0
					0
					0
					0
					0
					0
					0
					0
					0
					0
					0
					0
					0
					0
					0
					0
					0
					0
					0
					0
					0
					0
					0
					0
					0
					0
					0
					0
					0
					0
					0
					0
					0
					0
					0
					0
					0
					0
					0
					0
					0
					0
					0
					0
					0
					0
					0
					0
					0
					0
					0
					0
					0
					0
					0
					0
					0
					0
					0
					0
					0
					0
					0
					0
					0
					0
					0
					0
					0
					0
					0
					0
					0
					0
					0
					0
					0
					0
					0
					0
					0
					0
					0
					0
					0
					0
					0
					0
					0
					0
					0
					0
					0
					0
					0
					0
					0
					0
					0
					0
					0
					0
					0
					0
					0
					0
					0
					0
					0
					0
					0
					0
					0
					0
					0
					0
					0
					0
					0
					0
					0
					0
					0
					0
					0
					0
					0
					0
					0
					0
					0
					0
2005-12-01	150.0	150.0	150.0	150.0	
2005-12-01	150.0	150.0	150.0	150.0	9999
					0
					0
					0
					0
					0
					0
					0
					0
					0
					0
					0
					0
					0
					0
					0
					0
					0
					0
					0
					0
					0
					0
					0
					0
					0
					0
					0
					0
					0
					0
					0
					0
					0
					0
					0
					0
					0
					0
					0
					0
					0
					0
					0
					0
					0
					0
					0
					0
					0
					0
					0
					0
					0
					0
					0
					0
					0
					0
					0
					0
					0
					0
					0
					0
					0
					0
					0
					0
					0
					0
					0
					0
					0
					0
					0
					0
					0
					0
					0
					0
					0
					0
					0
					0
					0
					0
					0
					0
					0
					0
					0
					0
					0
					0
					0
					0
					0
					0
					0
					0
					0
					0
					0
					0
					0
					0
					0
					0
					0
					0
					0
					0
					0
					0
					0
					0
					0
					0
					0
					0
					0
					0
					0
					0
					0
					0
					0
					0
					0
					0
					0
					0
					0
					0
					0
					0
					0
					0
					0
					0
					0
					0
					0
					0
					0
					0
					0
					0
					0
					0
					0
					0
					0
					0
					0
					0
					0
					0
					0
					0
					0
					0
					0
					0
					0
					0
					0
					0
					0
					0
					0
					0
					0
					0
					0
					0
					0
					0
					0
					0
					0
					0
					0
					0
					0
					0
					0
					0
					0
					0
					0
					0
					0
					0
					0
					0
					0
					0
					0
					0
					0
					0
					0
					0
					0
					0
					0
					0
					0
					0
					0
					0
					0
					0
					0
					0
					0
					0
					0
					0
					0
					0
					0
					0
					0
					0
					0
					0
					0
					0
					0
					0
					0
					0
					0
					0
					0
					0
					0
					0
					0
					0
					0
					0
					0
					0
					0
					0
					0
					0
					0
					0
					0
					0
					0
					0
					0
					0
					0
					0
					0
					0
					0
					0
					0
					0
					0
					0
					0
					0
					0
					0
					0
					0
					0
					0
					0
					0
					0
					0
					0
					0
					0
					0
					0
					0
					0
					0
					0
					0
					0
					0
					0
					0
					0
					0
					0
					0
					0
					0
					0
					0
					0
					0
					0
					0
					0
					0
					0
					0
					0
					0
					0
					0
					0
					0
					0
					0
					0
					0
					0
					0
					0
					0
					0
					0
					0
					0
					0
					0
					0
					0
					0
					0
					0
					0
					0
					0
					0
					0
					0
					0
					0
					0
					0
					0
					0
					0
					0
					0
					0
					0
					0
					0
					0
					0
					0
					0
					0
					0
					0
					0
					0
					0
					0
					0
					0
					0
					0
					0
					0
					0
					0
					0
					0
					0
					0
					0
					0
					0
					0
					0
					0
					0
					0
					0
					0
					0
					0
					0
					0
					0
					0
					0
					0
					0
					0
					0
					0
					0
					0
					0
					0
					0
					0
					0
2007-07-31	160.0	160.0	160.0	160.0	
2007-07-31	160.0	160.0	160.0	160.0	4999
					0
					0
					0
					0
					0
					0
					0
					0
					0
					0
					0
					0
					0
					0
					0
					0
					0
					0
					0
					0
					0
					0
					0
					0
					0
					0
					0
					0
					0
					0
					0
					0
					0
					0
					0
					0
					0
					0
					0
					0
					0
					0
					0
					0
					0
					0
					0
					0
					0
					0
					0
					0
					0
					0
					0
					0
					0
					0
					0
					0
					0
					0
					0
					0
					0
					0
					0
					0
					0
					0
					0
					0
					0
					0
					0
					0
					0
					0
					0
					0
					0
					0
					0
					0
					0
					0
					0
					0
					0
					0
					0
					0
					0
					0
					0
					0
					0
					0
					0
					0
					0
					0
					0
					0
					0
					0
					0
					0
					0
					0
					0
					0
					0
					0
					0
					0
					0
					0
					0
					0
					0
					0
					0
					0
					0
					0
					0
					0
					0
					0
					0
					0
					0
					0
					0
					0
					0
					0
					0
					0
					0
					0
					0
					0
					0
					0
					0
					0
					0
					0
					0
					0
					0
					0
					0
					0
					0
					0
					0
					0
					0
					0
					0
					0
					0
					0
					0
					0
					0
					0
					0
					0
					0
					0
					0
					0
					0
					0
					0
					0
					0
					0
					0
					0
					0
					0
					0
					0
					0
					0
					0
					0
					0
					0
					0
					0
					0
					0
					0
					0
					0
					0
					0
					0
					0
					0
					0
					0
					0
					0
					0
					0
					0
					0
					0
					0
					0
					0
					0
					0
					0
					0
					0
					0
					0
					0
					0
					0
					0
					0
					0
					0
					0
					0
					0
					0
					0
					0
					0
					0
					0
					0
					0
					0
					0
					0
					0
					0
					0
					0
					0
					0
					0
					0
					0
					0
					0
					0
					0
					0
					0
					0
					0
					0
					0
					0
					0
					0
					0
					0
					0
					0
					0
					0
					0
					0
					0
					0
					0
					0
					0
					0
					0
					0
					0
					0
					0
					0
					0
					0
					0
					0
					0
					0
					0
					0
					0
					0
					0
					0
					0
					0
					0
					0
					0
					0
					0
					0
					0
					0
					0
					0
					0
					0
					0
					0
					0
					0
					0
					0
					0
					0
					0
					0
					0
					0
					0
					0
					0
					0
					0
					0
					0
					0
					0
					0
					0
					0
					0
					0
					0
					0
					0
					0
					0
					0
					0
					0
					0
					0
					0
					0
					0
					0
					0
					0
					0
					0
					0
					0
					0
					0
					0
					0
					0
					0
					0
					0
					0
					0
					0
					0
					0
					0
					0
					0
					0
					0
					0
					0
					0
					0
					0
					0
					0
					0
					0
					0
					0
					0
					0
					0
					0
					0
					0
					0
					0
					0
					0
					0
					0
					0
					0
					0
					0
					0
					0
					0
					0
					0
					0
					0
					0
					0
					0
					0
					0
					0
					0
					0
					0
					0
					0
					0
					0
					0
					0
					0
					0
					0
					0
					0
					0
					0
					0
					0
					0
					0
					0
					0
					0
					0
					0
					0
					0
					0
					0
					0
					0
					0
					0
					0
					0
					0
					0
					0
					0
					0
					0
					0
					0
					0
					0
					0
					0
					0
					0
					0
					0
					0
					0
					0
					0
					0
					0
					0
					0
					0
					0
					0
					0
					0
					0
					0
					0
					0
					0
					0
					0
					0
					0
					0
					0
					0
					0
					0
					0
					0
					0
					0
					0
					0
					0
					0
					0
2009-09-03	155.0	155.0	155.0	155.0	4999
2009-09-04	156.0	156.0	160.0	160.0	19999
2009-09-07	159.0	159.0	170.0	170.0	14999
2009-09-08	169.0	169.0	175.0	175.0	
2009-09-08	169.0	169.0	175.0	175.0	9999
					0
					0
					0
2009-09-14	174.0	174.0	174.0	174.0	4999
2009-09-14	174.0	174.0	174.0	174.0	
					0
					0
					0
					0
					0
					0
					0
					0
					0
					0
					0
					0
					0
					0
					0
					0
					0
					0
					0
					0
					0
					0
					0
					0
					0
					0
					0
					0
					0
					0
					0
					0
					0
					0
					0
					0
					0
					0
					0
					0
					0
					0
					0
					0
					0
					0
					0
					0
					0
					0
					0
					0
					0
					0
					0
					0
					0
					0
					0
					0
					0
					0
					0
					0
					0
					0
					0
					0
					0
					0
					0
					0
					0
					0
					0
					0
					0
					0
					0
					0
					0
					0
					0
					0
					0
					0
					0
					0
					0
					0
					0
					0
					0
					0
					0
					0
					0
					0
					0
					0
					0
					0
					0
					0
					0
					0
					0
					0
					0
					0
					0
					0
					0
					0
					0
					0
					0
					0
					0
					0
					0
					0
					0
					0
					0
					0
					0
					0
					0
					0
					0
					0
					0
					0
					0
					0
					0
					0
					0
					0
					0
					0
					0
					0
					0
					0
					0
					0
					0
					0
					0
					0
					0
					0
					0
					0
					0
					0
					0
					0
					0
					0
					0
					0
					0
					0
					0
					0
					0
					0
					0
					0
					0
					0
					0
					0
					0
					0
					0
					0
					0
					0
					0
					0
					0
					0
					0
					0
					0
					0
					0
					0
					0
					0
					0
					0
					0
					0
					0
					0
					0
					0
					0
					0
					0
					0
					0
					0
					0
					0
					0
					0
					0
					0
					0
					0
					0
					0
					0
					0
					0
					0
					0
					0
					0
					0
					0
					0
					0
					0
					0
					0
					0
					0
					0
					0
					0
					0
					0
					0
					0
					0
					0
					0
					0
					0
					0
					0
					0
					0
					0
					0
					0
					0
					0
					0
					0
					0
					0
					0
					0
					0
					0
					0
					0
					0
					0
					0
					0
					0
					0
					0
					0
					0
					0
					0
					0
					0
					0
					0
					0
					0
					0
					0
					0
					0
					0
					0
					0
					0
					0
					0
					0
					0
					0
					0
					0
					0
					0
					0
					0
					0
					0
					0
					0
					0
					0
					0
					0
					0
					0
					0
					0
					0
					0
					0
					0
					0
					0
					0
					0
					0
					0
					0
					0
					0
					0
					0
					0
					0
					0
					0
					0
					0
					0
					0
					0
					0
					0
					0
					0
					0
					0
					0
					0
					0
					0
					0
					0
					0
					0
					0
					0
					0
					0
					0
					0
					0
					0
					0
					0
					0
					0
					0
					0
					0
					0
					0
					0
					0
					0
					0
					0
					0
					0
					0
					0
					0
					0
					0
					0
					0
					0
					0
					0
					0
					0
					0
					0
					0
					0
					0
					0
					0
					0
					0
					0
					0
					0
					0
					0
					0
					0
					0
					0
					0
					0
					0
					0
					0
					0
					0
					0
					0
					0
					0
					0
					0
					0
					0
					0
					0
					0
					0
					0
					0
					0
					0
					0
					0
					0
					0
					0
					0
					0
					0
					0
					0
					0
					0
					0
					0
					0
					0
					0
					0
					0
					0
					0
					0
					0
					0
					0
					0
					0
					0
					0
					0
					0
					0
					0
					0
					0
					0
					0
					0
					0
					0
					0
					0
					0
					0
2011-08-22	174.0	174.0	174.0	174.0	4999
2011-08-22	174.0	174.0	174.0	174.0	
					0
					0
					0
					0
					0
					0
					0
					0
					0
					0
					0
					0
					0
					0
					0
					0
					0
					0
					0
					0
					0
					0
					0
					0
					0
					0
					0
					0
					0
					0
					0
					0
					0
					0
					0
					0
					0
					0
					0
					0
					0
					0
					0
					0
					0
					0
					0
2011-11-03	174.0	174.0	174.0	174.0	
2011-11-03	174.0	174.0	174.0	174.0	9999
					0
					0
					0
					0
					0
					0
					0
					0
					0
					0
					0
					0
					0
					0
					0
					0
					0
					0
					0
					0
					0
					0
					0
					0
					0
					0
					0
					0
					0
					0
					0
					0
					0
					0
					0
					0
					0
					0
					0
					0
					0
					0
					0
					0
					0
					0
					0
					0
					0
					0
					0
					0
					0
					0
					0
					0
					0
					0
					0
					0
					0
					0
					0
					0
					0
					0
					0
2012-02-09	174.0	174.0	174.0	174.0	
2012-02-09	174.0	174.0	174.0	174.0	4999
					0
					0
					0
					0
					0
					0
					0
					0
					0
					0
					0
					0
					0
					0
					0
					0
					0
					0
					0
					0
					0
					0
					0
					0
					0
					0
					0
					0
					0
					0
					0
					0
					0
					0
					0
					0
					0
					0
					0
					0
					0
					0
					0
					0
					0
					0
					0
					0
					0
					0
					0
					0
					0
					0
					0
					0
					0
					0
					0
					0
					0
					0
					0
					0
					0
					0
					0
					0
					0
					0
					0
					0
					0
					0
					0
					0
					0
					0
					0
					0
					0
					0
					0
					0
					0
					0
					0
					0
					0
					0
					0
					0
					0
					0
					0
					0
					0
					0
					0
					0
					0
					0
					0
					0
					0
					0
					0
					0
					0
					0
					0
					0
					0
					0
					0
					0
					0
					0
					0
					0
					0
					0
					0
					0
					0
					0
					0
					0
					0
					0
					0
					0
					0
					0
					0
					0
					0
					0
					0
					0
					0
					0
					0
					0
					0
					0
					0
					0
					0
					0
					0
					0
					0
					0
					0
					0
					0
					0
					0
					0
					0
					0
					0
					0
					0
					0
					0
					0
					0
					0
					0
					0
					0
					0
					0
					0
					0
					0
					0
					0
					0
					0
					0
					0
					0
					0
					0
					0
					0
					0
					0
					0
					0
					0
					0
					0
					0
					0
					0
					0
					0
					0
					0
					0
					0
					0
					0
					0
					0
					0
					0
					0
					0
					0
					0
					0
					0
					0
					0
					0
					0
					0
					0
					0
					0
					0
					0
					0
					0
					0
					0
					0
					0
					0
					0
					0
					0
					0
					0
					0
					0
					0
					0
					0
					0
					0
					0
					0
					0
					0
					0
					0
					0
					0
					0
					0
					0
					0
					0
					0
					0
					0
					0
					0
					0
					0
					0
					0
					0
					0
					0
					0
					0
					0
					0
					0
					0
					0
					0
					0
					0
					0
					0
					0
					0
					0
					0
					0
					0
					0
					0
					0
					0
					0
					0
					0
					0
					0
					0
					0
					0
					0
					0
					0
					0
					0
					0
					0
					0
					0
					0
					0
					0
					0
					0
					0
					0
					0
					0
					0
					0
					0
					0
					0
					0
					0
					0
					0
					0
					0
					0
					0
					0
					0
					0
					0
					0
					0
					0
					0
					0
					0
					0
					0
					0
					0
					0
					0
					0
					0
					0
					0
					0
					0
					0
					0
					0
					0
					0
2013-07-25	170.0	170.0	170.0	170.0	
2013-07-25	170.0	170.0	170.0	170.0	4999
					0
					0
2013-07-30	171.0	171.0	171.0	171.0	4999
2013-07-30	171.0	171.0	171.0	171.0	
					0
					0
					0
					0
					0
					0
					0
					0
					0
					0
					0
					0
					0
					0
					0
					0
					0
					0
					0
					0
					0
					0
					0
					0
					0
					0
					0
					0
					0
					0
					0
					0
					0
					0
					0
					0
					0
					0
					0
					0
					0
					0
					0
					0
					0
					0
					0
					0
					0
					0
					0
					0
					0
					0
					0
					0
					0
					0
					0
					0
					0
					0
					0
					0
					0
					0
					0
					0
					0
					0
					0
					0
					0
					0
					0
					0
					0
					0
2013-11-28	170.0	170.0	170.0	170.0	
2013-11-28	170.0	170.0	170.0	170.0	4999
					0
					0
					0
					0
					0
					0
					0
					0
					0
					0
					0
					0
					0
					0
					0
					0
					0
					0
2013-12-27	170.0	170.0	170.0	170.0	
2013-12-27	170.0	170.0	170.0	170.0	9999
					0
					0
					0
					0
					0
					0
					0
					0
					0
					0
					0
					0
					0
					0
					0
					0
					0
					0
					0
					0
					0
2014-02-03	170.0	170.0	170.0	170.0	3999
2014-02-03	170.0	170.0	170.0	170.0	
					0
					0
					0
					0
					0
					0
					0
					0
					0
					0
					0
					0
					0
					0
					0
					0
					0
					0
					0
					0
					0
					0
					0
					0
					0
					0
					0
					0
					0
					0
					0
					0
					0
					0
					0
					0
					0
					0
					0
					0
					0
					0
					0
					0
					0
					0
					0
					0
					0
					0
					0
					0
2014-04-22	170.0	170.0	170.0	170.0	
2014-04-22	170.0	170.0	170.0	170.0	6999
					0
					0
					0
					0
					0
					0
					0
					0
					0
					0
					0
					0
					0
					0
					0
					0
					0
					0
					0
					0
					0
					0
					0
					0
					0
					0
					0
					0
					0
					0
					0
					0
					0
					0
					0
					0
					0
					0
					0
					0
					0
					0
					0
					0
					0
					0
					0
					0
					0
					0
					0
					0
					0
					0
					0
					0
					0
					0
					0
					0
					0
					0
					0
					0
					0
					0
					0
					0
					0
					0
					0
					0
					0
					0
					0
					0
					0
					0
					0
2014-08-26	150.0	150.0	150.0	150.0	4999
2014-08-26	150.0	150.0	150.0	150.0	
					0
					0
					0
					0
					0
					0
					0
					0
					0
					0
					0
					0
					0
					0
					0
					0
					0
					0
					0
					0
					0
					0
					0
					0
					0
					0
					0
					0
					0
					0
					0
					0
					0
					0
					0
					0
					0
					0
					0
					0
					0
					0
					0
					0
					0
					0
					0
					0
					0
					0
					0
					0
					0
					0
					0
					0
					0
					0
					0
					0
					0
					0
					0
					0
					0
					0
					0
					0
					0
					0
					0
					0
					0
					0
					0
					0
					0
					0
					0
					0
					0
					0
					0
					0
					0
					0
					0
					0
					0
					0
					0
					0
					0
					0
					0
					0
					0
					0
					0
					0
					0
					0
					0
					0
					0
					0
					0
					0
					0
					0
					0
					0
					0
					0
					0
					0
					0
					0
					0
					0
					0
					0
					0
					0
					0
					0
					0
					0
					0
					0
					0
2015-03-05	150.0	150.0	150.0	150.0	13999
2015-03-05	150.0	150.0	150.0	150.0	
					0
					0
2015-03-10	150.0	150.0	150.0	150.0	
2015-03-10	150.0	150.0	150.0	150.0	12999
					0
					0
					0
					0
					0
					0
					0
					0
					0
					0
					0
					0
					0
					0
					0
					0
					0
					0
					0
					0
					0
					0
					0
					0
					0
					0
					0
					0
					0
					0
					0
					0
					0
					0
					0
					0
					0
					0
					0
					0
					0
					0
					0
					0
					0
					0
					0
					0
					0
					0
					0
					0
					0
					0
					0
					0
					0
					0
					0
					0
					0
					0
					0
					0
					0
					0
					0
					0
					0
					0
					0
					0
					0
					0
					0
					0
					0
					0
					0
					0
					0
					0
					0
					0
					0
					0
					0
					0
					0
					0
					0
					0
2015-07-28	150.0	150.0	150.0	150.0	999
2015-07-28	150.0	150.0	150.0	150.0	
					0
					0
					0
					0
					0
					0
					0
					0
					0
					0
					0
					0
					0
					0
					0
2015-08-20	150.0	150.0	150.0	150.0	999
2015-08-20	150.0	150.0	150.0	150.0	
					0
					0
					0
					0
					0
					0
					0
					0
					0
					0
					0
					0
					0
					0
					0
					0
					0
					0
2015-09-16	150.0	150.0	150.0	150.0	
2015-09-16	150.0	150.0	150.0	150.0	2999
					0
2015-09-18	149.5	149.5	149.5	149.5	
2015-09-18	149.5	149.5	149.5	149.5	13999
					0
2015-09-22	149.5	149.5	149.5	149.5	
2015-09-22	149.5	149.5	149.5	149.5	13999
					0
					0
					0
					0
2015-09-30	149.5	149.5	149.5	149.5	14999
2015-09-30	149.5	149.5	149.5	149.5	
					0
					0
					0
2015-10-06	150.0	150.0	150.0	150.0	999
2015-10-06	150.0	150.0	150.0	150.0	
					0
2015-10-08	150.0	150.0	150.0	150.0	199999
2015-10-09	150.0	149.5	150.0	149.5	7999
2015-10-12	149.5	149.5	149.5	149.5	
2015-10-12	149.5	149.5	149.5	149.5	999
					0
2015-10-15	149.5	149.5	149.5	149.5	
2015-10-15	149.5	149.5	149.5	149.5	7999
					0
					0
					0
					0
2015-10-22	135.0	135.0	135.0	135.0	
2015-10-22	135.0	135.0	135.0	135.0	999
					0
					0
					0
2015-10-28	135.0	135.0	135.0	135.0	
2015-10-28	135.0	135.0	135.0	135.0	999
					0
					0
					0
					0
					0
					0
					0
					0
					0
					0
					0
					0
					0
					0
					0
2015-11-19	135.0	135.0	135.0	135.0	999
2015-11-20	135.0	135.0	135.0	135.0	1999
2015-11-20	135.0	135.0	135.0	135.0	
					0
2015-11-24	125.0	125.0	125.0	125.0	5999
2015-11-24	125.0	125.0	125.0	125.0	
					0
					0
					0
					0
2015-12-01	135.0	135.0	149.0	148.5	
2015-12-01	135.0	135.0	149.0	148.5	5999
					0
2015-12-03	148.0	147.0	148.5	147.5	
2015-12-03	148.0	147.0	148.5	147.5	20999
					0
2015-12-07	147.0	147.0	147.0	147.0	
2015-12-07	147.0	147.0	147.0	147.0	5999
					0
2015-12-10	145.0	140.0	145.0	145.0	13999
2015-12-10	145.0	140.0	145.0	145.0	
					0
					0
					0
					0
					0
2015-12-18	145.0	141.5	145.0	142.0	26999
2015-12-18	145.0	141.5	145.0	142.0	
					0
					0
					0
					0
					0
					0
2016-01-04	148.5	148.5	148.5	148.5	4999
2016-01-05	145.0	145.0	145.0	145.0	1999
2016-01-06	143.0	143.0	145.0	144.0	
2016-01-06	143.0	143.0	145.0	144.0	20999
					0
2016-01-08	144.0	144.0	144.0	144.0	
2016-01-08	144.0	144.0	144.0	144.0	1999
					0
					0
					0
					0
2016-01-15	143.5	142.5	143.5	143.5	
2016-01-15	143.5	142.5	143.5	143.5	29999
					0
2016-01-19	143.5	143.5	143.5	143.5	999
2016-01-19	143.5	143.5	143.5	143.5	
					0
					0
2016-01-22	144.0	144.0	144.0	144.0	
2016-01-22	144.0	144.0	144.0	144.0	2999
					0
2016-01-26	144.0	143.5	144.0	144.0	7999
2016-01-27	149.0	149.0	149.0	149.0	26100
2016-01-28	143.0	135.0	155.0	155.0	10100
2016-01-29	180.0	180.0	180.0	180.0	500
2016-02-01	165.0	165.0	220.0	214.0	32000
2016-02-02	230.0	195.0	260.0	201.0	9400
2016-02-03	201.0	183.0	205.0	183.0	7600
2016-02-04	199.0	183.0	199.0	183.0	5700
2016-02-05	223.0	223.0	223.0	223.0	300
2016-02-09	215.0	214.0	216.0	215.0	10000
2016-02-10	230.0	215.0	230.0	215.0	15100
2016-02-11	215.0	215.0	215.0	215.0	11100
2016-02-12	215.0	215.0	215.0	215.0	100
2016-02-15	215.0	215.0	215.0	215.0	100
2016-02-16	215.0	215.0	215.0	215.0	100
2016-02-17	215.0	215.0	215.0	215.0	100
2016-02-17	215.0	215.0	215.0	215.0	
					0
2016-02-19	215.0	215.0	215.0	215.0	100
2016-02-22	215.0	215.0	215.0	215.0	100
2016-02-23	215.0	215.0	215.0	215.0	100
2016-02-24	215.0	215.0	215.0	215.0	100
2016-02-25	215.0	215.0	215.0	215.0	100
2016-02-26	215.0	215.0	215.0	215.0	100
2016-02-29	215.0	215.0	215.0	215.0	100
2016-03-01	215.0	215.0	215.0	215.0	100
2016-03-02	215.0	215.0	215.0	215.0	100
2016-03-03	215.0	212.0	215.0	213.0	4100
2016-03-04	192.0	192.0	192.0	192.0	5000
2016-03-04	192.0	192.0	192.0	192.0	
					0
2016-03-08	173.0	173.0	190.0	190.0	2200
2016-03-08	173.0	173.0	190.0	190.0	
					0
2016-03-11	190.0	174.0	190.0	174.0	200
2016-03-14	161.0	160.0	230.0	175.0	30400
2016-03-15	175.0	160.0	225.0	215.0	25700
2016-03-16	235.0	194.0	235.0	194.0	13900
2016-03-17	175.0	175.0	175.0	175.0	8400
2016-03-18	175.0	175.0	175.0	175.0	10000
2016-03-21	160.0	160.0	175.0	160.0	37200
2016-03-22	160.0	160.0	210.0	195.0	1500
2016-03-23	194.0	193.0	194.0	193.0	6600
2016-03-24	194.0	189.0	194.0	189.0	4500
2016-03-28	210.0	200.0	210.0	200.0	200
2016-03-29	200.0	200.0	200.0	200.0	100
2016-03-30	200.0	200.0	200.0	200.0	100
2016-03-31	220.0	195.0	220.0	195.0	300
2016-04-01	195.0	195.0	195.0	195.0	100
2016-04-04	195.0	180.0	195.0	180.0	1100
2016-04-05	180.0	180.0	190.0	180.0	7200
2016-04-06	190.0	162.0	190.0	190.0	2100
2016-04-07	190.0	190.0	190.0	190.0	100
2016-04-08	190.0	190.0	250.0	249.0	1300
2016-04-11	229.0	229.0	230.0	230.0	
2016-04-11	229.0	229.0	230.0	230.0	2500
					0
					0
					0
2016-04-15	270.0	250.0	270.0	250.0	1200
2016-04-18	225.0	225.0	225.0	225.0	
2016-04-18	225.0	225.0	225.0	225.0	100
					0
					0
2016-04-21	220.0	203.0	220.0	203.0	2400
2016-04-22	250.0	220.0	250.0	220.0	7800
2016-04-25	199.0	198.0	199.0	198.0	1300
2016-04-26	197.0	197.0	197.0	197.0	1500
2016-04-27	230.0	197.0	230.0	197.0	
2016-04-27	230.0	197.0	230.0	197.0	800
					0
2016-04-29	197.0	197.0	197.0	197.0	300
2016-04-29	197.0	197.0	197.0	197.0	
					0
					0
					0
					0
2016-05-10	250.0	250.0	250.0	250.0	1200
2016-05-10	250.0	250.0	250.0	250.0	
					0
2016-05-12	230.0	230.0	230.0	230.0	
2016-05-12	230.0	230.0	230.0	230.0	100
					0
2016-05-16	228.0	228.0	228.0	228.0	1300
2016-05-17	220.0	218.0	220.0	218.0	5600
2016-05-17	220.0	218.0	220.0	218.0	
					0
					0
					0
					0
					0
2016-05-25	216.0	216.0	216.0	216.0	
2016-05-25	216.0	216.0	216.0	216.0	200
					0
2016-05-27	206.0	200.0	206.0	200.0	300
2016-05-30	200.0	200.0	200.0	200.0	400
2016-05-30	200.0	200.0	200.0	200.0	
					0
					0
2016-06-02	199.0	199.0	199.0	199.0	
2016-06-02	199.0	199.0	199.0	199.0	5100
					0
					0
					0
					0
					0
2016-06-10	180.0	180.0	180.0	180.0	
2016-06-10	180.0	180.0	180.0	180.0	21200
					0
					0
					0
					0
					0
					0
					0
					0
					0
					0
					0
					0
2016-06-29	180.0	180.0	240.0	220.0	4000
2016-06-29	180.0	180.0	240.0	220.0	
					0
					0
					0
					0
					0
2016-07-14	270.0	198.0	270.0	198.0	9100
2016-07-15	179.0	179.0	179.0	179.0	10300
2016-07-18	170.0	162.0	177.0	162.0	36100
2016-07-19	161.0	161.0	162.0	162.0	27500
2016-07-20	180.0	180.0	214.0	190.0	1000
2016-07-20	180.0	180.0	214.0	190.0	
					0
2016-07-22	210.0	171.0	250.0	172.0	28500
2016-07-25	172.0	170.0	172.0	170.0	700
2016-07-26	165.0	160.0	165.0	163.0	8100
2016-07-27	163.0	163.0	174.0	174.0	13700
2016-07-28	198.0	174.0	210.0	183.0	1000
2016-07-29	198.0	190.0	198.0	198.0	50900
2016-08-01	191.0	191.0	191.0	191.0	
2016-08-01	191.0	191.0	191.0	191.0	5000
					0
					0
2016-08-04	181.0	181.0	181.0	181.0	100
2016-08-05	187.0	187.0	187.0	187.0	100
2016-08-08	180.0	170.0	180.0	180.0	6700
2016-08-09	185.0	180.0	185.0	180.0	6700
2016-08-09	185.0	180.0	185.0	180.0	
					0
2016-08-11	170.0	170.0	170.0	170.0	100
2016-08-11	170.0	170.0	170.0	170.0	
					0
2016-08-15	210.0	210.0	210.0	210.0	100
2016-08-16	246.0	230.0	246.0	230.0	300
2016-08-18	250.0	240.0	250.0	240.0	400
2016-08-18	250.0	240.0	250.0	240.0	
					0
2016-08-22	250.0	250.0	250.0	250.0	100
2016-08-22	250.0	250.0	250.0	250.0	
					0
2016-08-24	310.0	238.0	310.0	238.0	10400
2016-08-25	290.0	238.0	290.0	238.0	2200
2016-08-25	290.0	238.0	290.0	238.0	
					0
					0
					0
					0
					0
2016-09-02	238.0	238.0	290.0	238.0	500
2016-09-05	250.0	250.0	250.0	250.0	100
2016-09-06	270.0	248.0	300.0	248.0	
2016-09-06	270.0	248.0	300.0	248.0	700
					0
					0
2016-09-09	306.0	290.0	306.0	290.0	
2016-09-09	306.0	290.0	306.0	290.0	4100
					0
					0
2016-09-15	288.0	288.0	288.0	288.0	
2016-09-15	288.0	288.0	288.0	288.0	2000
					0
2016-09-19	288.0	288.0	288.0	288.0	100
2016-09-19	288.0	288.0	288.0	288.0	
					0
2016-09-21	360.0	260.0	360.0	260.0	10400
2016-09-21	360.0	260.0	360.0	260.0	
					0
					0
					0
					0
					0
					0
					0
					0
					0
2016-10-05	248.0	248.0	248.0	248.0	200
2016-10-05	248.0	248.0	248.0	248.0	
					0
					0
					0
2016-10-11	230.0	230.0	230.0	230.0	
2016-10-11	230.0	230.0	230.0	230.0	100
					0
					0
2016-10-14	220.0	220.0	286.0	230.0	6700
2016-10-17	284.0	208.0	284.0	208.0	28300
2016-10-18	258.0	190.0	260.0	260.0	4100
2016-10-19	308.0	234.0	308.0	236.0	16000
2016-10-20	216.0	216.0	290.0	280.0	10900
2016-10-21	348.0	258.0	348.0	260.0	26700
2016-10-24	234.0	234.0	320.0	320.0	51100
2016-10-25	396.0	288.0	396.0	288.0	56600
2016-10-26	288.0	260.0	300.0	300.0	
2016-10-26	288.0	260.0	300.0	300.0	4600
					0
					0
					0
2016-11-01	360.0	330.0	360.0	330.0	300
2016-11-01	360.0	330.0	360.0	330.0	
					0
					0
					0
					0
2016-11-08	344.0	344.0	344.0	344.0	
2016-11-08	344.0	344.0	344.0	344.0	100
					0
2016-11-10	338.0	338.0	338.0	338.0	
2016-11-10	338.0	338.0	338.0	338.0	10000
					0
					0
					0
					0
					0
					0
					0
					0
					0
					0
2016-11-25	330.0	330.0	330.0	330.0	
2016-11-25	330.0	330.0	330.0	330.0	100
					0
					0
					0
					0
					0
					0
					0
					0
					0
					0
					0
					0
					0
					0
2016-12-19	298.0	298.0	298.0	298.0	1000
2016-12-20	330.0	330.0	330.0	330.0	
2016-12-20	330.0	330.0	330.0	330.0	100
					0
					0
					0
					0
					0
					0
					0
					0
					0
					0
					0
					0
					0
					0
					0
					0
					0
					0
					0
					0
					0
2017-01-23	410.0	330.0	410.0	330.0	400
2017-01-23	410.0	330.0	410.0	330.0	
					0
					0
					0
					0
					0
					0
					0
					0
					0
					0
2017-02-07	300.0	300.0	302.0	300.0	10300
2017-02-08	320.0	226.0	370.0	320.0	16400
2017-02-09	320.0	242.0	320.0	280.0	1400
2017-02-10	348.0	240.0	348.0	296.0	
2017-02-10	348.0	240.0	348.0	296.0	13500
					0
2017-02-14	288.0	288.0	288.0	288.0	400
2017-02-16	280.0	280.0	280.0	280.0	10100
2017-02-17	222.0	222.0	230.0	230.0	400
2017-02-20	230.0	230.0	276.0	276.0	2100
2017-02-21	280.0	280.0	280.0	280.0	100
2017-02-22	300.0	278.0	300.0	278.0	
2017-02-22	300.0	278.0	300.0	278.0	600
					0
2017-02-24	298.0	290.0	298.0	290.0	
2017-02-24	298.0	290.0	298.0	290.0	200
					0
					0
					0
					0
					0
					0
					0
					0
					0
2017-03-10	220.0	220.0	278.0	278.0	
2017-03-10	220.0	220.0	278.0	278.0	5300
					0
					0
2017-03-15	278.0	268.0	278.0	268.0	
2017-03-15	278.0	268.0	278.0	268.0	200
					0
					0
2017-03-20	268.0	268.0	332.0	290.0	700
2017-03-21	300.0	300.0	300.0	300.0	100
2017-03-22	296.0	288.0	296.0	288.0	200
2017-03-22	296.0	288.0	296.0	288.0	
					0
					0
					0
2017-03-29	288.0	220.0	288.0	222.0	5200
2017-03-30	252.0	250.0	252.0	250.0	1200
2017-03-31	248.0	189.0	248.0	204.0	7300
2017-03-31	248.0	189.0	248.0	204.0	
					0
					0
2017-04-05	218.0	218.0	218.0	218.0	
2017-04-05	218.0	218.0	218.0	218.0	100
					0
2017-04-07	206.0	206.0	218.0	218.0	
2017-04-07	206.0	206.0	218.0	218.0	700
					0
2017-04-11	220.0	220.0	270.0	270.0	10400
2017-04-12	278.0	278.0	278.0	278.0	100
2017-04-13	278.0	220.0	278.0	268.0	
2017-04-13	278.0	220.0	278.0	268.0	5000
					0
					0
					0
2017-04-21	288.0	204.0	288.0	230.0	
2017-04-21	288.0	204.0	288.0	230.0	2400
					0
2017-04-26	220.0	220.0	220.0	220.0	100
2017-04-27	268.0	268.0	268.0	268.0	
2017-04-27	268.0	268.0	268.0	268.0	100
					0
					0
					0
					0
					0
					0
2017-05-09	260.0	260.0	260.0	260.0	100
2017-05-09	260.0	260.0	260.0	260.0	
					0
					0
					0
					0
					0
2017-05-18	256.0	256.0	258.0	258.0	
2017-05-18	256.0	256.0	258.0	258.0	1000
					0
					0
					0
					0
					0
					0
2017-05-30	246.0	240.0	246.0	240.0	800
2017-05-31	238.0	232.0	238.0	232.0	200
2017-06-02	232.0	232.0	232.0	232.0	200
2017-06-02	232.0	232.0	232.0	232.0	
					0
2017-06-06	252.0	244.0	252.0	244.0	700
2017-06-07	248.0	183.0	304.0	204.0	7800
2017-06-08	210.0	210.0	210.0	210.0	3300
2017-06-09	210.0	210.0	250.0	250.0	3500
2017-06-09	210.0	210.0	250.0	250.0	
					0
					0
2017-06-14	250.0	250.0	250.0	250.0	500
2017-06-14	250.0	250.0	250.0	250.0	
					0
					0
					0
2017-06-20	250.0	250.0	250.0	250.0	100
2017-06-21	246.0	246.0	246.0	246.0	100
2017-06-22	246.0	246.0	246.0	246.0	
2017-06-22	246.0	246.0	246.0	246.0	8500
					0
					0
					0
					0
2017-07-07	242.0	242.0	242.0	242.0	100
2017-07-07	242.0	242.0	242.0	242.0	
					0
					0
					0
2017-07-13	242.0	242.0	242.0	242.0	100
2017-07-13	242.0	242.0	242.0	242.0	
					0
					0
					0
2017-07-19	242.0	242.0	242.0	242.0	3300
2017-07-19	242.0	242.0	242.0	242.0	
					0
2017-07-21	252.0	252.0	270.0	270.0	400
2017-07-24	270.0	270.0	270.0	270.0	100
2017-07-24	270.0	270.0	270.0	270.0	
					0
2017-07-26	264.0	264.0	270.0	270.0	10000
2017-07-26	264.0	264.0	270.0	270.0	
					0
					0
					0
					0
					0
					0
					0
2017-08-07	270.0	270.0	270.0	270.0	2000
2017-08-08	270.0	270.0	270.0	270.0	5000
2017-08-08	270.0	270.0	270.0	270.0	
					0
					0
2017-08-11	264.0	264.0	264.0	264.0	100
2017-08-14	262.0	256.0	262.0	256.0	600
2017-08-15	254.0	240.0	268.0	240.0	700
2017-08-16	266.0	242.0	266.0	242.0	2900
2017-08-18	242.0	242.0	242.0	242.0	300
2017-08-21	242.0	242.0	242.0	242.0	100
2017-08-22	236.0	210.0	236.0	210.0	
2017-08-22	236.0	210.0	236.0	210.0	1700
					0
					0
2017-08-25	210.0	210.0	210.0	210.0	100
2017-08-25	210.0	210.0	210.0	210.0	
					0
					0
					0
					0
2017-09-04	212.0	212.0	212.0	212.0	100
2017-09-04	212.0	212.0	212.0	212.0	
					0
					0
					0
					0
					0
					0
					0
					0
					0
2017-09-18	212.0	212.0	212.0	212.0	100
2017-09-18	212.0	212.0	212.0	212.0	
					0
					0
					0
					0
					0
					0
					0
					0
					0
2017-10-03	212.0	212.0	212.0	212.0	1400
2017-10-03	212.0	212.0	212.0	212.0	
					0
2017-10-05	212.0	212.0	212.0	212.0	200
2017-10-05	212.0	212.0	212.0	212.0	
					0
					0
					0
					0
					0
					0
					0
2017-10-17	212.0	212.0	212.0	212.0	500
2017-10-17	212.0	212.0	212.0	212.0	
					0
2017-10-19	210.0	210.0	210.0	210.0	200
2017-10-19	210.0	210.0	210.0	210.0	
					0
					0
					0
					0
					0
					0
					0
					0
					0
					0
2017-11-03	262.0	262.0	262.0	262.0	
2017-11-03	262.0	262.0	262.0	262.0	100
					0
					0
					0
					0
					0
					0
					0
					0
					0
2017-11-17	240.0	240.0	240.0	240.0	1000
2017-11-20	240.0	240.0	240.0	240.0	600
2017-11-21	246.0	240.0	248.0	240.0	11000
2017-11-22	242.0	240.0	270.0	240.0	2900
2017-11-23	246.0	240.0	246.0	240.0	19600
2017-11-24	250.0	250.0	250.0	250.0	25100
2017-11-27	250.0	250.0	250.0	250.0	5000
2017-11-28	246.0	242.0	252.0	250.0	
2017-11-28	246.0	242.0	252.0	250.0	4200
					0
2017-11-30	248.0	248.0	248.0	248.0	100
2017-12-04	250.0	250.0	270.0	270.0	3200
2017-12-05	280.0	270.0	280.0	270.0	26000
2017-12-06	270.0	270.0	270.0	270.0	4000
2017-12-06	270.0	270.0	270.0	270.0	
					0
					0
					0
					0
					0
					0
					0
					0
					0
2017-12-20	260.0	260.0	260.0	260.0	200
2017-12-20	260.0	260.0	260.0	260.0	
					0
					0
					0
					0
					0
					0
2018-01-03	260.0	260.0	260.0	260.0	
2018-01-03	260.0	260.0	260.0	260.0	200
					0
					0
					0
2018-01-09	204.0	204.0	204.0	204.0	100
2018-01-10	210.0	204.0	250.0	222.0	21600
2018-01-11	220.0	220.0	220.0	220.0	100
2018-01-12	220.0	220.0	220.0	220.0	100
2018-01-12	220.0	220.0	220.0	220.0	
					0
					0
					0
2018-01-18	218.0	218.0	224.0	218.0	6200
2018-01-19	224.0	222.0	224.0	224.0	5200
2018-01-22	224.0	224.0	258.0	236.0	600
2018-01-22	224.0	224.0	258.0	236.0	
					0
					0
					0
					0
2018-01-29	274.0	270.0	274.0	270.0	400
2018-01-29	274.0	270.0	274.0	270.0	
					0
					0
					0
2018-02-02	290.0	238.0	290.0	264.0	400
2018-02-02	290.0	238.0	290.0	264.0	
					0
					0
					0
					0
					0
					0
					0
					0
					0
					0
2018-02-20	262.0	250.0	330.0	252.0	12100
2018-02-21	298.0	280.0	298.0	280.0	500
2018-02-21	298.0	280.0	298.0	280.0	
					0
2018-02-23	210.0	210.0	260.0	252.0	3800
2018-02-26	252.0	212.0	252.0	252.0	800
2018-02-27	228.0	228.0	248.0	248.0	2900
2018-02-27	228.0	228.0	248.0	248.0	
					0
2018-03-01	240.0	240.0	240.0	240.0	
2018-03-01	240.0	240.0	240.0	240.0	100
					0
2018-03-05	240.0	202.0	264.0	234.0	7700
2018-03-06	250.0	246.0	250.0	250.0	1100
2018-03-07	250.0	250.0	250.0	250.0	3000
2018-03-08	288.0	226.0	288.0	226.0	40400
2018-03-08	288.0	226.0	288.0	226.0	
					0
2018-03-12	172.0	172.0	172.0	172.0	100
2018-03-13	232.0	232.0	232.0	232.0	5000
2018-03-14	260.0	198.0	288.0	208.0	16200
2018-03-15	240.0	218.0	260.0	218.0	4500
2018-03-16	220.0	220.0	220.0	220.0	300
2018-03-19	220.0	218.0	274.0	270.0	3000
2018-03-20	288.0	280.0	288.0	280.0	400
2018-03-21	280.0	280.0	288.0	288.0	200
2018-03-21	280.0	280.0	288.0	288.0	
					0
2018-03-23	288.0	288.0	288.0	288.0	100
2018-03-26	288.0	288.0	288.0	288.0	100
2018-03-26	288.0	288.0	288.0	288.0	
					0
2018-03-28	288.0	288.0	288.0	288.0	100
2018-03-29	288.0	288.0	288.0	288.0	
2018-03-29	288.0	288.0	288.0	288.0	100
					0
2018-04-03	288.0	288.0	288.0	288.0	
2018-04-03	288.0	288.0	288.0	288.0	100
					0
					0
					0
2018-04-09	326.0	216.0	326.0	260.0	27400
2018-04-10	264.0	264.0	264.0	264.0	100
2018-04-11	234.0	198.0	248.0	248.0	10500
2018-04-12	224.0	224.0	242.0	238.0	13500
2018-04-13	220.0	220.0	224.0	224.0	2600
2018-04-16	232.0	224.0	232.0	224.0	200
2018-04-17	240.0	240.0	240.0	240.0	100
2018-04-18	238.0	238.0	238.0	238.0	100
2018-04-19	238.0	234.0	250.0	234.0	600
2018-04-20	234.0	234.0	234.0	234.0	100
2018-04-23	234.0	234.0	288.0	234.0	21100
2018-04-24	234.0	234.0	246.0	236.0	700
2018-04-25	234.0	234.0	246.0	246.0	300
2018-04-26	236.0	236.0	236.0	236.0	100
2018-04-27	212.0	212.0	212.0	212.0	4500
2018-04-30	212.0	210.0	212.0	210.0	5600
2018-05-02	210.0	210.0	234.0	218.0	6500
2018-05-03	230.0	202.0	230.0	202.0	1600
2018-05-04	224.0	210.0	230.0	210.0	900
2018-05-07	200.0	199.0	230.0	210.0	3300
2018-05-07	200.0	199.0	230.0	210.0	
					0
2018-05-09	220.0	220.0	220.0	220.0	100
2018-05-11	224.0	218.0	224.0	224.0	500
2018-05-14	226.0	168.0	226.0	214.0	2300
2018-05-15	220.0	220.0	226.0	226.0	200
2018-05-16	220.0	210.0	224.0	212.0	6200
2018-05-17	202.0	202.0	202.0	202.0	300
2018-05-18	212.0	210.0	230.0	210.0	
2018-05-18	212.0	210.0	230.0	210.0	300
					0
					0
2018-05-23	208.0	162.0	208.0	162.0	500
2018-05-24	162.0	160.0	204.0	160.0	63300
2018-05-25	161.0	152.0	162.0	152.0	3000
2018-05-28	150.0	140.0	150.0	150.0	11800
2018-05-30	170.0	116.0	170.0	116.0	700
2018-05-31	123.0	122.0	156.0	156.0	542200
2018-06-04	168.0	168.0	210.0	184.0	3770600
2018-06-05	184.0	184.0	220.0	187.0	267800
2018-06-06	187.0	187.0	210.0	190.0	51300
2018-06-07	200.0	180.0	200.0	185.0	52200
2018-06-08	189.0	178.0	189.0	179.0	6300
2018-06-08	189.0	178.0	189.0	179.0	
					0
2018-06-20	180.0	121.0	195.0	185.0	24200
2018-06-21	195.0	160.0	195.0	174.0	40200
2018-06-22	184.0	158.0	187.0	168.0	21400
2018-06-25	178.0	150.0	178.0	160.0	16100
2018-06-26	156.0	148.0	160.0	148.0	35100
2018-06-27	148.0	129.0	148.0	129.0	15800
2018-06-28	129.0	122.0	129.0	122.0	36900
2018-06-29	122.0	122.0	123.0	122.0	6100
2018-07-02	127.0	127.0	127.0	127.0	10900
2018-07-03	126.0	125.0	126.0	125.0	4000
2018-07-04	120.0	120.0	124.0	121.0	700
2018-07-05	121.0	116.0	121.0	116.0	4800
2018-07-06	110.0	100.0	156.0	129.0	54700
2018-07-09	134.0	108.0	134.0	113.0	31300
2018-07-10	113.0	108.0	115.0	108.0	24800
2018-07-11	108.0	97.0	120.0	108.0	11400
2018-07-12	109.0	102.0	145.0	145.0	140000
2018-07-13	152.0	152.0	174.0	164.0	79000
2018-07-16	165.0	161.0	210.0	170.0	67500
2018-07-17	170.0	151.0	187.0	157.0	324500
2018-07-18	157.0	141.0	157.0	141.0	5100
2018-07-19	145.0	145.0	190.0	177.0	1400
2018-07-20	177.0	116.0	177.0	169.0	26600
2018-07-23	164.0	113.0	164.0	135.0	8400
2018-07-24	144.0	136.0	170.0	165.0	128900
2018-07-25	170.0	157.0	170.0	157.0	29400
2018-07-26	162.0	135.0	162.0	150.0	49100
2018-07-27	141.0	132.0	141.0	140.0	17200
2018-07-30	134.0	131.0	134.0	134.0	26500
2018-07-31	134.0	124.0	134.0	124.0	34100
2018-08-01	126.0	125.0	135.0	135.0	14900
2018-08-02	134.0	134.0	134.0	134.0	700
2018-08-03	134.0	134.0	134.0	134.0	8600
2018-08-06	135.0	134.0	140.0	140.0	3600
2018-08-07	142.0	136.0	161.0	136.0	5000
2018-08-08	136.0	136.0	136.0	136.0	600
2018-08-09	132.0	128.0	134.0	130.0	23400
2018-08-10	128.0	128.0	161.0	135.0	4000
2018-08-10	128.0	128.0	161.0	135.0	
					0
2018-08-14	132.0	132.0	136.0	136.0	1700
2018-08-15	127.0	127.0	127.0	127.0	100
2018-08-16	127.0	127.0	160.0	149.0	2500
2018-08-20	141.0	131.0	150.0	150.0	7000
2018-08-21	130.0	126.0	147.0	147.0	300
2018-08-23	157.0	126.0	157.0	144.0	600
2018-08-23	157.0	126.0	157.0	144.0	
					0
2018-08-27	142.0	128.0	144.0	128.0	1600
2018-08-28	129.0	129.0	156.0	148.0	16700
2018-08-29	141.0	130.0	141.0	141.0	3600
2018-08-30	150.0	141.0	150.0	141.0	1300
2018-08-30	150.0	141.0	150.0	141.0	
					0
2018-09-03	150.0	150.0	150.0	150.0	
2018-09-03	150.0	150.0	150.0	150.0	100
					0
2018-09-05	133.0	133.0	133.0	133.0	200
2018-09-06	133.0	133.0	133.0	133.0	
2018-09-06	133.0	133.0	133.0	133.0	20200
					0
2018-09-10	143.0	143.0	150.0	150.0	400
2018-09-12	150.0	129.0	150.0	129.0	5500
2018-09-13	131.0	131.0	144.0	141.0	
2018-09-13	131.0	131.0	144.0	141.0	3700
					0
					0
					0
					0
					0
					0
2018-09-24	141.0	141.0	141.0	141.0	100
2018-09-24	141.0	141.0	141.0	141.0	
					0
					0
2018-09-27	139.0	139.0	139.0	139.0	100
2018-09-28	139.0	139.0	139.0	139.0	100
2018-10-01	129.0	129.0	129.0	129.0	200
2018-10-02	129.0	129.0	129.0	129.0	800
2018-10-02	129.0	129.0	129.0	129.0	
					0
					0
					0
2018-10-08	126.0	126.0	126.0	126.0	1000
2018-10-08	126.0	126.0	126.0	126.0	
					0
2018-10-10	127.0	127.0	135.0	135.0	6700
2018-10-11	135.0	132.0	135.0	135.0	1700
2018-10-12	134.0	128.0	161.0	138.0	14200
2018-10-15	139.0	139.0	155.0	153.0	4100
2018-10-16	146.0	146.0	146.0	146.0	100
2018-10-16	146.0	146.0	146.0	146.0	
					0
					0
					0
					0
2018-10-23	144.0	144.0	144.0	144.0	100
2018-10-24	140.0	140.0	140.0	140.0	200
2018-10-25	139.0	134.0	180.0	136.0	97200
2018-10-26	146.0	140.0	146.0	140.0	2000
2018-10-29	136.0	120.0	136.0	128.0	35700
2018-10-30	138.0	122.0	138.0	126.0	4200
2018-10-31	126.0	121.0	126.0	121.0	2900
2018-11-01	125.0	125.0	125.0	125.0	100
2018-11-02	124.0	123.0	140.0	130.0	10900
2018-11-05	128.0	128.0	145.0	130.0	2600
2018-11-06	128.0	128.0	175.0	175.0	227100
2018-11-07	177.0	168.0	228.0	170.0	1179300
2018-11-08	170.0	132.0	190.0	150.0	158500
2018-11-09	150.0	144.0	200.0	151.0	27800
2018-11-12	141.0	140.0	144.0	140.0	37800
2018-11-13	170.0	152.0	180.0	157.0	13200
2018-11-14	157.0	133.0	157.0	142.0	52700
2018-11-15	142.0	136.0	190.0	154.0	40700
2018-11-16	154.0	136.0	154.0	138.0	7100
2018-11-19	138.0	138.0	160.0	150.0	22800
2018-11-21	149.0	148.0	152.0	148.0	6400
2018-11-22	148.0	139.0	184.0	146.0	20400
2018-11-23	154.0	150.0	164.0	150.0	21700
2018-11-26	150.0	150.0	150.0	150.0	3700
2018-11-27	144.0	142.0	144.0	142.0	6000
2018-11-27	144.0	142.0	144.0	142.0	
					0
2018-11-29	150.0	138.0	190.0	148.0	1400
2018-11-30	141.0	140.0	141.0	140.0	1700
2018-12-03	140.0	140.0	150.0	148.0	2700
2018-12-03	140.0	140.0	150.0	148.0	
					0
2018-12-05	141.0	140.0	144.0	140.0	1100
2018-12-06	131.0	131.0	150.0	136.0	4100
2018-12-07	137.0	133.0	137.0	134.0	8200
2018-12-07	137.0	133.0	137.0	134.0	
					0
2018-12-11	134.0	128.0	170.0	131.0	5700
2018-12-12	140.0	131.0	176.0	132.0	53800
2018-12-13	132.0	110.0	132.0	125.0	57700
2018-12-14	124.0	124.0	125.0	125.0	300
2018-12-17	120.0	120.0	168.0	150.0	8100
2018-12-18	150.0	129.0	150.0	133.0	2800
2018-12-19	133.0	133.0	179.0	179.0	187500
2018-12-20	184.0	184.0	240.0	240.0	401100
2018-12-21	280.0	280.0	300.0	300.0	302100
2018-12-26	310.0	310.0	374.0	374.0	187600
2018-12-27	396.0	282.0	466.0	282.0	707700
2018-12-28	282.0	214.0	282.0	216.0	386200
2019-01-02	214.0	187.0	250.0	228.0	127300
2019-01-03	248.0	242.0	264.0	258.0	111700
2019-01-04	258.0	230.0	270.0	230.0	47800
2019-01-07	230.0	210.0	258.0	226.0	58500
2019-01-08	214.0	214.0	244.0	214.0	29700
2019-01-09	214.0	214.0	214.0	214.0	12900
2019-01-10	214.0	202.0	214.0	202.0	2800
2019-01-11	200.0	200.0	200.0	200.0	1900
2019-01-14	200.0	152.0	200.0	186.0	1600
2019-01-15	186.0	176.0	250.0	250.0	225700
2019-01-16	276.0	276.0	312.0	312.0	537700
2019-01-17	360.0	250.0	384.0	270.0	270600
2019-01-18	270.0	236.0	270.0	250.0	39800
2019-01-21	286.0	260.0	312.0	260.0	61400
2019-01-22	264.0	264.0	310.0	300.0	41600
2019-01-23	300.0	254.0	300.0	280.0	72100
2019-01-24	258.0	256.0	300.0	288.0	33400
2019-01-25	288.0	258.0	300.0	278.0	32200
2019-01-28	280.0	260.0	300.0	282.0	96700
2019-01-29	262.0	262.0	288.0	262.0	23800
2019-01-30	262.0	244.0	262.0	244.0	1100
2019-01-31	244.0	244.0	250.0	250.0	34100
2019-02-01	278.0	250.0	278.0	250.0	7500
2019-02-04	250.0	240.0	274.0	260.0	20500
2019-02-06	260.0	260.0	274.0	270.0	10500
2019-02-07	252.0	250.0	268.0	250.0	30600
2019-02-08	250.0	250.0	250.0	250.0	8700
2019-02-11	280.0	224.0	280.0	266.0	6200
2019-02-12	258.0	258.0	260.0	260.0	2500
2019-02-13	242.0	230.0	258.0	258.0	4800
2019-02-14	272.0	242.0	272.0	256.0	800
2019-02-15	240.0	240.0	260.0	260.0	1300
2019-02-18	244.0	242.0	260.0	242.0	2500
2019-02-19	250.0	250.0	250.0	250.0	1200
2019-02-20	250.0	250.0	250.0	250.0	100
2019-02-21	240.0	240.0	250.0	250.0	16900
2019-02-22	250.0	250.0	250.0	250.0	1500
2019-02-25	232.0	232.0	250.0	250.0	4100
2019-02-26	232.0	232.0	250.0	250.0	800
2019-02-27	234.0	234.0	250.0	236.0	1900
2019-02-28	200.0	200.0	248.0	246.0	3800
2019-03-01	246.0	246.0	246.0	246.0	100
2019-03-04	246.0	246.0	246.0	246.0	100
2019-03-05	202.0	202.0	264.0	264.0	1500
2019-03-06	262.0	212.0	262.0	212.0	900
2019-03-08	240.0	240.0	250.0	242.0	3800
2019-03-11	242.0	222.0	242.0	224.0	7100
2019-03-12	244.0	210.0	244.0	236.0	3100
2019-03-13	236.0	222.0	240.0	236.0	1300
2019-03-14	236.0	218.0	254.0	234.0	10600
2019-03-15	234.0	220.0	242.0	234.0	1000
2019-03-18	254.0	234.0	254.0	242.0	700
2019-03-19	242.0	242.0	242.0	242.0	600
2019-03-20	242.0	228.0	250.0	248.0	3700
2019-03-21	248.0	248.0	248.0	248.0	400
2019-03-22	248.0	248.0	248.0	248.0	400
2019-03-25	248.0	248.0	248.0	248.0	400
2019-03-26	248.0	248.0	248.0	248.0	400
2019-03-27	268.0	248.0	268.0	248.0	500
2019-03-28	248.0	248.0	248.0	248.0	400
2019-03-29	248.0	248.0	248.0	248.0	400
2019-04-01	248.0	248.0	248.0	248.0	400
2019-04-02	248.0	248.0	248.0	248.0	300
2019-04-04	246.0	222.0	246.0	222.0	200
2019-04-05	238.0	202.0	244.0	202.0	21800
2019-04-08	240.0	210.0	240.0	236.0	1600
2019-04-09	256.0	206.0	256.0	236.0	2800
2019-04-10	234.0	234.0	256.0	254.0	1100
2019-04-11	274.0	250.0	274.0	250.0	400
2019-04-12	230.0	230.0	246.0	246.0	200
2019-04-15	266.0	220.0	266.0	248.0	15000
2019-04-16	246.0	246.0	248.0	248.0	
2019-04-16	246.0	246.0	248.0	248.0	500
					0
2019-04-22	238.0	232.0	238.0	232.0	1600
2019-04-23	220.0	220.0	238.0	222.0	1900
2019-04-23	220.0	220.0	238.0	222.0	
					0
					0
2019-04-26	210.0	204.0	210.0	210.0	5800
2019-04-29	210.0	210.0	238.0	220.0	2300
2019-04-30	202.0	202.0	210.0	208.0	1400
2019-05-02	208.0	208.0	220.0	210.0	2000
2019-05-03	200.0	180.0	260.0	260.0	6200
2019-05-06	260.0	220.0	260.0	220.0	1500
2019-05-07	220.0	220.0	220.0	220.0	100
2019-05-08	230.0	220.0	230.0	220.0	200
2019-05-09	220.0	206.0	220.0	210.0	11700
2019-05-10	210.0	200.0	210.0	200.0	
2019-05-10	210.0	200.0	210.0	200.0	600
					0
2019-05-14	200.0	170.0	248.0	200.0	5800
2019-05-15	200.0	200.0	200.0	200.0	1100
2019-05-15	200.0	200.0	200.0	200.0	
					0
2019-05-17	200.0	200.0	200.0	200.0	200
2019-05-20	200.0	200.0	200.0	200.0	500
2019-05-21	200.0	200.0	244.0	234.0	4300
2019-05-22	254.0	234.0	254.0	234.0	600
2019-05-23	254.0	254.0	254.0	254.0	
2019-05-23	254.0	254.0	254.0	254.0	100
					0
2019-05-27	240.0	210.0	240.0	220.0	20100
2019-05-28	240.0	228.0	240.0	228.0	200
2019-05-28	240.0	228.0	240.0	228.0	
					0
2019-05-31	248.0	200.0	248.0	200.0	600
2019-06-10	206.0	200.0	206.0	200.0	900
2019-06-11	224.0	204.0	224.0	204.0	400
2019-06-12	224.0	224.0	246.0	228.0	2200
2019-06-13	248.0	210.0	248.0	230.0	400
2019-06-14	250.0	250.0	250.0	250.0	100
2019-06-17	270.0	240.0	270.0	240.0	500
2019-06-18	230.0	230.0	230.0	230.0	300
2019-06-19	250.0	250.0	250.0	250.0	100
2019-06-20	270.0	270.0	270.0	270.0	100
2019-06-21	290.0	206.0	290.0	228.0	11100
2019-06-24	228.0	228.0	228.0	228.0	7300
2019-06-25	228.0	228.0	228.0	228.0	
2019-06-25	228.0	228.0	228.0	228.0	100
					0
2019-06-27	228.0	228.0	240.0	240.0	3400
2019-06-28	220.0	220.0	234.0	234.0	500
2019-07-01	234.0	234.0	234.0	234.0	400
2019-07-02	234.0	200.0	234.0	200.0	44600
2019-07-03	200.0	200.0	200.0	200.0	15600
2019-07-04	204.0	202.0	204.0	202.0	500
2019-07-05	202.0	183.0	202.0	188.0	3100
2019-07-08	188.0	186.0	188.0	186.0	1500
2019-07-09	186.0	186.0	186.0	186.0	2800
2019-07-10	186.0	186.0	187.0	187.0	600
2019-07-11	190.0	190.0	196.0	196.0	9600
2019-07-12	196.0	196.0	196.0	196.0	2400
2019-07-15	195.0	195.0	195.0	195.0	1100
2019-07-15	195.0	195.0	195.0	195.0	
					0
					0
2019-07-18	194.0	194.0	194.0	194.0	2500
2019-07-19	193.0	193.0	193.0	193.0	100
2019-07-19	193.0	193.0	193.0	193.0	
					0
					0
					0
2019-07-25	195.0	195.0	260.0	260.0	89500
2019-07-26	280.0	242.0	300.0	278.0	155000
2019-07-29	278.0	232.0	278.0	242.0	32300
2019-07-30	242.0	242.0	242.0	242.0	6100
2019-07-31	242.0	236.0	242.0	236.0	
2019-07-31	242.0	236.0	242.0	236.0	1200
					0
					0
2019-08-05	236.0	195.0	236.0	210.0	4200
2019-08-06	220.0	216.0	220.0	220.0	1000
2019-08-07	200.0	200.0	220.0	214.0	7700
2019-08-08	214.0	214.0	214.0	214.0	100
2019-08-09	196.0	195.0	206.0	200.0	8200
2019-08-12	200.0	200.0	200.0	200.0	1600
2019-08-13	204.0	204.0	204.0	204.0	500
2019-08-14	204.0	153.0	214.0	214.0	3200
2019-08-15	214.0	183.0	214.0	183.0	3600
2019-08-16	183.0	183.0	196.0	196.0	8800
2019-08-19	196.0	190.0	198.0	198.0	10900
2019-08-20	199.0	199.0	200.0	200.0	9100
2019-08-21	197.0	185.0	270.0	214.0	37300
2019-08-22	234.0	185.0	234.0	216.0	16700
2019-08-23	218.0	204.0	218.0	212.0	13600
2019-08-26	212.0	208.0	232.0	222.0	88800
2019-08-27	222.0	204.0	230.0	224.0	39400
2019-08-28	226.0	222.0	226.0	222.0	16400
2019-08-29	224.0	220.0	224.0	222.0	700
2019-08-30	222.0	222.0	222.0	222.0	100
2019-09-02	222.0	220.0	276.0	270.0	103600
2019-09-03	268.0	226.0	268.0	234.0	15000
2019-09-04	234.0	224.0	234.0	224.0	7100
2019-09-05	232.0	220.0	232.0	220.0	1700
2019-09-06	224.0	224.0	234.0	230.0	34400
2019-09-09	232.0	220.0	232.0	232.0	28900
2019-09-10	238.0	220.0	238.0	232.0	22400
2019-09-11	240.0	234.0	240.0	240.0	7900
2019-09-12	238.0	238.0	240.0	240.0	1300
2019-09-13	240.0	240.0	240.0	240.0	300
2019-09-16	240.0	240.0	240.0	240.0	200
2019-09-17	238.0	238.0	238.0	238.0	100
2019-09-18	240.0	240.0	288.0	278.0	61800
2019-09-19	278.0	242.0	278.0	244.0	24800
2019-09-20	246.0	244.0	288.0	286.0	47200
2019-09-23	278.0	250.0	294.0	254.0	21100
2019-09-24	254.0	248.0	254.0	254.0	12400
2019-09-25	254.0	254.0	278.0	278.0	2200
2019-09-26	276.0	242.0	276.0	242.0	7400
2019-09-27	254.0	248.0	258.0	250.0	36300
2019-09-30	250.0	248.0	254.0	254.0	28100
2019-10-01	232.0	216.0	254.0	248.0	39400
2019-10-02	252.0	248.0	254.0	248.0	5100
2019-10-03	254.0	250.0	254.0	252.0	6300
2019-10-04	252.0	252.0	252.0	252.0	37300
2019-10-04	252.0	252.0	252.0	252.0	
					0
2019-10-08	254.0	250.0	254.0	250.0	6400
2019-10-09	254.0	244.0	254.0	244.0	2000
2019-10-10	244.0	244.0	252.0	252.0	200
2019-10-11	252.0	190.0	252.0	190.0	9600
2019-10-14	191.0	191.0	256.0	230.0	23800
2019-10-15	240.0	230.0	254.0	250.0	6700
2019-10-16	252.0	232.0	252.0	232.0	20100
2019-10-17	212.0	212.0	212.0	212.0	1000
2019-10-18	234.0	212.0	258.0	250.0	32900
2019-10-21	250.0	204.0	256.0	254.0	71800
2019-10-22	252.0	204.0	254.0	224.0	4300
2019-10-23	228.0	220.0	256.0	240.0	12800
2019-10-24	244.0	206.0	244.0	218.0	4600
2019-10-25	240.0	220.0	256.0	254.0	17500
2019-10-28	274.0	250.0	274.0	252.0	20700
2019-10-29	252.0	206.0	252.0	252.0	7000
2019-10-30	252.0	252.0	252.0	252.0	400
2019-10-31	248.0	246.0	248.0	246.0	1100
2019-11-01	246.0	246.0	254.0	250.0	17400
2019-11-04	206.0	206.0	206.0	206.0	100
2019-11-05	212.0	212.0	252.0	236.0	800
2019-11-06	236.0	190.0	236.0	236.0	4400
2019-11-07	254.0	238.0	254.0	238.0	1400
2019-11-08	248.0	220.0	272.0	254.0	12400
2019-11-11	252.0	250.0	252.0	250.0	
2019-11-11	252.0	250.0	252.0	250.0	200
					0
2019-11-13	248.0	248.0	248.0	248.0	2000
2019-11-14	248.0	208.0	248.0	208.0	300
2019-11-15	218.0	218.0	224.0	224.0	
2019-11-15	218.0	218.0	224.0	224.0	800
					0
2019-11-19	256.0	250.0	256.0	250.0	12000
2019-11-20	250.0	250.0	250.0	250.0	1100
2019-11-21	250.0	250.0	258.0	250.0	15500
2019-11-22	256.0	256.0	256.0	256.0	100
2019-11-25	250.0	250.0	256.0	256.0	500
2019-11-26	234.0	234.0	234.0	234.0	100
2019-11-27	234.0	234.0	254.0	242.0	27000
2019-11-28	254.0	242.0	254.0	242.0	5600
2019-11-29	242.0	242.0	242.0	242.0	2000
2019-12-02	254.0	254.0	254.0	254.0	10000
2019-12-03	254.0	250.0	254.0	250.0	7000
2019-12-04	256.0	248.0	258.0	258.0	4800
2019-12-05	256.0	256.0	256.0	256.0	1400
2019-12-06	254.0	254.0	254.0	254.0	3300
2019-12-09	254.0	248.0	254.0	252.0	1500
2019-12-10	202.0	202.0	202.0	202.0	4600
2019-12-11	250.0	244.0	250.0	244.0	4900
2019-12-12	224.0	212.0	254.0	214.0	1700
2019-12-13	220.0	220.0	254.0	252.0	6900
2019-12-16	256.0	204.0	256.0	254.0	6900
2019-12-17	256.0	248.0	256.0	248.0	600
2019-12-18	268.0	240.0	268.0	240.0	2700
2019-12-19	254.0	208.0	254.0	216.0	14600
2019-12-20	220.0	220.0	250.0	242.0	400
2019-12-23	242.0	242.0	258.0	246.0	3100
2019-12-26	254.0	246.0	254.0	248.0	5900
2019-12-27	254.0	214.0	254.0	214.0	7000
2019-12-30	248.0	248.0	254.0	250.0	3300
2020-01-02	248.0	248.0	256.0	256.0	7100
2020-01-02	248.0	248.0	256.0	256.0	
					0
2020-01-06	248.0	242.0	248.0	248.0	3000
2020-01-07	232.0	204.0	232.0	204.0	1300
2020-01-08	210.0	210.0	248.0	248.0	700
2020-01-09	248.0	248.0	264.0	252.0	14800
2020-01-09	248.0	248.0	264.0	252.0	
					0
2020-01-13	252.0	252.0	252.0	252.0	300
2020-01-14	250.0	250.0	250.0	250.0	500
2020-01-15	254.0	200.0	256.0	250.0	8300
2020-01-15	254.0	200.0	256.0	250.0	
					0
2020-01-17	250.0	250.0	254.0	254.0	600
2020-01-20	240.0	240.0	258.0	240.0	20600
2020-01-21	256.0	256.0	256.0	256.0	100
2020-01-21	256.0	256.0	256.0	256.0	
					0
2020-01-23	254.0	254.0	310.0	300.0	36700
2020-01-24	300.0	280.0	300.0	296.0	5200
2020-01-27	300.0	222.0	300.0	282.0	26900
2020-01-27	300.0	222.0	300.0	282.0	
					0
					0
					0
2020-01-31	224.0	224.0	224.0	224.0	200
2020-02-03	224.0	182.0	280.0	266.0	25000
2020-02-04	286.0	220.0	286.0	258.0	50800
2020-02-05	258.0	204.0	260.0	258.0	6000
2020-02-06	258.0	258.0	258.0	258.0	3100
2020-02-07	258.0	258.0	258.0	258.0	1700
2020-02-10	258.0	258.0	258.0	258.0	100
2020-02-11	248.0	195.0	258.0	258.0	400
2020-02-12	250.0	250.0	254.0	254.0	400
2020-02-13	258.0	192.0	258.0	192.0	300
2020-02-14	193.0	192.0	210.0	210.0	1000
2020-02-17	206.0	206.0	210.0	210.0	1400
2020-02-18	220.0	212.0	262.0	212.0	25700
2020-02-19	250.0	240.0	262.0	258.0	5900
2020-02-20	258.0	256.0	258.0	256.0	16500
2020-02-21	256.0	202.0	256.0	202.0	1600
2020-02-24	250.0	204.0	252.0	204.0	1800
2020-02-25	234.0	234.0	234.0	234.0	100
2020-02-26	232.0	232.0	234.0	234.0	
2020-02-26	232.0	232.0	234.0	234.0	1000
					0
2020-02-28	236.0	236.0	258.0	258.0	19000
2020-03-02	242.0	242.0	274.0	274.0	30100
2020-03-03	266.0	262.0	268.0	262.0	7200
2020-03-04	256.0	204.0	262.0	222.0	1400
2020-03-05	230.0	230.0	258.0	258.0	5100
2020-03-06	258.0	258.0	258.0	258.0	
2020-03-06	258.0	258.0	258.0	258.0	100
					0
2020-03-10	258.0	258.0	258.0	258.0	200
2020-03-11	256.0	256.0	256.0	256.0	1500
2020-03-12	256.0	256.0	256.0	256.0	100
2020-03-13	254.0	254.0	256.0	254.0	300
2020-03-16	254.0	254.0	272.0	272.0	32400
2020-03-16	254.0	254.0	272.0	272.0	
					0
2020-03-18	300.0	270.0	338.0	270.0	1100
2020-03-19	270.0	270.0	270.0	270.0	500
2020-03-20	268.0	260.0	268.0	260.0	12400
2020-03-23	268.0	268.0	268.0	268.0	100
2020-03-24	262.0	262.0	262.0	262.0	500
2020-03-26	274.0	246.0	320.0	314.0	2800
2020-03-27	308.0	294.0	308.0	296.0	
2020-03-27	308.0	294.0	308.0	296.0	23600
					0
					0
2020-04-01	294.0	294.0	294.0	294.0	600
2020-04-02	292.0	290.0	292.0	290.0	7100
2020-04-03	290.0	288.0	300.0	290.0	4800
2020-04-06	290.0	290.0	290.0	290.0	1000
2020-04-07	282.0	270.0	282.0	274.0	3200
2020-04-08	272.0	272.0	330.0	324.0	
2020-04-08	272.0	272.0	330.0	324.0	27800
					0
					0
2020-04-14	320.0	310.0	324.0	316.0	3200
2020-04-15	314.0	294.0	316.0	294.0	20400
2020-04-16	274.0	274.0	274.0	274.0	22500
2020-04-17	272.0	272.0	272.0	272.0	16600
2020-04-20	272.0	272.0	278.0	278.0	25000
2020-04-21	278.0	260.0	278.0	260.0	15200
2020-04-22	278.0	260.0	278.0	260.0	200
2020-04-22	278.0	260.0	278.0	260.0	
					0
2020-04-24	274.0	260.0	274.0	274.0	30700
2020-04-27	274.0	260.0	274.0	260.0	
2020-04-27	274.0	260.0	274.0	260.0	7100
					0
2020-04-29	276.0	276.0	278.0	278.0	800
2020-04-30	270.0	270.0	270.0	270.0	100
2020-05-04	270.0	270.0	296.0	296.0	400
2020-05-04	270.0	270.0	296.0	296.0	
					0
2020-05-06	294.0	276.0	294.0	276.0	18600
2020-05-08	276.0	276.0	278.0	276.0	2400
2020-05-11	278.0	276.0	278.0	276.0	8300
2020-05-12	276.0	276.0	278.0	278.0	200
2020-05-13	282.0	282.0	282.0	282.0	100
2020-05-14	278.0	276.0	278.0	276.0	12700
2020-05-15	278.0	276.0	278.0	276.0	9100
2020-05-18	276.0	276.0	276.0	276.0	100
2020-05-19	276.0	276.0	276.0	276.0	4500
2020-05-20	276.0	276.0	278.0	278.0	1800
2020-05-26	278.0	278.0	278.0	278.0	1500
2020-05-27	278.0	278.0	278.0	278.0	2500
2020-05-28	278.0	278.0	278.0	278.0	100
2020-05-29	278.0	278.0	278.0	278.0	6200
2020-05-29	278.0	278.0	278.0	278.0	
					0
2020-06-03	280.0	280.0	284.0	284.0	9800
2020-06-03	280.0	280.0	284.0	284.0	
					0
2020-06-05	278.0	278.0	278.0	278.0	2500
2020-06-08	282.0	280.0	282.0	282.0	8500
2020-06-09	282.0	264.0	286.0	264.0	29600
2020-06-10	246.0	246.0	284.0	278.0	8800
2020-06-11	280.0	280.0	280.0	280.0	2000
2020-06-12	278.0	262.0	278.0	278.0	2400
2020-06-15	278.0	278.0	278.0	278.0	200
2020-06-16	278.0	276.0	278.0	276.0	21300
2020-06-17	274.0	274.0	274.0	274.0	200
2020-06-18	274.0	274.0	274.0	274.0	200
2020-06-19	274.0	274.0	274.0	274.0	
2020-06-19	274.0	274.0	274.0	274.0	100
					0
2020-06-23	280.0	280.0	280.0	280.0	100
2020-06-23	280.0	280.0	280.0	280.0	
					0
					0
2020-06-26	278.0	278.0	278.0	278.0	4000
2020-06-26	278.0	278.0	278.0	278.0	
					0
2020-06-30	278.0	278.0	278.0	278.0	100
2020-07-01	272.0	260.0	272.0	270.0	400
2020-07-02	270.0	268.0	270.0	268.0	300
2020-07-02	270.0	268.0	270.0	268.0	
					0
2020-07-06	268.0	268.0	268.0	268.0	100
2020-07-07	268.0	268.0	270.0	270.0	
2020-07-07	268.0	268.0	270.0	270.0	200
					0
					0
					0
					0
2020-07-14	270.0	270.0	270.0	270.0	100
2020-07-14	270.0	270.0	270.0	270.0	
					0
					0
2020-07-17	268.0	268.0	268.0	268.0	100
2020-07-20	268.0	268.0	268.0	268.0	100
2020-07-21	280.0	268.0	284.0	278.0	2000
2020-07-22	260.0	260.0	276.0	276.0	500
2020-07-23	274.0	270.0	274.0	270.0	1400
2020-07-24	270.0	260.0	270.0	270.0	
2020-07-24	270.0	260.0	270.0	270.0	8000
					0
2020-07-28	270.0	270.0	270.0	270.0	200
2020-07-29	270.0	270.0	270.0	270.0	
2020-07-29	270.0	270.0	270.0	270.0	100
					0
					0
2020-08-04	266.0	266.0	266.0	266.0	100
2020-08-04	266.0	266.0	266.0	266.0	
					0
2020-08-06	266.0	264.0	266.0	264.0	200
2020-08-07	280.0	270.0	280.0	280.0	2300
2020-08-10	278.0	278.0	278.0	278.0	
2020-08-10	278.0	278.0	278.0	278.0	19700
					0
2020-08-12	274.0	274.0	276.0	276.0	
2020-08-12	274.0	274.0	276.0	276.0	8100
					0
2020-08-14	276.0	276.0	278.0	278.0	11300
2020-08-18	278.0	278.0	278.0	278.0	100
2020-08-19	262.0	262.0	278.0	278.0	11000
2020-08-24	264.0	264.0	278.0	278.0	200
2020-08-25	278.0	260.0	278.0	278.0	5600
2020-08-26	278.0	276.0	278.0	276.0	11000
2020-08-27	278.0	274.0	278.0	276.0	13400
2020-08-28	274.0	260.0	276.0	276.0	12200
2020-08-31	274.0	272.0	274.0	272.0	500
2020-09-01	268.0	268.0	270.0	270.0	7300
2020-09-02	270.0	270.0	270.0	270.0	100
2020-09-03	278.0	270.0	278.0	276.0	3000
2020-09-04	274.0	272.0	274.0	272.0	1600
2020-09-07	256.0	256.0	256.0	256.0	100
2020-09-08	242.0	242.0	256.0	256.0	300
2020-09-09	266.0	266.0	270.0	270.0	300
2020-09-10	268.0	268.0	268.0	268.0	9900
2020-09-10	268.0	268.0	268.0	268.0	
					0
2020-09-14	268.0	268.0	268.0	268.0	11200
2020-09-15	268.0	268.0	278.0	278.0	12400
2020-09-15	268.0	268.0	278.0	278.0	
					0
2020-09-17	276.0	276.0	278.0	278.0	11500
2020-09-18	260.0	260.0	276.0	276.0	11200
2020-09-21	280.0	260.0	280.0	260.0	23000
2020-09-22	244.0	244.0	256.0	256.0	11600
2020-09-23	256.0	240.0	276.0	274.0	7300
2020-09-24	274.0	258.0	274.0	258.0	14400
2020-09-25	240.0	240.0	274.0	258.0	2800
2020-09-28	258.0	258.0	264.0	264.0	200
2020-09-29	268.0	264.0	268.0	264.0	11600
2020-09-29	268.0	264.0	268.0	264.0	
					0
2020-10-01	260.0	246.0	260.0	246.0	11900
2020-10-02	252.0	252.0	252.0	252.0	100
2020-10-05	280.0	236.0	280.0	236.0	7700
2020-10-06	274.0	220.0	274.0	238.0	15700
2020-10-07	238.0	222.0	270.0	270.0	18100
2020-10-08	270.0	252.0	270.0	262.0	2400
2020-10-09	262.0	250.0	262.0	250.0	12400
2020-10-12	260.0	258.0	260.0	258.0	200
2020-10-13	260.0	260.0	260.0	260.0	100
2020-10-14	260.0	258.0	260.0	260.0	12000
2020-10-15	258.0	250.0	260.0	250.0	12300
2020-10-16	294.0	234.0	294.0	234.0	18200
2020-10-19	234.0	220.0	288.0	220.0	10200
2020-10-20	208.0	208.0	270.0	270.0	9500
2020-10-21	270.0	264.0	270.0	264.0	5900
2020-10-22	284.0	260.0	284.0	260.0	500
2020-10-23	270.0	242.0	270.0	242.0	1200
2020-10-26	242.0	240.0	242.0	240.0	1100
2020-10-27	224.0	224.0	240.0	240.0	200
2020-11-02	224.0	224.0	268.0	268.0	10000
2020-11-03	270.0	262.0	270.0	268.0	12500
2020-11-04	268.0	268.0	268.0	268.0	100
2020-11-05	270.0	250.0	270.0	260.0	400
2020-11-06	322.0	288.0	322.0	288.0	4200
2020-11-09	288.0	270.0	288.0	270.0	7100
2020-11-10	270.0	252.0	270.0	268.0	8600
2020-11-11	268.0	250.0	268.0	250.0	20500
2020-11-12	236.0	234.0	274.0	258.0	30500
2020-11-13	260.0	240.0	260.0	240.0	17300
2020-11-16	242.0	230.0	242.0	232.0	31900
2020-11-17	232.0	216.0	242.0	240.0	8100
2020-11-18	250.0	224.0	250.0	228.0	22700
2020-11-19	250.0	228.0	250.0	234.0	3100
2020-11-20	250.0	218.0	250.0	226.0	22800
2020-11-23	226.0	212.0	238.0	234.0	8400
2020-11-24	230.0	218.0	230.0	220.0	9500
2020-11-25	220.0	220.0	226.0	226.0	1700
2020-11-26	230.0	224.0	242.0	226.0	6000
2020-11-27	232.0	230.0	232.0	230.0	200
2020-11-30	230.0	230.0	264.0	250.0	49500
2020-12-01	236.0	236.0	254.0	254.0	16300
2020-12-02	250.0	248.0	250.0	248.0	3200
2020-12-03	248.0	232.0	252.0	236.0	19900
2020-12-04	220.0	220.0	268.0	248.0	6300
2020-12-07	268.0	232.0	288.0	248.0	37400
2020-12-08	240.0	232.0	260.0	236.0	3500
2020-12-10	236.0	236.0	260.0	258.0	4000
2020-12-11	240.0	240.0	258.0	258.0	400
2020-12-14	254.0	242.0	266.0	256.0	3600
2020-12-15	256.0	256.0	260.0	260.0	2600
2020-12-16	244.0	244.0	260.0	260.0	200
2020-12-17	258.0	256.0	260.0	260.0	7600
2020-12-18	260.0	252.0	260.0	252.0	1700
2020-12-21	260.0	260.0	260.0	260.0	100
2020-12-22	244.0	244.0	258.0	258.0	600
2020-12-23	242.0	240.0	242.0	240.0	400
2020-12-28	242.0	226.0	268.0	266.0	11700
2020-12-29	256.0	256.0	262.0	262.0	14300
2020-12-30	262.0	260.0	262.0	260.0	200
2021-01-04	266.0	266.0	266.0	266.0	300
2021-01-05	266.0	266.0	266.0	266.0	300
2021-01-06	266.0	250.0	266.0	260.0	600
2021-01-07	266.0	266.0	268.0	268.0	500
2021-01-08	252.0	252.0	268.0	268.0	6900
2021-01-11	268.0	266.0	268.0	266.0	5700
2021-01-12	266.0	266.0	266.0	266.0	200
2021-01-13	264.0	264.0	264.0	264.0	12200
2021-01-14	262.0	248.0	262.0	252.0	12600
2021-01-15	252.0	252.0	268.0	256.0	10500
2021-01-18	256.0	254.0	256.0	256.0	5900
2021-01-19	260.0	256.0	314.0	312.0	51100
2021-01-20	312.0	292.0	312.0	292.0	3700
2021-01-21	280.0	272.0	280.0	272.0	1300
2021-01-22	254.0	254.0	254.0	254.0	2300
2021-01-25	238.0	238.0	248.0	248.0	20700
2021-01-26	232.0	232.0	260.0	248.0	3700
2021-01-27	260.0	232.0	260.0	232.0	28700
2021-01-28	260.0	240.0	260.0	240.0	2300
2021-01-29	240.0	238.0	274.0	274.0	58100
2021-02-01	274.0	256.0	274.0	268.0	26100
2021-02-02	262.0	258.0	268.0	268.0	16500
2021-02-02	262.0	258.0	268.0	268.0	
					0
2021-02-04	258.0	258.0	260.0	260.0	12700
2021-02-05	260.0	260.0	260.0	260.0	200
2021-02-08	260.0	242.0	260.0	256.0	27700
2021-02-09	256.0	256.0	270.0	266.0	20400
2021-02-10	264.0	256.0	264.0	256.0	13800
2021-02-11	242.0	242.0	246.0	246.0	14400
2021-02-15	246.0	246.0	248.0	246.0	31400
2021-02-16	238.0	238.0	246.0	246.0	13800
2021-02-17	238.0	238.0	250.0	250.0	14500
2021-02-18	236.0	236.0	268.0	268.0	19200
2021-02-19	250.0	250.0	266.0	266.0	15500
2021-02-22	264.0	250.0	264.0	264.0	14000
2021-02-23	260.0	250.0	260.0	258.0	15200
2021-02-24	250.0	240.0	250.0	250.0	22800
2021-02-25	250.0	250.0	266.0	262.0	36800
2021-02-26	262.0	262.0	266.0	264.0	27400
2021-03-01	264.0	262.0	264.0	262.0	14400
2021-03-02	262.0	260.0	262.0	260.0	17200
2021-03-03	266.0	260.0	266.0	266.0	16400
2021-03-04	266.0	260.0	266.0	264.0	20000
2021-03-05	264.0	260.0	266.0	260.0	43300
2021-03-08	260.0	260.0	266.0	264.0	16600
2021-03-09	260.0	260.0	264.0	260.0	1600
2021-03-10	260.0	260.0	266.0	264.0	3200
2021-03-12	270.0	260.0	270.0	266.0	7100
2021-03-15	268.0	260.0	268.0	264.0	3400
2021-03-16	266.0	266.0	266.0	266.0	100
2021-03-17	266.0	264.0	266.0	266.0	14300
2021-03-18	266.0	258.0	266.0	260.0	15200
2021-03-19	258.0	258.0	260.0	260.0	11700
2021-03-22	264.0	256.0	264.0	258.0	900
2021-03-23	264.0	258.0	264.0	260.0	17400
2021-03-24	260.0	250.0	266.0	264.0	15900
2021-03-25	258.0	256.0	264.0	264.0	28800
2021-03-26	264.0	264.0	264.0	264.0	200
2021-03-29	258.0	258.0	264.0	264.0	200
2021-03-30	250.0	250.0	286.0	266.0	15800
2021-03-31	266.0	260.0	266.0	266.0	10700
2021-04-01	266.0	262.0	284.0	268.0	44800
2021-04-05	268.0	268.0	268.0	268.0	15500
2021-04-06	268.0	252.0	268.0	266.0	600
2021-04-07	268.0	262.0	268.0	262.0	4100
2021-04-08	268.0	252.0	268.0	264.0	1700
2021-04-09	264.0	256.0	268.0	256.0	3700
2021-04-12	256.0	256.0	276.0	260.0	8500
2021-04-13	270.0	258.0	270.0	268.0	15200
2021-04-14	268.0	260.0	270.0	270.0	28100
2021-04-15	270.0	266.0	280.0	266.0	55500
2021-04-16	278.0	268.0	282.0	270.0	104400
2021-04-19	270.0	268.0	288.0	270.0	7600
2021-04-20	280.0	256.0	336.0	264.0	129600
2021-04-21	270.0	256.0	294.0	268.0	28100
2021-04-22	268.0	252.0	334.0	268.0	111000
2021-04-23	274.0	262.0	320.0	270.0	156100
2021-04-26	270.0	270.0	278.0	272.0	21500
2021-04-27	270.0	270.0	280.0	274.0	92000
2021-04-28	272.0	258.0	274.0	272.0	2100
2021-04-29	270.0	258.0	274.0	272.0	1900
2021-04-30	256.0	254.0	270.0	254.0	31900
2021-05-03	268.0	240.0	268.0	240.0	2800
2021-05-04	248.0	240.0	290.0	270.0	384500
2021-05-05	270.0	270.0	272.0	272.0	2000
2021-05-06	272.0	258.0	278.0	270.0	94800
2021-05-07	260.0	252.0	270.0	270.0	15300
2021-05-10	270.0	260.0	270.0	270.0	1100
2021-05-11	270.0	260.0	270.0	270.0	14500
2021-05-17	272.0	266.0	272.0	266.0	10500
2021-05-18	266.0	258.0	274.0	270.0	59100
2021-05-19	270.0	268.0	270.0	270.0	1200
2021-05-20	270.0	270.0	270.0	270.0	100
2021-05-21	270.0	270.0	270.0	270.0	200
2021-05-24	260.0	252.0	262.0	252.0	12000
2021-05-25	242.0	236.0	260.0	250.0	16300
2021-05-27	252.0	250.0	252.0	250.0	4200
2021-05-28	250.0	234.0	250.0	248.0	10400
2021-05-31	248.0	242.0	248.0	244.0	4900
2021-06-02	244.0	240.0	270.0	260.0	45800
2021-06-03	270.0	250.0	270.0	258.0	4100
2021-06-04	270.0	248.0	270.0	270.0	21100
2021-06-07	260.0	260.0	270.0	260.0	4800
2021-06-08	274.0	252.0	274.0	274.0	38000
2021-06-09	272.0	270.0	274.0	270.0	1500
2021-06-10	270.0	270.0	274.0	270.0	10800
2021-06-11	270.0	268.0	270.0	270.0	1300
2021-06-14	270.0	270.0	270.0	270.0	100
2021-06-15	268.0	268.0	268.0	268.0	300
2021-06-16	270.0	268.0	270.0	268.0	500
2021-06-17	268.0	268.0	270.0	270.0	400
2021-06-18	260.0	258.0	274.0	270.0	4300
2021-06-21	260.0	256.0	272.0	256.0	3300
2021-06-22	270.0	250.0	320.0	320.0	1038500
2021-06-23	350.0	350.0	400.0	400.0	146900
2021-06-24	500.0	500.0	500.0	500.0	23300
2021-06-25	625.0	466.0	625.0	466.0	2368700
2021-06-28	466.0	434.0	476.0	434.0	184200
2021-06-29	420.0	404.0	540.0	540.0	1170900
2021-06-30	620.0	505.0	645.0	585.0	1314700
2021-07-01	585.0	545.0	585.0	545.0	112200
2021-07-02	545.0	510.0	545.0	540.0	178900
2021-07-05	540.0	510.0	600.0	550.0	151500
2021-07-06	560.0	520.0	580.0	570.0	133900
2021-07-07	565.0	535.0	565.0	535.0	50800
2021-07-08	498.0	498.0	550.0	498.0	47100
2021-07-09	464.0	464.0	580.0	580.0	649200
2021-07-12	600.0	550.0	725.0	725.0	453300
2021-07-12	600.0	550.0	725.0	725.0	
					0
2021-07-14	775.0	675.0	870.0	675.0	437600
2021-07-15	630.0	630.0	630.0	630.0	146100
2021-07-16	590.0	590.0	590.0	590.0	139100
2021-07-19	550.0	550.0	620.0	605.0	605200
2021-07-21	590.0	565.0	605.0	565.0	63500
2021-07-22	530.0	530.0	530.0	530.0	36000
2021-07-23	494.0	494.0	494.0	494.0	71500
2021-07-26	460.0	460.0	535.0	462.0	357100
2021-07-27	462.0	436.0	470.0	438.0	72400
2021-07-28	438.0	418.0	468.0	430.0	63200
2021-07-29	432.0	410.0	450.0	422.0	67900
2021-07-30	424.0	402.0	424.0	404.0	57900
2021-08-02	404.0	378.0	408.0	400.0	87500
2021-08-03	400.0	372.0	400.0	372.0	148800
2021-08-04	368.0	346.0	368.0	346.0	116800
2021-08-05	340.0	324.0	348.0	344.0	50800
2021-08-06	344.0	340.0	384.0	342.0	77900
2021-08-09	350.0	348.0	380.0	350.0	122200
2021-08-10	350.0	336.0	352.0	352.0	8400
2021-08-12	340.0	334.0	370.0	364.0	13400
2021-08-13	364.0	340.0	364.0	348.0	30000
2021-08-16	348.0	324.0	348.0	342.0	23700
2021-08-18	324.0	324.0	342.0	326.0	12300
2021-08-19	326.0	304.0	326.0	318.0	22800
2021-08-20	296.0	296.0	318.0	316.0	41000
2021-08-23	312.0	294.0	312.0	300.0	30900
2021-08-24	300.0	284.0	304.0	300.0	22400
2021-08-25	302.0	302.0	302.0	302.0	2500
2021-08-26	298.0	290.0	372.0	352.0	346700
2021-08-27	370.0	328.0	370.0	328.0	177900
2021-08-30	326.0	308.0	398.0	318.0	187800
2021-08-31	318.0	318.0	368.0	340.0	109700
2021-09-01	326.0	326.0	336.0	332.0	5200
2021-09-02	332.0	322.0	352.0	332.0	18700
2021-09-03	332.0	314.0	340.0	336.0	9000
2021-09-06	334.0	322.0	336.0	330.0	7300
2021-09-07	322.0	314.0	350.0	350.0	30900
2021-09-08	350.0	328.0	350.0	346.0	4100
2021-09-09	328.0	326.0	336.0	336.0	13300
2021-09-10	336.0	322.0	356.0	338.0	2300
2021-09-13	338.0	316.0	338.0	316.0	20300
2021-09-14	338.0	314.0	338.0	328.0	5100
2021-09-15	328.0	324.0	338.0	330.0	1900
2021-09-16	330.0	312.0	346.0	342.0	4700
2021-09-17	322.0	320.0	398.0	324.0	433300
2021-09-20	320.0	320.0	330.0	330.0	1400
2021-09-21	332.0	330.0	332.0	332.0	1400
2021-09-22	332.0	322.0	350.0	324.0	10000
2021-09-23	324.0	318.0	380.0	318.0	90400
2021-09-24	318.0	318.0	356.0	350.0	203800
2021-09-27	350.0	330.0	352.0	352.0	35200
2021-09-28	354.0	352.0	378.0	376.0	83900
2021-09-29	376.0	350.0	376.0	368.0	19900
2021-09-30	368.0	344.0	382.0	382.0	108000
2021-10-01	382.0	376.0	400.0	400.0	27800
2021-10-04	400.0	372.0	402.0	372.0	93900
2021-10-05	372.0	346.0	400.0	400.0	100700
2021-10-06	400.0	380.0	470.0	432.0	133600
2021-10-07	430.0	402.0	432.0	402.0	86600
2021-10-08	400.0	374.0	400.0	374.0	16200
2021-10-11	374.0	374.0	438.0	398.0	17500
2021-10-12	398.0	392.0	420.0	412.0	611100
2021-10-13	412.0	384.0	414.0	384.0	144300
2021-10-14	384.0	358.0	384.0	358.0	76200
2021-10-15	350.0	334.0	356.0	348.0	163800
2021-10-18	348.0	330.0	348.0	332.0	44400
2021-10-19	332.0	324.0	350.0	340.0	27200
2021-10-21	340.0	318.0	340.0	330.0	20500
2021-10-22	330.0	322.0	348.0	344.0	4100
2021-10-25	350.0	344.0	350.0	346.0	7600
2021-10-26	346.0	322.0	346.0	338.0	32800
2021-10-27	340.0	322.0	346.0	324.0	11900
2021-10-28	342.0	324.0	342.0	338.0	13300
2021-10-29	338.0	338.0	338.0	338.0	2800
2021-11-01	338.0	334.0	338.0	338.0	1800
2021-11-02	338.0	320.0	338.0	338.0	18200
2021-11-03	338.0	316.0	340.0	340.0	30100
2021-11-04	338.0	330.0	338.0	330.0	10600
2021-11-05	330.0	330.0	412.0	412.0	642300
2021-11-08	422.0	384.0	450.0	390.0	875200
2021-11-09	386.0	384.0	426.0	420.0	146700
2021-11-10	420.0	402.0	470.0	452.0	275500
2021-11-11	450.0	428.0	464.0	444.0	146600
2021-11-12	444.0	432.0	450.0	446.0	37300
2021-11-15	450.0	416.0	450.0	424.0	24900
2021-11-16	440.0	414.0	452.0	436.0	65500
2021-11-17	420.0	406.0	448.0	422.0	86100
2021-11-18	430.0	408.0	440.0	430.0	92100
2021-11-19	430.0	420.0	440.0	430.0	54800
2021-11-22	430.0	410.0	436.0	420.0	16200
2021-11-23	406.0	394.0	420.0	398.0	13100
2021-11-24	398.0	398.0	428.0	410.0	6400
2021-11-25	420.0	408.0	426.0	418.0	4200
2021-11-26	424.0	396.0	424.0	396.0	2300
2021-11-29	396.0	372.0	420.0	372.0	56300
2021-11-30	384.0	372.0	416.0	372.0	27200
2021-12-01	396.0	390.0	418.0	390.0	21800
2021-12-02	400.0	390.0	418.0	398.0	9700
2021-12-03	410.0	398.0	410.0	404.0	1300
2021-12-06	406.0	400.0	428.0	412.0	63500
2021-12-07	398.0	394.0	412.0	404.0	24800
2021-12-08	404.0	404.0	430.0	404.0	14300
2021-12-09	410.0	400.0	418.0	410.0	4100
2021-12-10	410.0	396.0	420.0	416.0	7900
2021-12-13	416.0	398.0	500.0	460.0	376900
2021-12-14	458.0	428.0	460.0	436.0	179400
2021-12-15	446.0	438.0	478.0	448.0	221300
2021-12-16	448.0	442.0	460.0	450.0	38100
2021-12-17	448.0	448.0	452.0	448.0	21000
2021-12-20	438.0	426.0	450.0	450.0	2200
2021-12-21	450.0	442.0	450.0	442.0	17400
2021-12-22	450.0	440.0	450.0	440.0	2400
2021-12-23	440.0	430.0	440.0	430.0	10300
2021-12-24	432.0	430.0	450.0	438.0	17300
2021-12-27	440.0	434.0	450.0	438.0	12400
2021-12-28	440.0	438.0	454.0	448.0	21800
2021-12-29	448.0	440.0	448.0	440.0	900
2021-12-30	450.0	440.0	450.0	442.0	1800
2022-01-03	442.0	442.0	448.0	446.0	900
2022-01-04	446.0	444.0	545.0	500.0	42000
2022-01-05	466.0	466.0	466.0	466.0	15100
2022-01-06	446.0	440.0	460.0	446.0	11100
2022-01-07	444.0	436.0	444.0	436.0	11300
2022-01-10	436.0	430.0	436.0	436.0	5700
2022-01-11	436.0	430.0	436.0	436.0	1800
2022-01-12	430.0	420.0	450.0	420.0	1100
2022-01-13	420.0	400.0	428.0	408.0	6100
2022-01-14	428.0	400.0	436.0	400.0	19700
2022-01-17	418.0	418.0	440.0	432.0	13600
2022-01-18	438.0	402.0	440.0	402.0	8300
2022-01-19	438.0	380.0	438.0	380.0	22500
2022-01-20	416.0	354.0	430.0	354.0	4200
2022-01-21	380.0	360.0	442.0	380.0	574100
2022-01-24	384.0	370.0	396.0	372.0	106300
2022-01-25	372.0	346.0	372.0	346.0	74800
2022-01-26	350.0	336.0	380.0	360.0	24300
2022-01-27	360.0	352.0	382.0	352.0	44800
2022-01-28	360.0	328.0	360.0	328.0	108600
2022-01-31	328.0	328.0	348.0	328.0	13500
2022-02-02	328.0	326.0	358.0	342.0	7100
2022-02-03	346.0	330.0	346.0	330.0	33400
2022-02-04	332.0	332.0	400.0	380.0	61000
2022-02-07	390.0	354.0	400.0	378.0	23600
2022-02-08	402.0	360.0	402.0	384.0	15400
2022-02-09	384.0	374.0	400.0	394.0	15500
2022-02-10	394.0	374.0	394.0	388.0	9100
2022-02-11	386.0	386.0	388.0	386.0	4900
2022-02-14	400.0	388.0	400.0	388.0	1500
2022-02-15	388.0	386.0	388.0	388.0	6900
2022-02-16	388.0	388.0	410.0	394.0	42400
2022-02-17	394.0	394.0	410.0	402.0	12100
2022-02-18	402.0	400.0	436.0	428.0	184000
2022-02-21	428.0	414.0	432.0	424.0	43600
2022-02-22	428.0	418.0	430.0	422.0	21600
2022-02-23	422.0	422.0	430.0	426.0	4100
2022-02-24	426.0	416.0	426.0	422.0	57500
2022-02-25	422.0	396.0	450.0	410.0	3900
2022-03-01	410.0	410.0	430.0	422.0	14900
2022-03-02	422.0	422.0	422.0	422.0	14500
2022-03-04	424.0	410.0	424.0	410.0	3500
2022-03-07	420.0	410.0	430.0	418.0	81600
2022-03-08	426.0	414.0	426.0	414.0	32400
2022-03-09	414.0	386.0	432.0	422.0	38400
2022-03-10	422.0	420.0	426.0	424.0	18100
2022-03-11	424.0	418.0	424.0	418.0	7400
2022-03-14	432.0	420.0	432.0	422.0	31300
2022-03-15	420.0	394.0	420.0	410.0	23200
2022-03-16	410.0	410.0	410.0	410.0	100
2022-03-17	410.0	410.0	410.0	410.0	100
2022-03-18	414.0	410.0	422.0	422.0	1100
2022-03-21	420.0	408.0	422.0	420.0	2600
2022-03-22	420.0	418.0	420.0	418.0	2200
2022-03-23	418.0	410.0	418.0	410.0	4100
2022-03-24	410.0	400.0	410.0	410.0	1500
2022-03-25	410.0	410.0	410.0	410.0	2400
2022-03-28	410.0	386.0	410.0	410.0	1100
2022-03-29	410.0	406.0	440.0	426.0	85900
2022-03-30	426.0	418.0	432.0	426.0	13800
2022-03-31	426.0	416.0	426.0	422.0	4200
2022-04-01	424.0	420.0	426.0	422.0	4200
2022-04-04	428.0	418.0	500.0	440.0	239600
2022-04-05	438.0	418.0	438.0	418.0	17400
2022-04-06	418.0	410.0	430.0	410.0	17300
2022-04-07	434.0	422.0	434.0	424.0	2800
2022-04-08	430.0	428.0	430.0	430.0	700
2022-04-11	434.0	420.0	440.0	434.0	14100
2022-04-12	422.0	422.0	430.0	428.0	1200
2022-04-13	428.0	426.0	434.0	428.0	3900
2022-04-14	434.0	410.0	434.0	428.0	6600
2022-04-18	428.0	400.0	428.0	402.0	23300
2022-04-19	402.0	374.0	420.0	402.0	16800
2022-04-20	402.0	374.0	428.0	422.0	17100
2022-04-21	420.0	394.0	420.0	410.0	11000
2022-04-22	418.0	382.0	418.0	416.0	9300
2022-04-25	416.0	388.0	416.0	406.0	2300
2022-04-26	424.0	378.0	428.0	378.0	7600
2022-04-27	378.0	378.0	414.0	402.0	4800
2022-04-28	428.0	374.0	428.0	376.0	12500
2022-05-09	376.0	376.0	428.0	406.0	8400
2022-05-10	400.0	398.0	400.0	398.0	12700
2022-05-11	398.0	380.0	426.0	410.0	1500
2022-05-12	426.0	402.0	426.0	408.0	8300
2022-05-13	408.0	400.0	418.0	408.0	2400
2022-05-17	404.0	380.0	404.0	390.0	3000
2022-05-18	390.0	378.0	410.0	400.0	2000
2022-05-19	410.0	380.0	410.0	380.0	900
2022-05-20	428.0	360.0	428.0	400.0	14900
2022-05-23	400.0	380.0	400.0	398.0	2500
2022-05-24	398.0	396.0	398.0	396.0	500
2022-05-25	384.0	384.0	396.0	396.0	200
2022-05-27	392.0	380.0	392.0	380.0	1800
2022-05-30	426.0	402.0	426.0	416.0	3100
2022-05-31	416.0	414.0	420.0	414.0	1200
2022-06-02	418.0	408.0	418.0	412.0	1300
2022-06-03	424.0	420.0	424.0	424.0	700
2022-06-06	424.0	424.0	424.0	424.0	100
2022-06-07	424.0	424.0	424.0	424.0	100
2022-06-08	424.0	400.0	424.0	422.0	3400
2022-06-09	422.0	418.0	424.0	422.0	3500
2022-06-10	414.0	412.0	420.0	420.0	500
2022-06-13	424.0	424.0	424.0	424.0	100
2022-06-14	400.0	396.0	400.0	396.0	500
2022-06-15	406.0	406.0	406.0	406.0	3900
2022-06-16	420.0	418.0	420.0	418.0	200
2022-06-17	418.0	418.0	418.0	418.0	100
2022-06-20	422.0	414.0	426.0	414.0	800
2022-06-21	414.0	412.0	414.0	412.0	16100
2022-06-22	424.0	412.0	424.0	412.0	14700
2022-06-23	434.0	420.0	434.0	424.0	22200
2022-06-24	434.0	428.0	434.0	428.0	4500
2022-06-27	428.0	428.0	432.0	428.0	700
2022-06-28	428.0	424.0	428.0	426.0	1700
2022-06-29	426.0	420.0	446.0	434.0	24100
2022-06-30	438.0	432.0	438.0	434.0	300
2022-07-01	438.0	412.0	438.0	430.0	2500
2022-07-04	416.0	400.0	426.0	424.0	3700
2022-07-05	424.0	424.0	448.0	436.0	
2022-07-05	424.0	424.0	448.0	436.0	4700
					0
2022-07-07	434.0	426.0	434.0	426.0	4300
2022-07-08	426.0	420.0	426.0	426.0	1800
2022-07-11	424.0	412.0	424.0	412.0	3300
2022-07-12	412.0	400.0	444.0	410.0	3100
2022-07-13	430.0	428.0	430.0	428.0	
2022-07-13	430.0	428.0	430.0	428.0	200
					0
2022-07-15	426.0	402.0	426.0	402.0	2400
2022-07-18	410.0	400.0	424.0	408.0	16000
2022-07-19	400.0	400.0	400.0	400.0	2500
2022-07-20	422.0	418.0	426.0	426.0	900
2022-07-21	426.0	426.0	426.0	426.0	100
2022-07-21	426.0	426.0	426.0	426.0	
					0
					0
2022-07-26	422.0	422.0	426.0	422.0	300
2022-07-26	422.0	422.0	426.0	422.0	
					0
2022-07-28	422.0	422.0	422.0	422.0	400
2022-07-29	422.0	396.0	422.0	414.0	300
2022-08-01	426.0	426.0	426.0	426.0	100
2022-08-01	426.0	426.0	426.0	426.0	
					0
					0
					0
					0
2022-08-08	420.0	420.0	420.0	420.0	400
2022-08-08	420.0	420.0	420.0	420.0	
					0
2022-08-10	420.0	420.0	420.0	420.0	100
2022-08-11	420.0	420.0	424.0	420.0	1800
2022-08-11	420.0	420.0	424.0	420.0	
					0
					0
2022-08-16	420.0	420.0	420.0	420.0	100
2022-08-18	400.0	400.0	420.0	418.0	700
2022-08-19	424.0	424.0	424.0	424.0	200
2022-08-22	422.0	422.0	422.0	422.0	
2022-08-22	422.0	422.0	422.0	422.0	300
					0
2022-08-24	420.0	420.0	420.0	420.0	100
2022-08-25	424.0	420.0	424.0	422.0	300
2022-08-26	422.0	410.0	422.0	422.0	5300
2022-08-29	406.0	400.0	406.0	400.0	500
2022-08-30	400.0	400.0	412.0	412.0	6000
2022-08-31	420.0	416.0	424.0	416.0	700
2022-09-01	424.0	420.0	448.0	428.0	23600
2022-09-02	428.0	428.0	432.0	428.0	700
2022-09-05	428.0	420.0	428.0	428.0	500
2022-09-06	428.0	426.0	428.0	426.0	
2022-09-06	428.0	426.0	428.0	426.0	400
					0
2022-09-08	438.0	420.0	438.0	420.0	2800
2022-09-09	418.0	418.0	418.0	418.0	100
2022-09-12	434.0	424.0	434.0	426.0	2200
2022-09-13	426.0	420.0	426.0	426.0	300
2022-09-14	426.0	400.0	448.0	410.0	20900
2022-09-15	422.0	416.0	448.0	436.0	47100
2022-09-16	434.0	428.0	434.0	430.0	4300
2022-09-19	430.0	428.0	446.0	436.0	6800
2022-09-20	438.0	406.0	444.0	406.0	21600
2022-09-21	406.0	390.0	436.0	402.0	44600
2022-09-22	414.0	386.0	414.0	386.0	15500
2022-09-23	386.0	372.0	448.0	386.0	58600
2022-09-26	406.0	374.0	426.0	404.0	10500
2022-09-27	402.0	384.0	402.0	384.0	1200
2022-09-28	402.0	386.0	426.0	408.0	24700
2022-09-29	392.0	386.0	392.0	388.0	3300
2022-09-30	388.0	388.0	388.0	388.0	3200
2022-10-03	386.0	386.0	412.0	410.0	6400
2022-10-04	426.0	420.0	426.0	420.0	800
2022-10-05	420.0	400.0	420.0	400.0	700
2022-10-06	418.0	406.0	418.0	406.0	13300
2022-10-07	422.0	422.0	424.0	424.0	200
2022-10-10	416.0	416.0	416.0	416.0	9200
2022-10-11	416.0	410.0	416.0	412.0	700
2022-10-12	412.0	386.0	426.0	426.0	6400
2022-10-13	426.0	426.0	426.0	426.0	400
2022-10-14	426.0	398.0	426.0	406.0	6600
2022-10-14	426.0	398.0	426.0	406.0	
					0
2022-10-18	406.0	400.0	418.0	418.0	800
2022-10-19	390.0	390.0	424.0	390.0	11600
2022-10-20	382.0	372.0	382.0	378.0	2500
2022-10-21	382.0	382.0	434.0	418.0	31700
2022-10-24	416.0	408.0	432.0	426.0	16200
2022-10-25	426.0	426.0	426.0	426.0	1600
2022-10-26	426.0	402.0	432.0	402.0	1900
2022-10-27	402.0	400.0	426.0	424.0	6000
2022-10-28	424.0	416.0	424.0	424.0	300
2022-10-31	424.0	414.0	424.0	420.0	500
2022-11-01	420.0	410.0	420.0	420.0	2300
2022-11-02	424.0	404.0	444.0	424.0	13200
2022-11-03	424.0	408.0	448.0	408.0	6400
2022-11-04	426.0	380.0	426.0	398.0	3300
2022-11-07	412.0	410.0	412.0	410.0	700
2022-11-08	410.0	400.0	410.0	410.0	500
2022-11-09	420.0	420.0	420.0	420.0	300
2022-11-10	394.0	394.0	412.0	410.0	600
2022-11-11	410.0	410.0	424.0	418.0	2300
2022-11-14	424.0	424.0	424.0	424.0	400
2022-11-15	424.0	420.0	440.0	422.0	14900
2022-11-16	422.0	408.0	422.0	408.0	500
2022-11-17	426.0	402.0	434.0	424.0	5900
2022-11-18	418.0	418.0	448.0	420.0	41700
2022-11-21	426.0	396.0	426.0	424.0	900
2022-11-22	426.0	414.0	456.0	414.0	2100
2022-11-23	414.0	410.0	424.0	412.0	900
2022-11-24	414.0	410.0	420.0	420.0	2300
2022-11-25	420.0	392.0	420.0	396.0	3400
2022-11-28	408.0	408.0	414.0	414.0	300
2022-11-29	412.0	412.0	432.0	414.0	7000
2022-11-30	414.0	390.0	430.0	400.0	12700
2022-12-01	400.0	396.0	416.0	412.0	11200
2022-12-02	424.0	400.0	424.0	418.0	4900
2022-12-05	398.0	398.0	418.0	404.0	1700
2022-12-06	400.0	376.0	402.0	402.0	4400
2022-12-07	412.0	408.0	414.0	410.0	500
2022-12-08	400.0	398.0	416.0	400.0	800
2022-12-09	400.0	400.0	420.0	410.0	1400
2022-12-12	424.0	416.0	424.0	422.0	500
2022-12-13	394.0	394.0	420.0	398.0	900
2022-12-14	408.0	384.0	410.0	398.0	3000
2022-12-15	398.0	398.0	418.0	408.0	700
2022-12-16	404.0	390.0	404.0	404.0	4400
2022-12-19	414.0	400.0	416.0	400.0	900
2022-12-20	416.0	408.0	418.0	408.0	600
2022-12-21	414.0	388.0	414.0	406.0	400
2022-12-22	412.0	384.0	412.0	384.0	700
2022-12-23	410.0	404.0	414.0	404.0	500
2022-12-26	404.0	404.0	404.0	404.0	100
2022-12-27	402.0	402.0	404.0	404.0	200
2022-12-28	404.0	404.0	424.0	416.0	7500
2022-12-29	416.0	414.0	424.0	414.0	3400
2022-12-30	420.0	396.0	420.0	398.0	1000
